2124.55885 21.288 1.423
2129.49386 19.722 0.086
2132.51272 19.585 0.077
2136.51298 19.924 0.138
2140.53047 19.956 0.144
2143.51275 19.705 0.116
2166.61547 19.365 0.082
2171.58827 20.165 0.163
2178.54072 19.770 0.162
2193.51745 19.789 0.113
2349.88846 19.558 0.067
2356.90186 19.689 0.081
2365.80963 19.468 0.105
2378.92572 19.679 0.107
2385.77503 19.510 0.076
2389.73977 19.543 0.092
2392.70178 19.921 0.227
2396.90078 19.788 0.135
2400.91131 19.578 0.092
2402.79865 19.594 0.075
2404.79790 19.634 0.059
2406.73635 19.489 0.078
2414.69944 19.466 0.078
2416.67534 19.692 0.110
2424.63427 19.715 0.108
2431.89345 19.560 0.106
2433.84686 19.502 0.087
2435.64544 19.444 0.066
2437.88066 19.684 0.131
2440.72520 19.657 0.074
2443.83016 19.852 0.126
2445.84558 19.624 0.077
2446.87202 19.538 0.109
2453.54213 19.698 0.132
2458.62178 19.923 0.130
2460.82235 19.861 0.170
2462.81294 19.724 0.091
2463.79642 18.866 0.034
2465.72742 19.502 0.062
2467.70484 19.479 0.054
2469.74494 19.616 0.064
2471.55521 19.492 0.069
2473.72338 19.715 0.088
2484.49432 19.538 0.118
2489.62078 19.706 0.069
2492.57343 19.525 0.086
2494.62098 19.534 0.086
2496.68072 19.519 0.056
2498.72125 19.623 0.090
2500.74640 19.691 0.090
2510.66020 19.392 0.090
2516.60655 19.331 0.090
2519.52130 19.653 0.088
2524.56944 19.583 0.084
2528.60102 20.064 0.160
2539.51807 19.748 0.101
2544.55702 19.469 0.079
2553.54800 20.648 0.394
2560.51770 19.596 0.184
2568.52231 19.828 0.169
2710.88356 19.649 0.076
2725.87885 19.716 0.078
2731.81818 19.686 0.070
2735.91010 19.442 0.070
2747.87861 19.527 0.131
2754.89447 19.591 0.071
2758.86772 20.118 0.209
2764.86286 19.765 0.089
2769.76381 19.541 0.067
2783.65323 19.547 0.071
2785.66889 19.542 0.073
2787.73135 19.664 0.091
2789.84305 19.698 0.081
2791.83211 19.556 0.074
2793.87866 19.657 0.111
2795.80594 19.511 0.061
2797.79326 19.593 0.067
2809.58543 19.519 0.089
2811.57463 19.728 0.143
2812.78958 19.536 0.096
2814.66859 19.559 0.062
2815.83184 19.514 0.081
2817.56628 19.679 0.100
2818.84211 19.766 0.093
2820.57766 19.646 0.103
2826.55220 19.492 0.072
2834.58881 19.374 0.149
2836.51121 19.563 0.088
2838.51952 19.525 0.095
2841.54595 19.619 0.083
2844.52773 19.389 0.062
2847.57161 20.039 0.185
2850.75373 19.525 0.080
2852.74826 19.629 0.107
2855.55139 19.782 0.113
2857.64052 19.495 0.077
2866.50925 19.554 0.099
2869.56008 19.673 0.090
2875.57127 19.760 0.095
2882.52613 19.707 0.087
2885.57944 19.462 0.093
2892.49831 19.689 0.118
2895.52076 19.582 0.097
2900.65733 19.356 0.107
2906.58293 19.607 0.101
2912.53111 19.628 0.095
2922.54756 19.698 0.136
2933.56474 19.616 0.118
3054.85966 19.622 0.094
5283.91766 19.679 0.096
5284.92405 20.164 0.306
5293.92228 19.980 0.143
5300.92732 19.905 0.118
5307.87010 19.706 0.072
5312.79447 19.915 0.123
5314.75587 19.779 0.108
5315.89918 19.790 0.136
5319.90556 19.894 0.225
5322.92746 19.818 0.105
5337.92968 19.823 0.149
5340.65914 19.737 0.140
5342.87234 19.677 0.141
5343.91383 19.644 0.149
5349.78543 19.564 0.089
5352.79370 19.753 0.088
5359.62691 19.673 0.100
5364.77163 19.853 0.121
5376.79323 19.817 0.136
5377.72087 19.863 0.106
5379.76159 19.666 0.075
5387.71919 19.728 0.064
5390.76499 19.790 0.076
5395.82406 19.758 0.136
5404.55055 19.809 0.097
5408.53787 19.767 0.134
5411.77181 19.202 0.082
5418.70358 19.439 0.063
5430.63030 19.837 0.136
5437.50592 19.888 0.103
5445.63341 19.716 0.070
5458.48419 19.715 0.132
5459.60965 19.739 0.099
5461.55967 19.671 0.196
5463.59453 19.760 0.127
5464.55429 19.848 0.143
5469.61514 19.617 0.100
5472.57319 19.727 0.105
5478.53602 19.696 0.096
5487.51136 19.805 0.118
5490.51195 19.703 0.181
5611.88925 19.590 0.090
5616.87286 19.674 0.097
5620.89184 19.719 0.099
5624.87449 19.682 0.077
5626.84549 19.804 0.113
5628.80504 19.804 0.146
5630.80853 19.841 0.094
5631.90714 19.593 0.128
5632.81241 19.815 0.103
5634.79148 19.879 0.099
5635.90694 20.025 0.144
5637.82551 19.635 0.105
5638.83137 19.665 0.093
5640.79373 19.855 0.145
5642.78886 19.610 0.087
5644.76775 19.604 0.131
5649.77067 19.677 0.077
5650.90041 20.135 0.133
5653.76374 19.825 0.073
5655.79712 19.799 0.087
5657.81969 19.844 0.072
5659.71678 19.946 0.126
5660.79369 19.525 0.066
5662.91317 19.724 0.081
5665.79104 19.661 0.087
5668.90376 19.878 0.140
5671.74823 19.563 0.094
5679.80836 19.930 0.118
5681.69099 19.815 0.091
5682.89957 19.886 0.089
5684.86845 19.942 0.095
5686.85062 19.884 0.101
5689.75604 19.688 0.076
5691.77927 19.783 0.095
5692.91296 19.995 0.131
5694.67464 20.014 0.107
5695.84325 19.879 0.083
5696.92925 19.624 0.092
5698.67154 19.489 0.108
5705.71485 19.948 0.137
5707.61887 19.753 0.101
5708.69511 19.899 0.088
5712.71219 19.705 0.078
5715.56697 19.815 0.101
5716.76109 19.888 0.083
5722.56175 19.717 0.096
5722.57508 19.883 0.099
5723.75388 19.895 0.088
5725.62148 19.635 0.073
5726.80179 20.045 0.180
5734.77091 19.870 0.143
5736.59386 19.703 0.067
5737.67446 19.765 0.057
5740.56440 19.777 0.117
5741.63409 20.022 0.099
5742.66674 19.869 0.068
5743.79577 19.629 0.090
5744.84269 19.742 0.123
5746.61271 19.766 0.095
5747.78179 19.924 0.151
5749.79970 20.264 0.209
5753.74274 19.630 0.250
5760.67639 20.141 0.166
5763.57957 19.918 0.075
5764.67177 19.748 0.069
5766.51165 19.782 0.090
5767.67478 19.658 0.082
5768.78342 19.750 0.087
5775.59811 19.970 0.126
5777.71021 19.845 0.076
5786.69980 20.099 0.185
5788.64018 19.796 0.109
5791.52929 19.760 0.112
5794.66117 19.802 0.092
5798.67840 20.095 0.189
5804.54610 19.708 0.097
5807.55489 19.718 0.106
5813.61726 20.243 0.153
5817.48498 19.894 0.109
5819.58213 19.897 0.115
5827.48839 19.790 0.176
5828.60073 19.803 0.105
5830.57428 19.739 0.105
5832.59646 19.583 0.113
5835.54811 19.874 0.170
5846.50839 19.747 0.185
5851.56035 19.931 0.132
5862.51186 19.892 0.148
5976.85828 20.206 0.156
5980.86736 19.787 0.118
5985.82151 20.127 0.187
5987.90102 19.650 0.084
5990.85524 19.782 0.085
5993.81622 20.014 0.176
5995.83877 19.743 0.085
5997.87050 19.708 0.080
5999.86933 20.073 0.117
6004.91251 19.756 0.097
6006.90823 19.784 0.073
6008.84078 19.867 0.096
6010.77245 19.857 0.095
6011.90255 19.724 0.114
6013.82338 19.773 0.076
6015.75179 19.662 0.073
6016.83912 19.785 0.074
6018.76122 19.770 0.107
6019.86160 19.684 0.059
6020.92035 19.773 0.094
6022.76559 19.826 0.093
6023.82723 19.872 0.089
6024.83219 19.757 0.081
6025.90440 19.679 0.100
6032.92031 19.834 0.077
6035.84354 19.652 0.070
6037.89848 19.735 0.081
6040.74028 19.816 0.097
6045.92453 19.752 0.089
6046.93546 20.052 0.193
6048.87426 19.910 0.090
6050.79550 19.808 0.089
6052.86017 19.827 0.105
6054.90211 19.751 0.139
6060.81431 19.843 0.090
6061.70225 19.645 0.094
6062.85187 19.728 0.087
6064.86058 19.758 0.081
6066.70429 19.732 0.087
6067.77979 19.687 0.070
6068.93508 19.803 0.093
6070.68255 19.582 0.079
6071.73494 19.768 0.077
6075.82054 19.915 0.075
6077.75102 19.927 0.099
6078.80612 19.749 0.070
6079.88258 19.909 0.086
6080.66930 19.852 0.115
6080.91963 19.728 0.077
6085.72004 19.973 0.123
6086.71912 19.737 0.072
6088.58998 19.693 0.071
6092.65400 19.445 0.059
6093.84634 20.073 0.161
6096.63551 19.839 0.096
6097.84282 19.558 0.089
6100.85228 20.192 0.253
6102.50404 20.533 0.376
6103.52003 20.165 0.148
6104.59688 19.728 0.068
6105.65589 19.877 0.096
6108.73087 20.055 0.108
6113.68670 19.734 0.112
6114.78650 19.863 0.117
6116.51031 19.760 0.074
6117.58118 19.797 0.075
6118.64417 19.720 0.072
6119.67677 19.837 0.076
6120.79463 19.946 0.128
6123.54315 19.911 0.098
6124.67343 20.060 0.101
6125.76256 19.691 0.070
6127.62465 19.759 0.094
6131.75052 19.959 0.117
6133.75814 19.829 0.103
6140.73205 19.757 0.192
6148.71373 20.076 0.113
6151.71800 19.725 0.089
6154.69566 19.758 0.091
6158.71235 19.925 0.101
6161.50498 19.703 0.099
6179.50283 20.396 0.202
6181.60533 19.668 0.085
6184.61013 19.878 0.090
6190.57719 19.731 0.074
6195.59012 19.752 0.096
6203.52379 19.809 0.124
6205.56354 19.638 0.073
6210.52185 20.141 0.140
6217.52821 19.663 0.073
6223.55530 19.670 0.144
6339.86594 19.957 0.092
6344.86261 19.662 0.067
6353.80174 20.186 0.144
6361.81172 19.774 0.078
6363.84488 19.777 0.082
6369.79260 19.843 0.087
6371.78693 19.693 0.060
6372.77966 19.697 0.076
6373.91169 18.377 0.031
6375.88074 17.985 0.016
6377.83526 18.231 0.018
6379.76674 18.384 0.028
6380.90473 18.529 0.028
6382.83624 18.548 0.033
6387.76459 18.867 0.031
6388.89915 19.205 0.045
6390.76067 19.729 0.078
6393.74298 19.202 0.054
6395.76358 19.379 0.049
6397.72627 19.253 0.045
6398.91452 19.279 0.054
6400.93173 19.274 0.117
6402.86988 19.434 0.061
6404.80786 19.637 0.068
6407.74152 20.344 0.168
6409.88701 20.064 0.188
6416.83118 19.723 0.067
6418.69046 20.030 0.127
6419.84245 20.218 0.132
6421.80945 19.698 0.074
6423.83208 19.950 0.103
6426.64439 19.887 0.090
6428.82965 19.593 0.077
6431.92575 19.871 0.140
6433.68478 19.957 0.119
6434.87110 19.648 0.079
6436.62199 19.574 0.101
6442.66776 19.746 0.081
6444.81758 19.760 0.098
6445.91619 19.432 0.099
6446.82576 19.877 0.072
6447.87775 19.625 0.067
6448.90723 20.091 0.177
6450.55888 19.761 0.117
6451.62543 19.798 0.100
6452.68451 19.858 0.062
6454.79694 19.685 0.076
6456.66049 19.689 0.053
6457.90210 19.748 0.104
6459.58487 19.693 0.081
6460.77906 19.740 0.084
6462.65558 19.755 0.090
6463.80030 20.045 0.115
6464.88108 19.770 0.140
6469.69011 19.988 0.139
6472.83280 19.909 0.135
6474.58347 19.854 0.100
6475.67301 19.754 0.077
6476.73261 19.843 0.089
6477.80752 19.993 0.159
6480.54947 19.913 0.129
6481.64611 19.831 0.113
6485.51760 19.891 0.108
6486.67549 19.754 0.082
6487.76240 19.627 0.061
6490.55340 19.691 0.078
6491.72003 19.831 0.088
6496.47685 20.191 0.264
6498.50217 19.746 0.070
6500.54308 19.468 0.098
6504.71257 19.768 0.115
6506.72769 19.806 0.111
6509.51172 19.740 0.064
6510.70093 19.904 0.091
6514.66220 19.833 0.068
6518.49348 19.765 0.080
6525.51001 19.647 0.111
6529.68184 20.087 0.224
6533.59746 19.866 0.094
6538.57173 19.764 0.085
6543.61849 19.870 0.105
6547.57161 19.736 0.295
6558.62689 19.722 0.116
6562.59628 19.880 0.090
6565.49916 19.793 0.120
6568.59713 19.823 0.126
6571.56822 19.841 0.133
6579.49550 19.596 0.112
6583.51898 19.617 0.161
