5260.87825 20.263 0.122
5261.80922 20.403 0.159
5262.84681 20.253 0.408
5265.86364 20.231 0.129
5266.81005 20.246 0.136
5267.83727 20.546 0.169
5268.83970 20.185 0.111
5269.80339 20.142 0.105
5270.80907 20.082 0.095
5271.80389 20.085 0.114
5272.80975 20.089 0.136
5273.79475 20.280 0.143
5274.81322 20.248 0.135
5275.79957 20.285 0.167
5276.77774 20.040 0.118
5276.90522 20.466 0.139
5277.81428 20.447 0.252
5278.80985 20.434 0.169
5279.81112 21.016 0.413
5280.81773 20.314 0.122
5281.79765 20.220 0.108
5282.82037 20.277 0.121
5283.78049 20.192 0.145
5283.87179 20.347 0.127
5284.78608 20.328 0.206
5285.77693 20.300 0.203
5285.90692 20.092 0.126
5286.79253 20.250 0.222
5287.84571 20.261 0.130
5288.77110 20.471 0.215
5289.82297 20.189 0.149
5293.85091 20.329 0.126
5294.75870 20.337 0.123
5294.79578 20.189 0.086
5294.83317 20.300 0.095
5294.86327 20.172 0.074
5294.90429 20.259 0.096
5295.76018 20.404 0.117
5295.79865 20.077 0.095
5295.83661 20.233 0.105
5295.87476 20.374 0.097
5295.91378 20.186 0.100
5296.80377 20.350 0.098
5296.83824 20.487 0.100
5296.87602 20.300 0.084
5297.75708 20.168 0.100
5297.79708 20.159 0.091
5297.83498 20.349 0.098
5297.87301 20.385 0.100
5297.91195 20.275 0.115
5298.79790 20.417 0.124
5298.83565 20.403 0.129
5298.87386 20.278 0.086
5298.91337 20.196 0.098
5299.74473 20.018 0.092
5299.82008 19.899 0.071
5299.85805 20.716 0.160
5299.89849 20.435 0.125
5300.85350 20.332 0.104
5300.89413 20.550 0.143
5301.74918 20.302 0.125
5301.78685 20.198 0.107
5301.82415 20.256 0.112
5301.86240 20.095 0.119
5301.90261 20.887 0.361
5303.91013 20.259 0.199
5304.74716 20.417 0.202
5306.68279 20.200 0.142
5306.71988 20.444 0.134
5306.78422 20.327 0.107
5306.84748 20.138 0.094
5306.88739 20.409 0.110
5306.92540 20.265 0.118
5307.73328 20.089 0.115
5307.79690 20.386 0.106
5307.83490 20.360 0.130
5307.87610 20.305 0.106
5307.91372 20.214 0.112
5308.72573 20.092 0.119
5308.78701 20.387 0.108
5308.82447 20.516 0.135
5308.86485 20.278 0.114
5309.69919 20.388 0.185
5309.79213 20.297 0.112
5309.83464 20.240 0.100
5309.87935 20.431 0.119
5309.91680 20.405 0.124
5310.68415 20.109 0.149
5310.76801 20.072 0.123
5310.83039 20.224 0.115
5310.87665 21.100 0.246
5310.91415 20.144 0.091
5311.80443 20.250 0.139
5311.86282 20.305 0.125
5311.90765 20.505 0.168
5312.73325 20.435 0.197
5312.77435 20.130 0.152
5312.81348 20.383 0.166
5312.85803 20.302 0.154
5312.89761 20.526 0.174
5313.80703 20.621 0.247
5313.84709 20.516 0.203
5313.88638 20.579 0.242
5313.92390 20.345 0.199
5314.69675 20.071 0.179
5314.73712 20.336 0.204
5314.77711 20.729 0.292
5314.82064 20.321 0.155
5314.87207 20.055 0.148
5314.90946 19.993 0.127
5315.67498 20.605 0.363
5315.71825 20.207 0.236
5315.76025 20.430 0.222
5315.79765 20.167 0.145
5315.83691 20.227 0.204
5315.87855 20.177 0.189
5315.91783 19.905 0.170
5316.71331 20.717 0.342
5316.75640 20.306 0.258
5316.79339 20.185 0.235
5316.83725 20.338 0.262
5319.80938 20.381 0.194
5319.85339 20.353 0.200
5320.67300 20.268 0.220
5320.71538 20.431 0.198
5320.75407 20.261 0.180
5320.79175 20.479 0.185
5320.83245 20.286 0.146
5320.87328 20.281 0.160
5320.91278 20.315 0.158
5321.67065 20.315 0.242
5321.73852 20.391 0.161
5321.77827 20.069 0.112
5321.81626 20.252 0.159
5321.85799 20.473 0.163
5321.89535 20.276 0.136
5321.93246 20.029 0.155
5322.82388 19.934 0.105
5322.86646 20.428 0.160
5322.89169 19.718 0.115
5322.93201 20.746 0.235
5323.71613 20.134 0.150
5323.75617 20.101 0.120
5323.79551 20.270 0.128
5323.83748 20.342 0.148
5323.87638 20.015 0.110
5323.91384 20.151 0.150
5324.65494 20.063 0.150
5324.71982 20.642 0.198
5324.75718 20.352 0.148
5324.79564 19.999 0.142
5324.83633 20.150 0.142
5324.87371 20.031 0.117
5324.91436 20.108 0.108
5325.65024 20.095 0.111
5325.71024 20.163 0.110
5325.74821 20.260 0.115
5325.78541 20.422 0.134
5325.82726 20.273 0.118
5325.87236 20.119 0.115
5325.91116 20.016 0.124
5326.62165 20.212 0.232
5326.68530 20.335 0.150
5326.74613 20.916 0.221
5326.78378 20.450 0.104
5326.82346 20.464 0.139
5326.86115 19.985 0.108
5326.89957 20.270 0.128
5327.62525 20.301 0.120
5327.69963 20.160 0.116
5327.77083 20.494 0.154
5327.80982 20.162 0.124
5327.84800 20.145 0.106
5327.88707 20.218 0.128
5327.92491 20.320 0.138
5328.62151 19.988 0.118
5328.72662 20.234 0.112
5328.76529 20.142 0.101
5328.80275 20.398 0.152
5328.84358 20.174 0.113
5328.88132 20.359 0.137
5328.91896 19.790 0.086
5329.71920 20.472 0.165
5334.67032 20.082 0.195
5334.75038 20.213 0.114
5334.80713 20.420 0.136
5334.84856 20.119 0.119
5334.88901 20.119 0.150
5334.92679 20.206 0.163
5335.73213 20.351 0.094
5335.77139 20.319 0.168
5335.81209 20.353 0.129
5335.85054 20.057 0.109
5335.88816 20.053 0.137
5335.92717 20.206 0.135
5336.80546 20.084 0.105
5336.89712 20.136 0.147
5336.93471 20.020 0.147
5337.78151 20.498 0.149
5337.82130 20.081 0.125
5337.85970 20.220 0.177
5337.89752 20.235 0.169
5337.93594 20.422 0.277
5338.77915 20.403 0.224
5338.82178 20.174 0.195
5338.87848 20.194 0.243
5339.65632 20.333 0.206
5339.69427 20.111 0.154
5339.76089 20.394 0.128
5339.85364 20.347 0.200
5339.89374 20.329 0.283
5339.93168 20.591 0.259
5340.64034 20.029 0.215
5340.67970 20.585 0.291
5340.76598 20.378 0.207
5340.82233 20.612 0.310
5340.86097 20.234 0.194
5340.89877 19.986 0.184
5340.93644 20.238 0.214
5341.61087 19.980 0.134
5341.68407 20.260 0.144
5341.79166 20.374 0.154
5341.83013 20.285 0.139
5341.86791 20.060 0.127
5341.90820 20.246 0.145
5342.58240 19.994 0.233
5342.61980 20.283 0.200
5342.65749 20.276 0.196
5342.69488 20.380 0.186
5342.73306 20.229 0.146
5342.77638 20.205 0.188
5342.81558 20.328 0.205
5342.85370 20.144 0.150
5342.89133 20.631 0.267
5342.92921 20.080 0.214
5343.60063 20.006 0.216
5343.63826 20.150 0.205
5343.67592 20.394 0.236
5343.71371 20.238 0.166
5343.75170 20.470 0.192
5343.79240 19.996 0.148
5343.83137 20.107 0.166
5343.88218 19.904 0.156
5343.92005 20.528 0.264
5348.61837 20.333 0.219
5348.71314 20.090 0.192
5348.77866 20.366 0.173
5348.81659 20.247 0.170
5348.86076 20.231 0.139
5348.89906 20.263 0.210
5348.93874 20.233 0.242
5349.61572 20.520 0.331
5349.72658 20.312 0.177
5349.79212 20.163 0.152
5349.82969 20.921 0.386
5350.62951 20.489 0.248
5350.66748 20.137 0.179
5350.70485 20.428 0.184
5350.74578 21.178 0.456
5351.61103 20.555 0.222
5351.67626 20.427 0.147
5351.75942 20.298 0.148
5351.84384 20.262 0.149
5351.90218 20.298 0.187
5352.62487 20.470 0.200
5352.68773 20.395 0.116
5352.77368 20.567 0.186
5352.85640 20.353 0.154
5352.89855 20.170 0.149
5353.57903 20.539 0.190
5353.66185 20.465 0.134
5353.74197 20.486 0.131
5353.79341 20.233 0.110
5353.83114 20.531 0.158
5353.88115 20.322 0.167
5354.59705 20.331 0.147
5354.68687 20.280 0.132
5354.78387 20.172 0.121
5354.84291 20.500 0.175
5354.88310 20.059 0.155
5354.92159 20.424 0.228
5355.62738 20.177 0.136
5355.71172 20.422 0.140
5355.79893 20.658 0.209
5355.83956 20.125 0.141
5355.88487 19.984 0.192
5357.62603 20.436 0.177
5357.71100 20.228 0.118
5357.80357 20.270 0.190
5357.88496 20.132 0.154
5358.77318 20.378 0.190
5359.59453 20.077 0.173
5359.63563 20.348 0.162
5359.69053 20.358 0.155
5359.73881 19.981 0.119
5359.78751 20.529 0.167
5359.83156 20.219 0.142
5359.87130 20.210 0.190
5361.63738 20.038 0.161
5361.68339 20.475 0.221
5362.59800 20.294 0.181
5362.69729 20.524 0.165
5362.79915 20.140 0.140
5362.89285 19.778 0.130
5364.53669 20.512 0.257
5364.58113 20.431 0.146
5364.66841 20.289 0.129
5364.76383 20.029 0.116
5364.80498 19.850 0.117
5364.84445 20.364 0.185
5364.88441 20.281 0.182
5365.55395 20.350 0.211
5365.60132 20.225 0.145
5365.69181 20.315 0.121
5365.78650 20.398 0.153
5365.84286 20.203 0.151
5365.88146 20.252 0.197
5368.62884 20.332 0.212
5369.71358 19.955 0.179
5369.75935 19.993 0.164
5369.79802 20.357 0.240
5369.83715 21.130 0.438
5376.64342 20.445 0.235
5376.68434 20.253 0.189
5376.72327 20.432 0.235
5376.76164 20.308 0.188
5376.79979 20.064 0.157
5376.83779 20.185 0.235
5376.87570 20.125 0.268
5377.53253 20.617 0.251
5377.61531 20.309 0.191
5377.68338 20.087 0.115
5377.73228 20.269 0.142
5377.77532 20.237 0.153
5377.81304 20.656 0.224
5377.85124 20.310 0.197
5378.50743 20.726 0.221
5378.59115 20.298 0.117
5378.67974 20.183 0.101
5378.73717 20.395 0.116
5378.77521 20.182 0.102
5378.81371 20.357 0.148
5378.85362 20.235 0.180
5379.49253 20.290 0.183
5379.54292 20.217 0.139
5379.62778 20.256 0.121
5379.71475 20.461 0.151
5379.76800 20.520 0.153
5379.80587 20.207 0.153
5379.84395 20.296 0.214
5380.50396 20.461 0.219
5380.54183 20.034 0.109
5380.60997 20.043 0.110
5380.69704 20.254 0.111
5380.73771 20.381 0.141
5380.77570 20.137 0.117
5380.81381 20.737 0.328
5380.85182 20.210 0.265
5381.55133 20.380 0.174
5381.58882 21.094 0.511
5381.64761 19.839 0.139
5381.68883 20.200 0.159
5381.72684 20.555 0.330
5381.76510 19.902 0.168
5381.81191 20.195 0.210
5381.85004 19.834 0.157
5382.54006 20.723 0.327
5382.58445 20.532 0.263
5382.62738 20.283 0.222
5382.66870 20.371 0.197
5382.70870 20.624 0.250
5382.74672 20.207 0.179
5382.79147 19.985 0.167
5382.83524 20.100 0.220
5384.77655 20.475 0.260
5384.83042 20.510 0.355
5385.48601 20.698 0.248
5385.56783 20.097 0.085
5385.82457 20.381 0.119
5386.47137 20.318 0.177
5386.51232 20.378 0.183
5386.59441 20.151 0.125
5386.67881 20.720 0.220
5386.69340 20.178 0.096
5386.75774 20.238 0.103
5386.79717 20.208 0.106
5386.83912 20.114 0.109
5387.54229 20.261 0.108
5387.70166 20.135 0.088
5387.74007 20.256 0.096
5387.78094 20.112 0.103
5387.82430 20.187 0.128
5388.48187 20.614 0.241
5388.51975 20.360 0.150
5388.60697 20.475 0.115
5388.71428 20.314 0.129
5388.77874 20.610 0.183
5388.82186 19.980 0.127
5389.48092 20.962 0.432
5389.51901 20.239 0.145
5389.58280 20.160 0.109
5389.68797 20.185 0.104
5389.76995 20.539 0.180
5389.80914 20.304 0.147
5389.84885 20.546 0.258
5390.55224 20.363 0.181
5390.59805 20.768 0.245
5390.68362 20.202 0.168
5390.73374 20.083 0.096
5390.77159 20.339 0.113
5390.80932 20.295 0.128
5391.50341 20.344 0.212
5391.54329 20.481 0.272
5391.58069 20.120 0.111
5391.68997 20.543 0.153
5391.79519 20.090 0.129
5391.83291 20.097 0.137
5392.48054 20.032 0.149
5392.51842 20.325 0.158
5392.55840 20.161 0.133
5392.66483 20.397 0.151
5392.77277 20.285 0.131
5392.81045 20.001 0.109
5393.62584 20.178 0.167
5393.66530 20.437 0.206
5393.70364 20.149 0.157
5393.74395 20.247 0.218
5393.78714 19.881 0.131
5393.82489 19.964 0.166
5395.81959 20.381 0.208
5396.53925 20.209 0.240
5396.61444 20.668 0.223
5396.67674 20.407 0.151
5396.71132 20.255 0.130
5396.78392 20.053 0.109
5397.58911 19.931 0.185
5397.63894 20.797 0.397
5397.67716 20.346 0.217
5397.75945 20.087 0.190
5402.65377 20.116 0.411
5403.46859 20.163 0.174
5403.50605 20.068 0.124
5403.54329 20.167 0.143
5403.58119 20.436 0.183
5403.62248 20.671 0.229
5403.66107 20.377 0.170
5403.69886 20.416 0.178
5403.73969 19.882 0.126
5403.77763 20.256 0.253
5404.48139 20.215 0.145
5404.51927 20.357 0.164
5404.55706 20.080 0.138
5404.59546 20.101 0.160
5404.63807 20.182 0.138
5404.67763 20.318 0.174
5404.71652 20.537 0.224
5404.75603 20.077 0.138
5405.61518 20.177 0.199
5405.65446 20.693 0.264
5405.69439 20.191 0.157
5405.73214 20.201 0.187
5405.76964 20.050 0.128
5407.46912 20.661 0.364
5407.50893 20.874 0.278
5407.58557 19.996 0.158
5407.62598 20.306 0.210
5407.66428 20.265 0.201
5407.70320 20.577 0.258
5407.74127 20.856 0.301
5407.77912 20.192 0.193
5408.53345 20.314 0.212
5408.58081 20.192 0.158
5408.62107 20.290 0.168
5408.65885 20.507 0.233
5408.69756 20.297 0.177
5408.73548 20.010 0.145
5408.77316 20.170 0.227
5409.48339 20.291 0.143
5409.52464 20.451 0.163
5409.63052 20.384 0.116
5409.73753 20.102 0.124
5409.77530 20.250 0.165
5410.48760 20.399 0.180
5410.52575 20.373 0.156
5410.63405 20.079 0.113
5410.74121 20.366 0.181
5410.77966 20.395 0.173
5411.50219 20.088 0.107
5411.56261 20.282 0.096
5411.67075 20.315 0.099
5411.75471 20.392 0.185
5412.52586 20.168 0.149
5412.56424 20.898 0.336
5412.60429 20.482 0.201
5412.64250 19.890 0.125
5412.68572 20.125 0.126
5412.75993 20.345 0.218
5413.50550 20.909 0.255
5413.58947 20.239 0.115
5413.69734 20.351 0.123
5413.75771 19.933 0.117
5414.48593 20.370 0.130
5414.52371 20.602 0.139
5414.63346 20.232 0.088
5414.74428 20.449 0.159
5416.60258 20.476 0.226
5416.64851 20.345 0.161
5416.71133 20.344 0.174
5418.56710 20.420 0.129
5418.61134 20.066 0.101
5418.66636 20.407 0.138
5418.71298 20.453 0.157
5421.51990 18.795 0.040
5421.57924 18.795 0.034
5421.62530 18.742 0.041
5421.66812 18.796 0.040
5421.71387 18.806 0.038
5422.50304 19.038 0.050
5422.54714 18.921 0.034
5422.67101 19.108 0.039
5423.48481 19.126 0.039
5423.52670 19.136 0.040
5423.63145 19.119 0.050
5425.49374 19.326 0.060
5425.53490 19.552 0.066
5426.50217 19.613 0.150
5426.54122 19.349 0.097
5426.69245 19.494 0.169
5430.48809 19.666 0.115
5430.52796 19.729 0.104
5430.57277 19.563 0.105
5430.61196 19.634 0.092
5430.64999 19.706 0.110
5431.48913 19.630 0.099
5431.52859 19.856 0.113
5431.56791 19.660 0.104
5431.60942 19.820 0.110
5431.64702 19.762 0.124
5431.68796 19.644 0.139
5432.62497 19.737 0.130
5432.66786 19.601 0.133
5433.64261 19.644 0.146
5433.68790 20.023 0.177
5434.51978 19.995 0.142
5434.56411 19.984 0.124
5434.60709 19.988 0.118
5434.64957 19.899 0.112
5434.69192 20.022 0.140
5435.49131 19.733 0.104
5435.53426 19.678 0.091
5435.60094 19.846 0.096
5435.65450 19.774 0.088
5435.69515 19.700 0.092
5436.48905 19.846 0.099
5436.58794 19.988 0.130
5436.70222 19.921 0.122
5437.54348 19.825 0.077
5437.67452 19.731 0.091
5438.52437 19.763 0.118
5438.58967 19.921 0.120
5438.66411 19.891 0.090
5438.70172 19.932 0.097
5439.53852 20.102 0.166
5439.57994 19.870 0.122
5439.61773 20.386 0.200
5439.65574 19.896 0.111
5443.51020 20.346 0.182
5443.54815 20.027 0.138
5443.59418 20.087 0.161
5443.63190 19.973 0.116
5443.67557 20.283 0.154
5444.50522 20.259 0.146
5444.55674 20.525 0.181
5444.60840 20.073 0.124
5444.64649 20.225 0.130
5445.47994 20.503 0.171
5445.57781 20.676 0.190
5445.65392 20.190 0.118
5446.48436 20.136 0.132
5446.53549 20.490 0.163
5446.57596 20.291 0.161
5446.61466 20.126 0.104
5446.65451 20.131 0.107
5447.50309 20.180 0.095
5447.54567 20.367 0.154
5447.60957 20.141 0.111
5448.47688 20.325 0.241
5448.52169 20.212 0.148
5448.57578 20.207 0.152
5449.47806 20.438 0.261
5449.51640 20.135 0.154
5449.54740 20.194 0.136
5449.63100 20.260 0.144
5450.51916 20.120 0.179
5450.55667 20.458 0.216
5450.60533 19.969 0.136
5450.64523 19.846 0.140
5451.51756 20.506 0.356
5451.64653 20.170 0.197
5453.47936 19.804 0.211
5453.57908 20.392 0.172
5457.49756 20.398 0.129
5457.55542 20.188 0.108
5457.60267 20.593 0.202
5458.48793 20.002 0.153
5458.54409 20.020 0.202
5458.58704 20.288 0.168
5459.50555 19.776 0.133
5459.55310 20.457 0.172
5459.60219 19.953 0.105
5460.49357 20.660 0.312
5460.53955 20.352 0.314
5461.50030 20.251 0.261
5461.54994 20.194 0.297
5461.59229 19.717 0.120
5462.48145 19.993 0.193
5462.56161 20.230 0.163
5463.51429 20.168 0.148
5463.58864 19.877 0.120
5464.50646 19.954 0.120
5464.54846 20.025 0.149
5465.51157 19.762 0.119
5467.48474 20.167 0.177
5468.55427 20.467 0.248
5469.60908 19.911 0.108
5471.51898 20.007 0.125
5471.58741 19.888 0.103
5472.55311 20.242 0.175
5473.50276 20.133 0.181
5476.49398 20.152 0.149
5477.54097 20.724 0.280
5479.51016 19.959 0.152
5480.50540 20.382 0.207
5480.56912 19.897 0.125
5481.54163 20.122 0.304
5485.52189 20.177 0.175
5486.50831 20.209 0.200
5487.48807 20.481 0.240
5487.55171 20.090 0.146
5488.54165 19.809 0.114
5489.52979 19.760 0.154
5490.52818 20.606 0.379
5492.52986 20.271 0.277
5494.53507 20.954 0.479
5495.53897 20.452 0.218
5497.53649 20.272 0.181
5502.50494 20.086 0.184
5596.88300 19.923 0.214
5598.86658 20.172 0.142
5599.88228 20.243 0.182
5600.87289 20.407 0.165
5602.86580 20.405 0.272
5604.87399 19.919 0.138
5605.87209 20.719 0.186
5606.86981 19.977 0.125
5607.87413 19.884 0.109
5608.86902 20.210 0.203
5611.85343 19.889 0.193
5612.86865 20.347 0.199
5614.85410 20.943 0.334
5615.86240 20.849 0.261
5616.85545 20.537 0.261
5620.84350 20.284 0.183
5621.84632 20.274 0.136
5622.88386 20.432 0.121
5624.83899 20.225 0.121
5625.81814 20.228 0.165
5626.81397 20.736 0.482
5627.84239 20.327 0.138
5628.85312 20.324 0.136
5629.82132 20.300 0.169
5630.79875 20.378 0.180
5631.82599 20.122 0.205
5632.83379 20.214 0.135
5633.79102 20.073 0.115
5634.84588 20.330 0.166
5635.85443 20.193 0.177
5637.81433 20.556 0.371
5638.79322 20.660 0.300
5639.79236 20.332 0.190
5639.86791 20.419 0.149
5640.75719 20.705 0.414
5640.80005 19.960 0.139
5640.83847 20.221 0.195
5640.88704 20.300 0.143
5641.75339 20.156 0.174
5641.79393 20.297 0.172
5641.87350 20.207 0.142
5642.75971 20.152 0.188
5642.79525 20.163 0.137
5642.85426 20.227 0.155
5642.87555 20.409 0.191
5643.76977 19.722 0.115
5643.80805 20.309 0.178
5643.86780 20.384 0.145
5643.90903 20.325 0.164
5644.77750 20.300 0.234
5644.81821 21.030 0.457
5644.88878 19.955 0.124
5647.85410 20.316 0.250
5647.87432 20.138 0.210
5647.89028 19.999 0.228
5647.90867 19.891 0.217
5648.75937 20.410 0.177
5648.82479 20.045 0.103
5648.86693 19.860 0.085
5648.91234 20.911 0.325
5649.76579 20.323 0.144
5649.80777 20.228 0.107
5649.87219 20.276 0.115
5649.91052 20.122 0.117
5650.75758 20.085 0.104
5650.82012 19.792 0.070
5650.86416 20.225 0.116
5650.91305 20.252 0.135
5651.77820 20.282 0.126
5651.82124 20.366 0.138
5651.89761 20.502 0.157
5652.75827 20.564 0.155
5652.82157 20.492 0.120
5652.86347 20.488 0.130
5653.78688 20.254 0.103
5653.91731 20.175 0.104
5654.79207 20.062 0.113
5654.83832 20.148 0.118
5654.88247 20.757 0.183
5655.74053 20.711 0.225
5655.77963 20.218 0.133
5655.81757 19.961 0.102
5655.85848 20.178 0.107
5655.90874 20.211 0.117
5656.80003 20.359 0.138
5656.84090 20.375 0.109
5656.92754 20.753 0.455
5657.78882 20.381 0.124
5657.82978 20.238 0.096
5657.87526 20.419 0.117
5657.91965 20.224 0.129
5658.78567 20.956 0.308
5658.84269 20.336 0.129
5658.88113 20.456 0.177
5658.92222 20.175 0.204
5659.73734 20.222 0.109
5659.77496 20.160 0.113
5659.81425 20.180 0.123
5659.85707 20.474 0.203
5659.90471 20.331 0.122
5660.74125 20.352 0.140
5660.78577 20.238 0.135
5660.82747 20.567 0.156
5660.89911 20.336 0.149
5662.73635 20.220 0.152
5662.77677 20.436 0.190
5662.83783 20.210 0.144
5662.87652 20.427 0.148
5662.91790 20.045 0.105
5664.73775 20.445 0.266
5664.78313 20.066 0.133
5664.84330 20.377 0.173
5664.88352 20.214 0.183
5664.92618 20.341 0.225
5665.75020 20.221 0.163
5665.79590 20.454 0.149
5665.86011 20.124 0.111
5665.90778 20.243 0.114
5667.73539 20.311 0.148
5667.74696 20.203 0.129
5667.78800 20.240 0.123
5667.83973 20.248 0.117
5667.89424 20.542 0.136
5668.72180 20.132 0.165
5668.77893 19.832 0.111
5668.84544 20.608 0.245
5668.90042 20.868 0.356
5669.74088 19.897 0.125
5669.78899 20.009 0.108
5669.83802 20.427 0.145
5669.88983 20.302 0.152
5670.72300 20.345 0.186
5670.76346 20.259 0.156
5670.82667 20.393 0.204
5670.86753 20.411 0.151
5670.90893 20.209 0.152
5671.74492 20.000 0.131
5675.70877 20.410 0.161
5675.74723 20.624 0.214
5675.78510 20.197 0.134
5675.82592 20.675 0.227
5675.89535 20.276 0.163
5676.67328 19.947 0.080
5676.71178 19.690 0.047
5676.75092 20.206 0.084
5676.79053 20.317 0.126
5676.85509 20.213 0.108
5676.90116 20.269 0.098
5677.70266 20.362 0.151
5677.74804 20.031 0.089
5677.78940 20.419 0.148
5677.83956 20.212 0.129
5677.89192 20.452 0.120
5679.67054 20.074 0.140
5679.71117 20.097 0.105
5679.75259 20.846 0.205
5679.80469 20.573 0.190
5679.85574 20.310 0.121
5679.89604 20.760 0.184
5680.65814 20.505 0.243
5680.69716 20.239 0.184
5680.73589 20.265 0.146
5680.78538 20.677 0.222
5680.83828 20.504 0.148
5680.88220 20.299 0.112
5680.92247 20.557 0.184
5681.68763 20.271 0.153
5681.72579 20.427 0.152
5681.76555 20.312 0.122
5681.82818 20.191 0.118
5681.87284 20.741 0.242
5681.91280 20.226 0.124
5682.67483 20.127 0.143
5682.71667 20.419 0.157
5682.76427 20.454 0.142
5682.81605 20.769 0.202
5682.89627 20.554 0.166
5682.93526 19.809 0.149
5683.69740 20.171 0.117
5683.76810 20.105 0.108
5683.81659 20.278 0.101
5683.87736 20.316 0.121
5683.91920 20.345 0.122
5684.67954 20.334 0.133
5684.72990 20.242 0.118
5684.78077 20.284 0.124
5684.83288 20.311 0.128
5684.89143 20.750 0.188
5684.93169 19.965 0.146
5685.76721 20.331 0.113
5685.80617 20.201 0.088
5685.85846 20.510 0.115
5685.90251 20.144 0.095
5686.65493 20.332 0.189
5686.71689 20.477 0.137
5686.76227 20.417 0.122
5686.81312 20.691 0.155
5686.86332 19.959 0.123
5686.90259 20.331 0.170
5687.65627 20.315 0.201
5687.70054 20.399 0.217
5687.75239 20.311 0.140
5687.79439 20.314 0.129
5687.84665 20.320 0.131
5688.92715 19.990 0.161
5689.69914 19.846 0.084
5689.77396 20.106 0.099
5689.81392 20.420 0.118
5690.64204 20.378 0.180
5690.69222 20.906 0.219
5690.74899 21.127 0.422
5690.79350 20.183 0.138
5690.83973 20.250 0.196
5690.90565 21.004 0.424
5691.66042 20.260 0.148
5691.73135 20.459 0.141
5691.77440 20.430 0.162
5691.82390 20.274 0.131
5691.86388 20.149 0.131
5691.93170 20.152 0.221
5692.66330 20.095 0.142
5692.71875 20.089 0.114
5692.76599 20.466 0.143
5692.80577 20.216 0.137
5692.84470 20.047 0.102
5692.88312 20.388 0.171
5692.92071 20.180 0.148
5693.63376 20.302 0.171
5693.68232 20.156 0.108
5693.75176 20.395 0.124
5693.78953 20.316 0.104
5693.82878 20.108 0.099
5693.86640 20.214 0.128
5693.90433 19.942 0.113
5694.61526 19.819 0.120
5694.64583 20.316 0.177
5694.68375 20.230 0.137
5694.75001 20.534 0.176
5694.79820 20.141 0.115
5694.83701 20.269 0.118
5694.87435 20.328 0.161
5694.91202 20.845 0.263
5695.61911 20.125 0.167
5695.65752 20.476 0.202
5695.73846 20.496 0.232
5695.79419 20.338 0.124
5695.83846 20.414 0.129
5695.87643 20.399 0.130
5695.91398 20.018 0.095
5696.61066 20.741 0.348
5696.64395 20.339 0.193
5696.69353 20.872 0.279
5696.74110 20.399 0.151
5696.78060 20.174 0.143
5696.82454 20.517 0.167
5696.86597 20.172 0.142
5696.92448 20.837 0.264
5697.61397 20.435 0.242
5697.66135 20.387 0.166
5697.70891 20.527 0.181
5697.74758 20.327 0.167
5697.78979 20.740 0.212
5697.82885 20.553 0.162
5697.86913 20.324 0.152
5697.91112 20.223 0.139
5698.60653 19.822 0.188
5698.64388 20.386 0.268
5698.69456 20.533 0.275
5698.73456 20.076 0.170
5698.77272 20.528 0.274
5698.81504 20.383 0.184
5698.85335 20.603 0.223
5698.89326 20.116 0.200
5698.93771 20.000 0.240
5703.68423 20.062 0.199
5703.71540 19.939 0.194
5703.76306 20.273 0.207
5703.83290 19.992 0.175
5705.71109 20.175 0.193
5705.75341 21.002 0.368
5705.79784 20.421 0.275
5705.85517 20.503 0.211
5705.90186 20.254 0.220
5706.64489 20.032 0.189
5706.74042 20.500 0.259
5706.79215 20.017 0.142
5706.85788 20.391 0.234
5707.59019 20.827 0.280
5707.62834 20.188 0.145
5707.68487 20.144 0.129
5707.72301 20.333 0.170
5707.76219 20.332 0.125
5707.80259 20.197 0.115
5707.84201 20.044 0.099
5707.88177 20.315 0.184
5707.92872 21.093 0.443
5708.60774 20.384 0.179
5708.66375 20.138 0.127
5708.71415 20.052 0.129
5708.75227 20.059 0.139
5708.80310 19.938 0.127
5708.84675 20.271 0.226
5708.89773 19.763 0.184
5709.58293 19.999 0.148
5709.63589 20.661 0.246
5709.79148 20.067 0.119
5711.69433 20.370 0.157
5712.59558 19.946 0.176
5712.67030 20.452 0.158
5712.68291 20.396 0.152
5712.72204 20.347 0.128
5712.76370 20.512 0.130
5712.80459 20.403 0.134
5712.84401 20.139 0.118
5712.91972 20.212 0.200
5713.77267 20.427 0.125
5713.81935 20.598 0.173
5713.85994 20.019 0.130
5714.59972 20.235 0.227
5714.61415 21.135 0.389
5714.69041 19.845 0.100
5715.56849 20.192 0.142
5715.61986 20.081 0.105
5715.67189 20.191 0.104
5715.71371 20.386 0.127
5715.76330 20.278 0.122
5715.80490 20.406 0.127
5715.84708 20.246 0.125
5715.90333 20.355 0.200
5716.59011 20.541 0.276
5716.60278 20.308 0.170
5716.61749 20.880 0.288
5716.63012 19.939 0.115
5716.69053 20.432 0.183
5716.74396 20.628 0.162
5716.78764 20.010 0.100
5716.82674 20.059 0.122
5716.86750 20.167 0.145
5716.91458 21.120 0.447
5721.63287 20.414 0.184
5721.77948 20.170 0.122
5721.81865 20.147 0.135
5721.87072 20.726 0.258
5721.91186 20.544 0.338
5722.60419 20.479 0.204
5722.61779 20.258 0.137
5722.65860 20.629 0.181
5722.67219 19.987 0.095
5722.71336 20.282 0.132
5722.77840 20.125 0.106
5722.81794 20.445 0.173
5723.56043 20.407 0.215
5723.60845 20.412 0.160
5723.65587 20.535 0.189
5723.69651 20.508 0.184
5723.73755 20.037 0.102
5723.77598 20.038 0.112
5723.81497 20.434 0.129
5723.85464 20.079 0.131
5724.55529 20.675 0.479
5724.55801 19.710 0.178
5724.62411 20.800 0.349
5724.63661 20.404 0.253
5724.67469 20.204 0.159
5724.68875 20.176 0.162
5724.73769 20.288 0.156
5724.78625 20.138 0.149
5724.82695 20.827 0.267
5725.57789 20.366 0.146
5725.59134 20.210 0.116
5725.60480 20.287 0.130
5725.64540 20.142 0.131
5725.65968 20.287 0.135
5725.71214 20.392 0.125
5725.75180 20.348 0.138
5725.79156 20.082 0.119
5726.55577 20.280 0.229
5726.60062 20.090 0.179
5726.63848 20.599 0.234
5726.68598 20.447 0.171
5726.72702 20.559 0.442
5726.76633 20.364 0.298
5726.81124 20.474 0.241
5734.65990 20.163 0.216
5734.75098 20.200 0.215
5734.79412 20.058 0.146
5734.84283 20.064 0.190
5734.88749 19.599 0.140
5735.67794 20.512 0.241
5735.74273 20.336 0.158
5735.78952 19.769 0.094
5735.83593 20.241 0.166
5735.88057 19.536 0.119
5736.53867 20.141 0.134
5736.57665 20.256 0.143
5736.61881 20.178 0.089
5736.66244 20.417 0.106
5736.70412 20.356 0.099
5736.78418 20.307 0.110
5736.83121 20.472 0.140
5736.87935 20.239 0.157
5737.52189 20.257 0.179
5737.55998 20.429 0.155
5737.61327 20.278 0.111
5737.65583 20.295 0.114
5737.70995 20.313 0.101
5737.75077 20.151 0.091
5737.78991 20.167 0.107
5737.83704 20.473 0.147
5737.87789 20.261 0.144
5738.58937 20.178 0.120
5738.63018 20.185 0.103
5738.69745 20.222 0.105
5738.73697 20.351 0.122
5739.50291 20.316 0.217
5739.52815 20.363 0.174
5739.56641 20.005 0.132
5739.60700 20.523 0.173
5739.65571 20.084 0.094
5739.71364 20.184 0.125
5739.75201 20.137 0.101
5739.79077 20.326 0.141
5739.84561 20.310 0.153
5740.49851 19.829 0.156
5740.54605 19.905 0.149
5740.58714 20.158 0.176
5740.64695 19.792 0.093
5740.71061 19.839 0.093
5740.75014 20.267 0.125
5740.79500 20.110 0.120
5740.83405 19.702 0.108
5740.88146 20.773 0.340
5741.52090 20.174 0.152
5741.56014 20.459 0.172
5741.60432 20.182 0.114
5741.64217 20.308 0.145
5741.70324 20.362 0.145
5741.74230 20.176 0.110
5741.78325 20.120 0.102
5741.82151 20.419 0.151
5741.85949 20.012 0.095
5742.49241 20.268 0.223
5742.53507 20.705 0.236
5742.57743 20.260 0.143
5742.61541 20.092 0.101
5742.67719 20.298 0.107
5742.71602 20.145 0.093
5742.75457 20.191 0.091
5742.79283 20.458 0.129
5742.83084 20.139 0.095
5742.87111 20.290 0.143
5743.62700 20.721 0.249
5743.66677 20.406 0.153
5743.72777 19.993 0.124
5743.76595 20.123 0.136
5743.80401 20.532 0.203
5743.84162 20.166 0.184
5743.87955 19.816 0.167
5744.52366 20.702 0.328
5744.56204 20.161 0.169
5744.60021 20.396 0.211
5744.64869 20.848 0.199
5744.72702 20.450 0.157
5744.77703 20.506 0.154
5744.81875 20.203 0.139
5744.86393 20.097 0.184
5745.51240 19.875 0.128
5745.55858 20.197 0.143
5745.59933 20.492 0.240
5745.63848 20.250 0.140
5745.69903 20.296 0.115
5745.73706 20.309 0.136
5745.77524 20.020 0.122
5745.81315 20.430 0.195
5745.86620 19.763 0.136
5746.56985 20.189 0.170
5746.60960 20.274 0.141
5746.65031 20.245 0.139
5746.71630 20.542 0.191
5746.75409 20.387 0.174
5746.79646 19.853 0.127
5746.84220 20.140 0.177
5747.61270 19.915 0.155
5747.65754 20.056 0.131
5747.70282 20.286 0.190
5747.74655 20.680 0.283
5747.81288 20.373 0.261
5748.63036 19.930 0.093
5748.68773 19.866 0.123
5749.52556 20.331 0.257
5749.56352 20.207 0.150
5749.60289 20.319 0.152
5749.65221 20.766 0.251
5749.69186 19.819 0.119
5749.73014 20.280 0.167
5749.76853 20.113 0.146
5749.80781 20.221 0.184
5752.56993 20.718 0.395
5753.49917 20.280 0.569
5753.55316 19.857 0.406
5753.60372 20.837 0.376
5753.76804 19.976 0.227
5754.59632 19.817 0.312
5759.83091 20.085 0.208
5760.49079 19.631 0.155
5760.53242 20.145 0.178
5760.58501 20.708 0.253
5760.64122 20.282 0.180
5760.68460 20.331 0.167
5760.73586 20.342 0.171
5760.77413 19.826 0.107
5760.81180 19.912 0.135
5761.50523 20.275 0.124
5761.54847 19.805 0.066
5761.61432 20.172 0.167
5762.51181 20.628 0.211
5762.55010 20.228 0.146
5762.59176 20.141 0.117
5762.63012 20.322 0.173
5762.66987 20.248 0.148
5762.70609 20.478 0.198
5762.74796 20.024 0.190
5762.76747 19.921 0.179
5763.50213 20.315 0.146
5763.54613 20.413 0.118
5763.58777 20.165 0.097
5763.64468 20.096 0.111
5763.68653 20.244 0.156
5763.73411 20.075 0.143
5763.77207 20.058 0.169
5763.81093 20.170 0.191
5764.50997 20.268 0.131
5764.54980 20.186 0.118
5764.59039 20.314 0.127
5764.63860 20.662 0.195
5764.68762 20.364 0.126
5764.73324 20.356 0.122
5765.46895 20.196 0.162
5765.50896 20.339 0.160
5765.55186 20.819 0.218
5765.61589 20.068 0.093
5765.66089 20.190 0.118
5765.70511 20.108 0.118
5765.75102 19.916 0.119
5766.48134 20.782 0.251
5766.52026 20.330 0.143
5766.58469 20.187 0.113
5766.62454 20.356 0.119
5766.66525 20.321 0.112
5766.70645 20.288 0.128
5766.75013 20.307 0.161
5767.49850 20.131 0.165
5767.54409 20.622 0.215
5767.58743 20.045 0.110
5767.65534 20.219 0.134
5767.71128 20.193 0.134
5767.75202 20.215 0.181
5767.79360 20.063 0.167
5768.48818 20.718 0.219
5768.52804 20.379 0.145
5768.58856 20.433 0.134
5768.63540 20.185 0.106
5768.68002 20.262 0.108
5768.72693 20.264 0.112
5768.76770 20.157 0.128
5769.47238 20.465 0.209
5769.51182 20.225 0.135
5769.56577 20.092 0.101
5769.62357 20.190 0.124
5769.67672 20.391 0.128
5769.72564 20.027 0.112
5769.76784 20.086 0.132
5770.66880 20.260 0.164
5770.75276 20.161 0.143
5775.59508 20.665 0.265
5775.63783 20.374 0.194
5776.53895 19.699 0.135
5776.60617 20.973 0.355
5776.64721 20.134 0.133
5776.72187 19.981 0.165
5777.47873 20.123 0.128
5777.52324 20.297 0.114
5777.57529 19.986 0.090
5777.65570 20.442 0.132
5777.70580 19.991 0.085
5777.77061 20.014 0.114
5778.50347 20.274 0.219
5778.55991 20.599 0.252
5778.60823 20.400 0.222
5779.59828 20.192 0.125
5779.64221 20.309 0.124
5779.69674 20.092 0.124
5779.74132 20.019 0.108
5784.51576 20.060 0.215
5784.60166 20.292 0.190
5784.71899 19.877 0.223
5785.51857 20.665 0.318
5785.57893 20.065 0.174
5785.62547 20.370 0.236
5785.66781 20.334 0.198
5785.70968 20.591 0.302
5786.49204 20.584 0.371
5786.56907 20.686 0.325
5786.61350 20.011 0.166
5786.65613 20.308 0.204
5786.71147 20.008 0.155
5787.47664 20.175 0.169
5787.54777 20.484 0.171
5787.58987 20.148 0.119
5787.63530 20.802 0.207
5787.67424 20.523 0.208
5787.71993 20.354 0.201
5788.49178 19.845 0.119
5788.55544 19.930 0.133
5788.59501 20.491 0.189
5788.63580 20.349 0.183
5788.72032 20.094 0.204
5790.47339 20.135 0.194
5790.52083 20.334 0.184
5790.57293 20.197 0.180
5790.61463 20.161 0.172
5790.65532 20.274 0.156
5790.69550 19.704 0.094
5790.73371 20.151 0.161
5791.51159 20.568 0.227
5791.61361 20.391 0.162
5793.51488 20.015 0.107
5793.56800 20.398 0.170
5793.61028 20.064 0.115
5793.64884 20.223 0.155
5793.68782 20.486 0.191
5793.73204 19.851 0.148
5794.50655 20.284 0.176
5794.57380 20.241 0.142
5794.61493 20.581 0.222
5794.65684 20.140 0.144
5794.70368 20.029 0.112
5795.56710 19.860 0.144
5795.62848 20.456 0.217
5795.71021 20.031 0.135
5796.47671 20.347 0.165
5796.52798 20.383 0.152
5796.59666 20.501 0.184
5796.63561 20.271 0.130
5796.67693 20.248 0.167
5796.71892 20.322 0.274
5799.49139 20.004 0.136
5801.53186 20.130 0.159
5801.57112 20.357 0.173
5801.60924 20.136 0.158
5801.65050 20.251 0.156
5801.69056 19.687 0.108
5802.56221 20.418 0.199
5802.64196 20.068 0.159
5803.53585 20.707 0.248
5804.47911 20.427 0.164
5804.54326 20.368 0.171
5804.58374 20.430 0.164
5804.62153 20.094 0.115
5804.66078 20.319 0.212
5805.49072 20.697 0.150
5805.54398 20.221 0.121
5805.58197 20.183 0.114
5805.62533 20.161 0.134
5805.68106 20.104 0.173
5806.53929 20.856 0.315
5806.62422 20.893 0.299
5807.62172 20.659 0.218
5807.65949 20.689 0.329
5812.52308 20.288 0.248
5812.56324 20.135 0.216
5812.60391 20.348 0.237
5812.64504 20.270 0.230
5813.47445 20.720 0.411
5813.53634 20.382 0.180
5813.57655 20.439 0.162
5813.61442 20.266 0.137
5813.65226 20.261 0.158
5815.51759 20.367 0.153
5815.55600 20.625 0.185
5815.60325 19.879 0.098
5815.64101 19.928 0.098
5816.47785 20.194 0.161
5816.53619 20.744 0.268
5816.57436 20.201 0.168
5816.61271 20.158 0.172
5817.48059 19.943 0.112
5817.53743 20.056 0.115
5817.57537 19.957 0.137
5817.61444 20.377 0.218
5817.65518 20.366 0.249
5818.51889 20.715 0.260
5818.55697 19.983 0.135
5818.59533 20.331 0.209
5818.63702 20.664 0.360
5819.51848 20.166 0.121
5819.56532 20.180 0.153
5819.60302 20.275 0.162
5819.64289 19.804 0.110
5820.49619 20.502 0.320
5820.54329 20.268 0.162
5820.58098 20.689 0.235
5820.61886 20.552 0.244
5820.65515 19.848 0.161
5822.53829 20.782 0.293
5822.58327 20.228 0.150
5822.62693 20.008 0.143
5823.51499 19.995 0.189
5823.55834 20.507 0.256
5823.60195 19.941 0.130
5824.48243 20.265 0.240
5824.53891 20.278 0.139
5824.57947 20.351 0.153
5824.61942 19.745 0.110
5825.49896 20.455 0.239
5825.55693 20.155 0.147
5825.59542 20.046 0.126
5826.47982 19.928 0.183
5826.51969 20.553 0.256
5826.56719 20.228 0.167
5826.60633 21.045 0.458
5827.50616 20.264 0.250
5827.54414 20.807 0.370
5827.58662 19.981 0.155
5827.62418 20.473 0.254
5828.51939 20.131 0.122
5828.55737 19.952 0.102
5828.59493 20.540 0.200
5829.48130 20.090 0.221
5829.53033 20.111 0.126
5829.56802 20.223 0.122
5829.60629 20.260 0.138
5830.50525 20.239 0.128
5830.54340 20.428 0.147
5830.58109 20.246 0.164
5831.48356 20.429 0.186
5831.54210 20.190 0.145
5831.57954 20.250 0.141
5831.61523 20.454 0.234
5832.52553 20.086 0.108
5832.56513 20.808 0.254
5832.60339 20.660 0.278
5833.52341 20.731 0.195
5833.56297 20.437 0.155
5833.60090 20.412 0.200
5834.52262 20.372 0.135
5834.56036 20.678 0.194
5834.59652 20.605 0.203
5835.54378 21.005 0.424
5836.50619 19.903 0.169
5836.53940 20.543 0.278
5836.57125 20.114 0.216
5839.49969 19.738 0.165
5839.53815 19.960 0.214
5839.57593 19.448 0.133
5840.48092 20.839 0.707
5840.52995 20.117 0.158
5840.58240 20.290 0.177
5841.48342 20.130 0.339
5841.52414 20.749 0.375
5841.56745 20.258 0.210
5841.60347 20.048 0.186
5842.52542 20.110 0.246
5842.57415 20.861 0.433
5843.48343 19.661 0.173
5843.52715 20.180 0.178
5843.56764 20.615 0.315
5843.60866 20.218 0.243
5844.51206 19.913 0.133
5844.55099 20.128 0.180
5844.59057 19.548 0.162
5845.51150 19.684 0.128
5845.55196 20.419 0.259
5845.59220 20.573 0.387
5846.51515 19.862 0.186
5846.55392 20.311 0.277
5847.54211 20.817 0.540
5850.52619 20.323 0.160
5850.56463 20.783 0.244
5851.51518 20.669 0.241
5851.55294 20.240 0.168
5852.50374 19.741 0.158
5852.54627 20.755 0.370
5854.50767 21.069 0.490
5854.54864 19.689 0.136
5855.49024 19.748 0.287
5855.53542 20.114 0.186
5856.49170 20.502 0.398
5856.53996 21.045 0.533
5857.50897 20.153 0.252
5858.50990 20.056 0.252
5859.50639 20.160 0.217
5859.54236 20.187 0.214
5860.52187 20.568 0.284
5861.51563 21.151 0.444
5862.52305 20.382 0.219
5866.50624 20.747 0.538
5866.53156 19.824 0.276
5867.50941 20.794 0.320
5868.50891 20.038 0.201
5868.51075 19.874 0.171
5869.50169 20.085 0.231
5870.50631 20.113 0.158
5872.50546 20.224 0.231
5873.50665 20.374 0.278
5875.50149 20.319 0.514
5970.87416 20.008 0.142
5971.87552 20.471 0.175
5972.89038 19.914 0.130
5976.87959 20.222 0.128
5977.84068 20.322 0.185
5977.87709 20.933 0.290
5978.84281 20.057 0.143
5978.88738 20.422 0.168
5979.84083 20.602 0.290
5980.86069 20.853 0.341
5982.82192 21.238 0.566
5982.86526 20.088 0.158
5983.82663 20.914 0.338
5983.85698 20.446 0.140
5983.90464 20.012 0.145
5984.83918 20.426 0.158
5984.88649 19.949 0.085
5985.82480 20.174 0.181
5985.86141 20.995 0.280
5986.81898 20.608 0.249
5986.83946 20.275 0.152
5986.88739 20.185 0.111
5987.85423 20.155 0.125
5987.90420 21.416 0.529
5988.83329 20.414 0.208
5988.88059 20.647 0.163
5989.81080 20.575 0.227
5989.84089 19.986 0.124
5989.88271 20.014 0.131
5990.80914 20.403 0.254
5990.84689 20.555 0.182
5990.88832 20.337 0.133
5991.82197 20.459 0.188
5991.86235 20.276 0.127
5992.81626 20.373 0.187
5992.83896 20.481 0.166
5992.88102 20.217 0.112
5993.80682 20.421 0.248
5993.84601 20.328 0.186
5993.88913 20.100 0.121
5994.80833 21.439 0.562
5994.84009 20.326 0.160
5994.89100 20.395 0.160
5995.80026 20.270 0.152
5995.81978 20.269 0.142
5995.86538 20.533 0.161
5995.90355 20.241 0.150
5996.80799 20.439 0.182
5996.84557 20.546 0.166
5996.89231 20.505 0.127
5997.80140 20.714 0.259
5997.84010 20.469 0.181
5997.88773 20.228 0.127
5998.78829 20.418 0.221
5998.81628 20.667 0.211
5998.86786 20.091 0.113
5998.90558 20.616 0.172
5999.80014 20.373 0.187
5999.84871 20.085 0.119
5999.88691 20.141 0.119
6002.90828 20.039 0.192
6003.86512 20.591 0.231
6004.76562 20.096 0.174
6004.79780 20.302 0.168
6004.85567 20.453 0.166
6004.89329 20.221 0.113
6005.76106 20.744 0.244
6005.80211 20.037 0.110
6005.85067 20.355 0.146
6005.90745 20.212 0.090
6006.77282 20.459 0.156
6006.82567 20.542 0.131
6006.87661 20.498 0.147
6006.91430 20.221 0.129
6007.77865 19.997 0.097
6007.82556 20.256 0.114
6007.87380 20.180 0.108
6007.91142 20.237 0.113
6008.77040 20.504 0.188
6008.81776 20.414 0.148
6008.86704 20.638 0.176
6008.90452 20.281 0.138
6009.76404 20.227 0.137
6009.80647 20.723 0.170
6009.85489 20.339 0.119
6009.89228 20.514 0.139
6010.74766 20.403 0.191
6010.77623 20.200 0.120
6010.82519 20.266 0.121
6010.87442 20.507 0.113
6010.91268 20.403 0.114
6011.76232 20.559 0.211
6011.82280 20.695 0.267
6011.88025 21.191 0.390
6011.91842 19.894 0.149
6012.76641 20.198 0.132
6012.80709 19.954 0.086
6012.86542 19.989 0.073
6012.90328 20.366 0.084
6013.76222 20.449 0.161
6013.80100 20.089 0.096
6013.86247 20.748 0.183
6013.90372 20.301 0.111
6014.73844 20.588 0.206
6014.77731 20.022 0.095
6014.83668 20.343 0.146
6014.87611 20.304 0.151
6014.91577 21.081 0.398
6015.75527 20.075 0.099
6015.79413 20.141 0.084
6015.83258 20.436 0.107
6015.88279 20.647 0.132
6015.92417 19.984 0.200
6016.73174 19.924 0.093
6016.74823 20.235 0.115
6016.76556 20.454 0.130
6016.78801 20.525 0.142
6016.80590 20.637 0.153
6016.82810 20.072 0.086
6016.86864 20.210 0.095
6016.89144 20.173 0.088
6016.90904 20.249 0.092
6017.74087 20.141 0.106
6017.77901 20.532 0.124
6017.81729 20.341 0.100
6017.87575 20.353 0.093
6017.91628 20.201 0.097
6018.76737 20.096 0.135
6018.80623 20.237 0.173
6018.84614 20.113 0.088
6018.91145 20.274 0.086
6019.74293 20.360 0.198
6019.78233 20.263 0.132
6019.83957 20.302 0.111
6019.87738 20.472 0.101
6019.91731 20.238 0.103
6020.72641 20.825 0.249
6020.76493 20.406 0.148
6020.82107 20.504 0.120
6020.85989 20.098 0.080
6020.89950 20.160 0.135
6021.71580 19.865 0.183
6021.74769 20.283 0.162
6021.78668 20.034 0.116
6021.82534 20.363 0.114
6021.88371 20.108 0.097
6021.92413 20.181 0.159
6022.73524 20.472 0.192
6022.77350 20.154 0.114
6022.81176 20.267 0.117
6022.86925 20.015 0.098
6022.91150 20.178 0.121
6023.72925 20.434 0.216
6023.76915 20.243 0.128
6023.80975 20.224 0.131
6023.84988 20.504 0.161
6023.91438 20.271 0.135
6024.72276 20.168 0.183
6024.76373 19.759 0.115
6024.82430 20.301 0.134
6024.86486 20.187 0.115
6024.91513 20.279 0.164
6025.71246 20.486 0.299
6025.75294 20.135 0.174
6025.79276 20.600 0.267
6025.84599 20.655 0.272
6025.89826 20.368 0.176
6026.72649 19.883 0.303
6029.84336 20.170 0.152
6031.76593 20.225 0.155
6031.80537 20.120 0.110
6031.84633 20.188 0.117
6031.88712 20.490 0.224
6032.68226 20.289 0.209
6032.72227 20.096 0.113
6032.77012 20.530 0.145
6032.81855 19.987 0.091
6032.85888 20.831 0.204
6032.90264 20.277 0.106
6033.69432 20.145 0.166
6033.74105 20.503 0.198
6033.78266 20.486 0.193
6033.85370 20.230 0.103
6033.89528 20.534 0.167
6034.69016 20.146 0.127
6034.73683 20.182 0.108
6034.78258 20.603 0.128
6034.83670 20.311 0.120
6034.92494 20.289 0.160
6035.86873 20.259 0.126
6035.93324 20.707 0.441
6036.72726 20.344 0.117
6036.77127 20.569 0.137
6036.84763 20.652 0.123
6036.90208 20.035 0.091
6037.71314 20.355 0.190
6037.75375 20.269 0.162
6037.79745 20.002 0.101
6037.86857 19.983 0.082
6037.90907 20.612 0.226
6038.72205 19.980 0.133
6038.76365 20.606 0.201
6038.82889 20.335 0.117
6038.87399 20.760 0.171
6038.92461 20.110 0.121
6039.74515 19.820 0.144
6039.79139 20.721 0.254
6039.85155 20.369 0.141
6039.89597 19.918 0.092
6040.76246 20.846 0.290
6040.80438 20.173 0.124
6040.86744 20.006 0.104
6040.90860 20.333 0.138
6041.71043 20.492 0.215
6041.75518 20.213 0.176
6041.79937 20.130 0.113
6041.86114 20.271 0.113
6041.90146 20.257 0.118
6045.89599 20.303 0.125
6045.93363 19.812 0.119
6046.90722 20.561 0.161
6047.68024 20.374 0.191
6047.71939 20.402 0.162
6047.75889 20.536 0.137
6047.79846 20.094 0.096
6047.87159 20.549 0.178
6047.91292 20.790 0.220
6048.69668 20.766 0.216
6048.73697 20.654 0.172
6048.79804 20.379 0.125
6048.84251 20.608 0.149
6048.88578 20.046 0.095
6048.92687 20.425 0.136
6049.70535 20.653 0.179
6049.75900 20.096 0.084
6049.81760 20.471 0.109
6049.85826 20.257 0.117
6049.89941 20.492 0.143
6050.65752 19.954 0.160
6050.69470 20.116 0.151
6050.73381 20.443 0.172
6050.80417 20.421 0.153
6050.84407 20.547 0.182
6050.88294 20.067 0.116
6050.92167 20.028 0.123
6051.66384 20.814 0.298
6051.75317 20.327 0.125
6052.67908 20.739 0.308
6052.72702 20.219 0.156
6052.77522 20.295 0.146
6052.81431 20.324 0.156
6052.85526 20.615 0.187
6052.89405 20.321 0.142
6052.93259 19.991 0.122
6053.67070 20.138 0.187
6053.71074 20.615 0.238
6053.75822 20.361 0.158
6053.80613 20.341 0.132
6053.86151 20.435 0.165
6053.90247 20.618 0.235
6054.86568 20.942 0.277
6054.89883 20.429 0.189
6057.87757 20.390 0.158
6057.92556 20.304 0.205
6058.67735 20.671 0.332
6058.71736 20.587 0.212
6058.75670 20.126 0.111
6058.80075 20.191 0.115
6058.84740 20.410 0.166
6058.88903 20.009 0.098
6058.92752 20.469 0.205
6059.69487 20.193 0.146
6059.73350 20.565 0.193
6059.77195 20.356 0.134
6059.83210 20.220 0.110
6059.87092 20.373 0.123
6059.90980 20.259 0.123
6060.77757 20.377 0.137
6061.67136 20.163 0.153
6061.76032 20.163 0.100
6061.81087 20.501 0.168
6061.84978 20.568 0.167
6061.88803 19.738 0.101
6061.92659 20.013 0.126
6062.66592 20.860 0.277
6062.70876 20.835 0.280
6062.74778 19.994 0.130
6062.79739 20.247 0.145
6062.84857 20.160 0.120
6062.88687 20.471 0.159
6062.92486 19.775 0.103
6063.77661 20.043 0.152
6063.81772 19.998 0.117
6063.86631 19.910 0.127
6063.91355 20.544 0.182
6064.66419 20.592 0.183
6064.74033 20.472 0.113
6064.80205 20.016 0.079
6064.84378 20.392 0.130
6064.88627 20.402 0.150
6064.92472 20.224 0.139
6065.63522 20.237 0.148
6065.67336 20.279 0.127
6065.71186 20.681 0.154
6065.77260 20.352 0.112
6065.81399 20.277 0.138
6065.86111 20.321 0.144
6066.63767 20.512 0.182
6066.67561 20.320 0.128
6066.71363 20.578 0.153
6066.76403 20.286 0.097
6066.81805 20.092 0.106
6066.85866 20.391 0.138
6066.89888 20.553 0.153
6066.93706 19.949 0.090
6067.62193 20.013 0.106
6067.66257 20.374 0.139
6067.70065 20.418 0.128
6067.74958 20.245 0.096
6067.80084 20.211 0.116
6067.83976 20.256 0.107
6067.87863 20.099 0.106
6067.91644 20.570 0.150
6068.61679 20.331 0.163
6068.66578 20.397 0.135
6068.71252 20.336 0.122
6068.76468 20.444 0.121
6068.84041 20.296 0.100
6068.88516 20.109 0.089
6068.93185 20.099 0.105
6069.60450 20.102 0.128
6069.66499 20.827 0.208
6069.70489 20.024 0.089
6069.74437 20.389 0.109
6069.81155 20.162 0.104
6069.85323 20.308 0.100
6069.89378 20.925 0.180
6069.93190 20.426 0.137
6070.61413 20.405 0.232
6070.65228 20.240 0.175
6070.69204 20.160 0.104
6070.73029 20.547 0.142
6070.77909 20.095 0.103
6070.82911 20.232 0.113
6070.86901 20.199 0.120
6070.90750 20.378 0.151
6070.94666 21.100 0.642
6071.61412 20.622 0.181
6071.65333 20.450 0.152
6071.69296 20.402 0.131
6071.73170 20.294 0.101
6071.79508 20.521 0.185
6071.83492 20.343 0.130
6071.87300 20.662 0.179
6071.91097 20.052 0.178
6075.60812 19.882 0.083
6075.64625 20.521 0.127
6075.68452 20.312 0.101
6075.73533 20.033 0.088
6075.79012 20.457 0.109
6075.82964 20.006 0.080
6075.87408 20.250 0.109
6076.59924 20.129 0.133
6076.64087 20.441 0.177
6076.68764 20.507 0.188
6076.73487 20.175 0.094
6076.78389 20.232 0.116
6076.82261 20.082 0.110
6076.87193 19.641 0.089
6076.91763 19.928 0.134
6077.69976 20.363 0.143
6077.75887 20.517 0.180
6077.81785 20.013 0.100
6077.85887 19.895 0.079
6077.90025 20.671 0.194
6077.93889 20.099 0.142
6078.62078 20.465 0.157
6078.65888 20.255 0.152
6078.69735 20.168 0.116
6078.76016 20.425 0.135
6078.80130 20.409 0.116
6078.83950 19.756 0.071
6078.88366 20.289 0.125
6079.58600 20.083 0.116
6079.62525 20.457 0.152
6079.66321 20.556 0.147
6079.71658 20.372 0.121
6079.77685 20.539 0.169
6079.81601 20.110 0.115
6079.86665 20.427 0.110
6079.90653 19.973 0.110
6079.94529 20.453 0.261
6080.59570 20.497 0.258
6080.63382 19.970 0.128
6080.67683 20.099 0.116
6080.72215 19.951 0.092
6080.76224 20.891 0.273
6080.80155 20.348 0.132
6080.85886 20.241 0.133
6080.89979 20.176 0.123
6080.94159 20.111 0.139
6081.59143 20.493 0.233
6081.62922 19.829 0.106
6081.67027 20.250 0.150
6081.71565 20.606 0.180
6081.75495 20.578 0.225
6081.80967 20.350 0.136
6081.85291 20.053 0.131
6081.89155 20.731 0.306
6081.93955 19.732 0.146
6082.62322 21.012 0.576
6082.66236 21.338 0.889
6082.71309 21.504 0.793
6082.78439 20.202 0.232
6082.82876 20.070 0.208
6082.86577 20.144 0.220
6082.91045 20.100 0.261
6085.58653 20.040 0.171
6085.63643 20.150 0.151
6085.67270 20.376 0.183
6085.71662 20.328 0.226
6085.75953 20.255 0.161
6085.79833 20.141 0.138
6085.83717 19.999 0.154
6085.87700 19.844 0.223
6085.91735 20.533 0.278
6086.56991 21.163 0.384
6086.61032 20.453 0.200
6086.65345 20.234 0.133
6086.69243 20.089 0.098
6086.75554 19.959 0.089
6086.79383 20.270 0.156
6086.83923 20.247 0.131
6086.88572 20.237 0.172
6086.92710 20.281 0.238
6087.58939 20.280 0.147
6087.72639 19.773 0.109
6087.78275 20.366 0.141
6087.83377 20.555 0.214
6088.56163 20.158 0.155
6088.59946 20.232 0.129
6088.63785 20.261 0.119
6088.67565 20.667 0.132
6089.64169 20.235 0.125
6089.68048 20.064 0.103
6089.74162 20.761 0.209
6089.79200 20.637 0.199
6089.85314 20.141 0.132
6089.92818 19.946 0.147
6092.59782 20.382 0.151
6092.63590 19.927 0.174
6092.67625 19.962 0.113
6092.80568 20.146 0.117
6092.87525 20.234 0.163
6093.55061 20.311 0.174
6093.59217 20.300 0.145
6093.63023 20.141 0.108
6093.66823 20.554 0.187
6093.72870 20.159 0.099
6093.79067 19.897 0.114
6093.83066 20.071 0.134
6093.87116 20.148 0.179
6094.60416 19.784 0.131
6094.64165 20.657 0.231
6094.67915 20.465 0.187
6094.72897 20.129 0.129
6094.77616 20.116 0.135
6094.81518 20.301 0.153
6094.85444 20.237 0.167
6094.90441 20.177 0.222
6096.60290 20.452 0.184
6096.64848 19.991 0.100
6096.68780 20.778 0.232
6096.76243 20.043 0.125
6096.80176 19.611 0.091
6096.84265 19.860 0.109
6096.88475 20.271 0.223
6097.67659 19.918 0.108
6097.74925 20.023 0.158
6097.78798 20.332 0.169
6097.82562 20.251 0.152
6097.86528 20.522 0.206
6097.90396 20.686 0.304
6098.58302 21.344 0.481
6098.62270 20.670 0.221
6098.66030 20.039 0.130
6098.71191 19.963 0.120
6098.76196 20.405 0.135
6098.80246 20.123 0.121
6098.84120 19.801 0.102
6098.87914 20.273 0.165
6099.63924 20.168 0.201
6099.75012 20.162 0.181
6100.51400 20.052 0.177
6100.56995 20.694 0.302
6100.60988 20.136 0.132
6100.64753 20.522 0.173
6100.70750 20.200 0.101
6100.74675 20.252 0.119
6100.78453 19.669 0.119
6100.83495 20.267 0.150
6100.87266 19.904 0.148
6101.51096 20.715 0.281
6101.54900 20.392 0.177
6101.58656 20.206 0.142
6101.62470 19.930 0.093
6101.66433 20.257 0.102
6101.72609 20.311 0.116
6101.76504 20.098 0.109
6101.80402 20.529 0.180
6101.85156 20.194 0.194
6102.51191 20.405 0.319
6102.55085 19.833 0.131
6102.59929 20.028 0.121
6102.64651 20.390 0.145
6102.68607 20.442 0.160
6102.72615 20.236 0.107
6102.76508 20.191 0.102
6102.80488 20.430 0.151
6102.84482 20.249 0.143
6102.88409 20.240 0.184
6103.51697 20.351 0.202
6103.55631 20.469 0.172
6103.59746 20.539 0.162
6103.64685 20.044 0.088
6103.69586 20.354 0.149
6103.73670 20.729 0.201
6103.80218 20.178 0.118
6103.85038 20.013 0.127
6104.51834 20.307 0.155
6104.55625 20.330 0.117
6104.59384 20.366 0.122
6104.62987 20.240 0.099
6104.67935 20.229 0.082
6104.72140 20.353 0.107
6104.76017 20.204 0.100
6104.79981 20.281 0.117
6104.84583 20.199 0.123
6105.50069 20.811 0.324
6105.52869 20.457 0.202
6105.56633 20.000 0.132
6105.62444 20.794 0.212
6105.67944 20.362 0.127
6105.71847 20.400 0.123
6105.75831 20.873 0.279
6106.62427 20.126 0.149
6106.69266 19.542 0.123
6108.52845 20.226 0.174
6108.56733 20.155 0.133
6108.61994 20.806 0.292
6108.67096 20.157 0.110
6108.71358 20.346 0.126
6108.75315 20.051 0.100
6108.79201 20.387 0.163
6108.83395 20.165 0.117
6108.87058 20.118 0.140
6109.68201 19.997 0.156
6109.71840 20.205 0.161
6109.75628 20.567 0.256
6109.79913 19.622 0.109
6109.83929 21.015 0.396
6113.53552 19.996 0.187
6113.57778 20.282 0.193
6113.61542 20.070 0.143
6113.65657 20.394 0.208
6113.69733 19.829 0.116
6113.73627 20.067 0.163
6113.77402 20.541 0.200
6113.81188 20.262 0.173
6113.85050 20.274 0.219
6113.86145 19.554 0.169
6114.58608 20.338 0.242
6114.62209 20.291 0.191
6114.67149 20.443 0.217
6114.71989 20.454 0.167
6114.75750 19.870 0.117
6114.79654 19.989 0.125
6114.83805 20.033 0.167
6115.48331 20.105 0.155
6115.52253 19.982 0.118
6115.55983 20.125 0.124
6115.61002 20.623 0.174
6115.66658 20.978 0.302
6115.71047 20.333 0.209
6115.77564 20.170 0.173
6116.48141 20.103 0.137
6116.52300 20.261 0.115
6116.56308 20.302 0.118
6116.61122 20.257 0.102
6116.65983 20.344 0.118
6116.69784 20.232 0.121
6116.74510 20.313 0.134
6116.78385 20.136 0.121
6116.82584 20.107 0.122
6117.50334 19.885 0.114
6117.54079 20.121 0.128
6117.57813 20.265 0.130
6117.63006 20.270 0.112
6117.68082 20.166 0.106
6117.71966 19.846 0.088
6117.75883 20.338 0.141
6117.79633 20.217 0.137
6117.83433 20.017 0.141
6118.49337 20.407 0.176
6118.53162 19.966 0.099
6118.57192 20.311 0.117
6118.62224 20.021 0.084
6118.67785 20.253 0.115
6118.71983 20.299 0.107
6118.75861 20.229 0.115
6118.79583 19.887 0.096
6118.83349 20.431 0.166
6119.48165 20.344 0.201
6119.52083 20.628 0.220
6119.56103 20.374 0.165
6119.60836 19.934 0.109
6119.66038 20.724 0.181
6119.69914 20.339 0.113
6119.72650 20.232 0.115
6119.76605 20.310 0.153
6119.80433 21.125 0.394
6120.50974 20.797 0.302
6120.54925 20.040 0.141
6120.60424 20.090 0.103
6120.66531 20.038 0.091
6120.70451 20.286 0.146
6120.74593 20.091 0.099
6120.79165 20.100 0.123
6120.83139 20.324 0.206
6121.50157 20.374 0.125
6121.53931 20.298 0.125
6121.57688 20.325 0.090
6121.64419 20.215 0.092
6121.68224 20.086 0.074
6121.70841 20.263 0.098
6121.74648 20.116 0.078
6121.78600 20.120 0.087
6123.51425 20.439 0.211
6123.55266 20.226 0.140
6123.59977 20.194 0.120
6123.65068 19.983 0.098
6123.69023 20.000 0.089
6123.72797 20.374 0.139
6123.76921 19.788 0.099
6123.80820 19.990 0.120
6124.49816 20.500 0.231
6124.53786 20.301 0.133
6124.59886 20.219 0.120
6124.66884 20.061 0.106
6124.70857 20.168 0.110
6124.74918 20.278 0.137
6124.78947 20.824 0.290
6124.82933 20.684 0.219
6125.55334 20.851 0.229
6125.61512 20.400 0.152
6125.67016 20.319 0.147
6125.71271 20.088 0.114
6125.75799 20.418 0.139
6125.79864 20.555 0.178
6126.49092 20.843 0.256
6126.54229 20.219 0.125
6126.58766 20.359 0.174
6126.64678 20.212 0.130
6126.70548 20.489 0.155
6126.74982 20.302 0.123
6127.49123 20.330 0.175
6127.53316 20.030 0.132
6127.61774 20.597 0.211
6127.72000 20.241 0.131
6127.78819 20.394 0.138
6128.54232 20.126 0.096
6128.58174 20.511 0.152
6128.63066 20.516 0.137
6128.68117 20.081 0.109
6129.66050 20.086 0.086
6130.71633 20.191 0.138
6131.51731 20.304 0.164
6131.56503 20.258 0.137
6131.67643 20.474 0.147
6131.74593 20.315 0.153
6132.49787 20.072 0.144
6132.65419 20.540 0.205
6132.74059 20.293 0.127
6132.77712 20.389 0.167
6133.55127 20.028 0.123
6133.59972 20.216 0.130
6133.66179 20.550 0.167
6133.70493 19.942 0.107
6133.75358 20.427 0.162
6134.51983 21.417 0.532
6134.56294 20.398 0.253
6134.60641 20.790 0.319
6134.67326 20.258 0.163
6135.50371 20.909 0.316
6135.54542 21.363 0.536
6135.60574 20.509 0.201
6135.67267 20.148 0.154
6135.72523 20.867 0.227
6135.76718 20.141 0.126
6135.80867 21.152 0.398
6136.59524 19.955 0.161
6136.62140 19.869 0.156
6136.65188 20.308 0.213
6136.73010 21.326 0.649
6140.50600 20.177 0.209
6140.55434 20.280 0.216
6140.60735 20.306 0.244
6140.64521 20.436 0.273
6140.68436 20.326 0.231
6140.72752 20.307 0.292
6140.76729 20.370 0.587
6141.49363 20.851 0.304
6141.53130 20.144 0.152
6141.57957 20.139 0.176
6141.62913 20.035 0.145
6141.66679 20.308 0.173
6141.70771 20.500 0.230
6141.74625 20.617 0.250
6141.78272 19.695 0.132
6142.53487 20.269 0.216
6142.57738 20.396 0.292
6142.68403 20.090 0.231
6143.71781 20.201 0.221
6147.50472 20.914 0.315
6147.56518 20.576 0.198
6147.60739 20.315 0.195
6147.64868 20.487 0.217
6147.70253 19.978 0.151
6148.49671 20.302 0.111
6148.53490 20.475 0.122
6148.59490 20.026 0.097
6148.63871 20.038 0.079
6148.68062 20.200 0.106
6149.55993 20.044 0.115
6149.60523 19.795 0.100
6150.48298 20.471 0.241
6150.53595 20.207 0.141
6150.58830 19.839 0.115
6150.63848 20.153 0.122
6150.67839 20.368 0.159
6151.53980 20.669 0.304
6151.58090 20.465 0.189
6151.62131 20.037 0.130
6151.66081 20.178 0.138
6151.70221 20.043 0.157
6151.74030 20.026 0.124
6152.51151 20.214 0.134
6152.54985 20.599 0.183
6152.60450 20.205 0.118
6152.65448 19.993 0.097
6153.69330 20.324 0.179
6154.50008 20.299 0.145
6154.54008 20.847 0.235
6154.60938 19.885 0.110
6154.69280 20.335 0.163
6157.64766 20.179 0.159
6157.69099 20.961 0.337
6158.48786 20.152 0.108
6158.53829 20.206 0.108
6158.58877 20.585 0.186
6158.63061 20.133 0.118
6158.67004 20.455 0.186
6158.70949 20.223 0.130
6159.49534 20.879 0.326
6159.55035 20.617 0.216
6159.59126 20.563 0.194
6159.66231 19.863 0.112
6159.71853 20.264 0.179
6160.51911 20.236 0.113
6160.59091 20.120 0.098
6160.63246 20.087 0.109
6160.67257 19.918 0.104
6160.72541 19.892 0.101
6161.51495 20.820 0.322
6161.55642 20.395 0.184
6161.60709 20.074 0.127
6161.67958 20.480 0.227
6164.49238 20.224 0.125
6164.55538 20.309 0.215
6164.59410 20.130 0.166
6164.65118 20.193 0.173
6167.53673 19.793 0.169
6167.58686 19.890 0.204
6167.63933 20.180 0.253
6168.53884 20.430 0.146
6168.60346 20.172 0.126
6168.65981 20.199 0.127
6168.69722 20.568 0.201
6168.70440 20.144 0.147
6169.53094 20.005 0.129
6169.58134 19.944 0.102
6169.62179 20.936 0.285
6169.66164 19.778 0.099
6169.69941 20.372 0.245
6171.53515 20.248 0.137
6171.58418 20.186 0.140
6171.62583 19.712 0.104
6171.67292 20.231 0.184
6172.49410 20.517 0.102
6172.54541 20.454 0.142
6172.59445 20.282 0.122
6172.63435 20.141 0.104
6172.67636 19.970 0.147
6174.60012 19.919 0.169
6174.63398 20.496 0.293
6175.49723 20.211 0.118
6175.54558 20.349 0.141
6175.58386 20.420 0.170
6175.62220 20.252 0.167
6175.66870 20.093 0.160
6179.55892 19.843 0.119
6179.60067 19.936 0.149
6179.64149 19.941 0.150
6180.48740 21.095 0.582
6180.54684 20.421 0.200
6180.58469 20.711 0.304
6180.62584 20.485 0.225
6180.66122 20.116 0.185
6181.49182 20.570 0.212
6181.54584 20.242 0.126
6181.58754 19.958 0.095
6181.62661 20.175 0.131
6182.49220 20.603 0.201
6182.54709 20.465 0.169
6182.59529 20.103 0.109
6182.64041 19.711 0.112
6183.48933 20.226 0.186
6183.59232 20.115 0.103
6183.63141 20.267 0.124
6184.52719 20.312 0.118
6184.58566 19.984 0.084
6184.63147 19.783 0.082
6185.49404 20.249 0.109
6185.55289 20.198 0.102
6185.59221 20.442 0.129
6185.64254 20.217 0.147
6186.50685 20.471 0.223
6186.56390 20.099 0.134
6186.60959 20.700 0.216
6190.50386 20.758 0.260
6190.56077 20.117 0.107
6190.60125 19.988 0.099
6191.50079 20.103 0.165
6191.55657 20.160 0.140
6191.59929 20.587 0.204
6191.64253 20.012 0.113
6195.51789 20.047 0.120
6195.55853 20.170 0.147
6195.59721 20.492 0.181
6195.63505 20.886 0.306
6196.51698 19.966 0.142
6196.55555 20.260 0.182
6196.59631 19.900 0.134
6196.63212 20.391 0.225
6197.51866 20.379 0.196
6197.55730 20.385 0.216
6197.59805 20.239 0.214
6198.56370 20.613 0.277
6199.52771 19.856 0.159
6200.59710 20.176 0.241
6200.62024 20.148 0.212
6203.51642 20.141 0.173
6203.56720 20.317 0.215
6203.60787 20.632 0.426
6204.52068 20.065 0.133
6204.55931 20.534 0.211
6204.59713 20.219 0.162
6205.50061 20.016 0.133
6205.54355 20.262 0.126
6205.58162 20.137 0.120
6208.51319 20.504 0.217
6209.57699 20.307 0.224
6210.51454 20.565 0.202
6210.55271 20.100 0.139
6210.59184 19.959 0.138
6211.51611 20.394 0.149
6211.55831 20.247 0.131
6211.59674 20.132 0.160
6212.51550 19.961 0.113
6212.55430 20.234 0.143
6213.49052 19.973 0.170
6213.53067 20.156 0.130
6213.56917 20.278 0.200
6214.52352 21.172 0.438
6214.55914 20.107 0.161
6215.53499 20.627 0.339
6216.52626 20.300 0.163
6216.56512 20.542 0.194
6217.52084 20.148 0.115
6217.55892 20.042 0.106
6218.49579 20.177 0.155
6218.53426 20.171 0.214
6218.57244 20.972 0.380
6219.52861 20.511 0.179
6219.56727 20.777 0.321
6223.50915 20.505 0.283
6223.56015 20.871 0.415
6224.49617 20.568 0.386
6226.49933 20.283 0.238
6227.51558 20.166 0.190
6231.51852 20.898 0.434
6233.49943 19.946 0.251
6233.54899 20.230 0.187
6234.53673 20.367 0.261
6238.53404 20.066 0.182
6329.88112 20.314 0.277
6334.87640 20.162 0.130
6335.85670 20.053 0.166
6337.86779 20.485 0.229
6338.84630 20.153 0.159
6338.88989 20.040 0.145
6339.87262 20.161 0.112
6340.88276 20.220 0.123
6343.85548 20.172 0.164
6343.89102 19.999 0.137
6344.85473 20.693 0.171
6344.89828 20.502 0.321
6345.86349 20.440 0.163
6347.82677 20.127 0.161
6347.86673 20.559 0.174
6348.81880 20.134 0.155
6348.86031 20.232 0.132
6349.83020 20.144 0.176
6349.86576 20.517 0.228
6350.81937 20.285 0.196
6350.86585 19.920 0.132
6351.81797 20.157 0.186
6351.86628 20.535 0.224
6352.81573 20.588 0.234
6352.86215 20.135 0.113
6353.79693 20.218 0.158
6353.83753 20.632 0.211
6353.89357 20.489 0.160
6354.87025 20.564 0.179
6355.85539 20.435 0.243
6358.82579 20.125 0.115
6358.87022 20.311 0.139
6360.79223 20.864 0.195
6360.82962 20.326 0.106
6360.87722 20.289 0.121
6361.81525 20.268 0.125
6361.85258 20.521 0.160
6361.89571 20.031 0.121
6362.80064 20.374 0.191
6362.83803 20.455 0.141
6362.88936 20.090 0.113
6363.80698 20.434 0.174
6363.86195 20.026 0.098
6367.81721 20.746 0.168
6367.86557 20.348 0.103
6367.90400 20.614 0.138
6368.80228 20.253 0.127
6368.85539 20.381 0.121
6368.89544 20.464 0.137
6369.78294 20.707 0.225
6369.82254 20.423 0.136
6369.87745 20.256 0.103
6370.76782 19.777 0.088
6370.81260 20.422 0.128
6370.85592 20.487 0.154
6370.89520 20.412 0.125
6371.77725 20.599 0.165
6371.82625 20.465 0.134
6371.86502 20.551 0.128
6371.90845 19.999 0.094
6372.81871 20.433 0.124
6372.85856 20.041 0.089
6372.90118 20.019 0.093
6373.82428 19.995 0.096
6373.86373 20.336 0.142
6373.90333 20.528 0.181
6374.76914 20.070 0.146
6374.81867 20.282 0.119
6374.85905 20.640 0.171
6374.89992 20.295 0.120
6375.76680 20.511 0.168
6375.81565 20.294 0.114
6375.83392 20.162 0.111
6375.87396 20.820 0.176
6375.91464 20.393 0.133
6376.77759 20.397 0.168
6376.82996 20.207 0.104
6376.86912 20.435 0.141
6376.91171 20.246 0.104
6377.79213 20.451 0.134
6377.84187 20.356 0.110
6377.88269 20.583 0.120
6378.74929 20.284 0.181
6378.78843 20.242 0.129
6378.83714 20.205 0.105
6378.87848 20.770 0.158
6378.91825 19.863 0.096
6379.77306 20.432 0.172
6379.82224 20.125 0.118
6379.86176 20.468 0.162
6379.90757 20.643 0.147
6380.76272 20.239 0.121
6380.80116 20.412 0.133
6380.82475 20.627 0.168
6380.86547 20.587 0.155
6380.91148 20.342 0.115
6381.77038 20.001 0.112
6381.81949 20.349 0.115
6381.85826 20.473 0.116
6381.89816 20.290 0.113
6382.76480 19.958 0.153
6382.80319 20.284 0.152
6382.84239 20.256 0.152
6382.88307 20.200 0.155
6386.75791 20.234 0.158
6386.80891 20.253 0.131
6386.85521 20.717 0.199
6386.90640 20.925 0.325
6387.72871 19.971 0.137
6387.77084 20.582 0.146
6387.81517 20.185 0.118
6387.85414 20.215 0.110
6387.89589 20.951 0.281
6388.73076 20.064 0.131
6388.79325 20.466 0.147
6388.83240 20.475 0.136
6388.90639 20.341 0.126
6389.72908 20.374 0.197
6389.77008 20.656 0.186
6389.81131 20.094 0.100
6389.84978 20.430 0.154
6389.88931 20.507 0.159
6390.71406 20.258 0.161
6390.75416 19.991 0.101
6390.79600 20.516 0.156
6390.84045 20.254 0.112
6390.88534 20.622 0.160
6390.92589 21.369 0.655
6391.73049 20.090 0.166
6391.78150 20.042 0.163
6391.82141 20.127 0.147
6391.87432 21.095 0.373
6393.71878 19.803 0.108
6393.76464 20.334 0.167
6393.80390 20.374 0.158
6393.85627 20.393 0.144
6393.89957 20.689 0.238
6394.71910 20.599 0.268
6394.77173 20.338 0.178
6394.81919 20.875 0.296
6394.85827 20.695 0.188
6394.92292 20.324 0.155
6395.72280 20.151 0.126
6395.77141 20.328 0.124
6395.82107 20.317 0.104
6395.86009 20.724 0.140
6395.90412 20.231 0.101
6396.70828 20.151 0.114
6396.75516 20.519 0.118
6396.80495 20.261 0.094
6396.84765 20.753 0.135
6396.88864 20.224 0.106
6396.92821 20.060 0.152
6397.72131 20.113 0.098
6397.77213 20.429 0.114
6397.82103 20.344 0.102
6397.85890 20.443 0.121
6397.89762 20.224 0.101
6398.68980 20.256 0.145
6398.72874 20.280 0.108
6398.79055 20.354 0.116
6398.82856 20.072 0.094
6398.86890 20.729 0.192
6398.90955 20.606 0.162
6399.69562 20.355 0.164
6399.73443 20.317 0.155
6399.78328 20.196 0.103
6399.83111 20.135 0.106
6399.86968 19.754 0.081
6400.68184 20.435 0.205
6400.73050 19.972 0.101
6400.79509 21.010 0.242
6400.85095 20.011 0.094
6400.89889 20.321 0.132
6401.74381 20.095 0.095
6401.78542 20.314 0.115
6401.83271 20.245 0.106
6401.87441 20.489 0.125
6401.91276 20.173 0.100
6402.70603 20.240 0.160
6402.74389 20.341 0.179
6402.79106 20.136 0.140
6402.83977 20.251 0.161
6402.87981 20.361 0.159
6402.92149 21.141 0.545
6403.70943 20.184 0.100
6403.74701 19.945 0.085
6403.78631 20.236 0.091
6403.83326 20.414 0.115
6403.87317 20.180 0.108
6403.92988 21.027 0.331
6404.72910 20.666 0.173
6404.76853 20.022 0.105
6404.81776 20.428 0.142
6404.85691 20.293 0.115
6404.90575 19.954 0.111
6405.81317 20.651 0.271
6405.86074 20.386 0.117
6405.90282 20.179 0.092
6406.76030 20.194 0.175
6406.82118 20.284 0.232
6406.92263 20.037 0.093
6407.70035 20.158 0.194
6407.73817 20.514 0.223
6407.77637 20.319 0.139
6407.81584 20.049 0.128
6407.86574 21.308 0.402
6407.91392 19.815 0.107
6408.76902 20.053 0.181
6408.80888 20.565 0.243
6409.78406 19.862 0.156
6409.82785 20.031 0.167
6409.88364 20.388 0.222
6409.92178 19.994 0.129
6415.70707 19.963 0.168
6415.76210 20.435 0.172
6415.80274 20.012 0.153
6415.84614 20.084 0.192
6415.90405 20.574 0.169
6416.64436 20.780 0.278
6416.68910 20.228 0.180
6416.75239 20.597 0.144
6416.79055 20.306 0.108
6416.84089 20.219 0.108
6416.90604 20.227 0.104
6417.67732 19.621 0.114
6417.71480 20.919 0.276
6417.75300 20.538 0.193
6417.79988 20.330 0.150
6417.84067 20.431 0.168
6417.88865 20.762 0.223
6417.92805 20.127 0.121
6418.66050 20.294 0.160
6418.69806 20.313 0.153
6418.73556 20.202 0.121
6418.77315 20.464 0.138
6418.82178 19.992 0.089
6418.86219 20.367 0.121
6418.90953 20.479 0.147
6419.65866 20.449 0.241
6419.70938 19.769 0.078
6419.74743 20.270 0.116
6419.78632 20.262 0.134
6419.83752 20.801 0.222
6419.88514 19.771 0.078
6419.92316 20.299 0.125
6420.65157 20.244 0.121
6420.68917 20.012 0.080
6420.72702 20.366 0.104
6420.76290 20.201 0.087
6420.82250 20.255 0.093
6420.86136 20.400 0.112
6420.91034 20.641 0.140
6421.79077 20.080 0.104
6421.83148 20.158 0.103
6421.89005 20.231 0.158
6422.68292 20.305 0.132
6422.73514 20.016 0.090
6422.77299 20.561 0.132
6422.88457 20.208 0.215
6423.64514 20.358 0.183
6423.69284 20.258 0.147
6423.75005 20.308 0.161
6423.81413 20.886 0.204
6423.85265 19.936 0.102
6423.89133 20.213 0.134
6423.92935 20.433 0.190
6424.65287 20.283 0.141
6424.69334 20.272 0.128
6424.75268 20.228 0.109
6424.80294 20.541 0.122
6424.84701 20.125 0.107
6424.88849 20.519 0.157
6424.94135 20.459 0.251
6426.64089 20.240 0.134
6426.68156 20.542 0.161
6426.77678 20.064 0.099
6426.84008 20.466 0.131
6426.88119 20.655 0.199
6426.92195 20.716 0.177
6427.72391 21.366 0.371
6427.88465 19.842 0.108
6428.64315 20.112 0.186
6428.69260 19.994 0.132
6428.73410 19.844 0.104
6428.78466 20.396 0.149
6428.83861 20.297 0.152
6428.88118 20.923 0.259
6428.92153 20.314 0.195
6429.94546 20.196 0.217
6431.63499 21.064 0.579
6431.68169 20.325 0.217
6431.73222 20.332 0.137
6431.78379 20.453 0.148
6431.82599 20.279 0.122
6431.86629 20.301 0.142
6431.90700 20.713 0.287
6432.64118 20.811 0.248
6432.66336 21.256 0.415
6432.70631 20.012 0.101
6432.76565 20.313 0.135
6432.80754 20.223 0.123
6432.84758 20.534 0.163
6432.88831 20.084 0.162
6432.92881 20.309 0.152
6433.61183 20.737 0.363
6433.65229 19.892 0.125
6433.69293 20.246 0.160
6433.74281 19.988 0.127
6433.79439 20.259 0.215
6434.60344 20.400 0.293
6434.64222 20.144 0.208
6434.68427 20.234 0.168
6434.73371 20.180 0.137
6434.78459 20.371 0.135
6434.82682 20.271 0.164
6434.86703 20.457 0.156
6434.94068 20.243 0.250
6435.63077 20.431 0.209
6435.67283 20.046 0.118
6435.71504 20.247 0.129
6435.77487 20.216 0.107
6435.81729 20.406 0.160
6435.86073 19.989 0.109
6435.90399 20.450 0.150
6435.94410 20.340 0.238
6436.61682 19.983 0.144
6436.65971 19.791 0.111
6436.70175 20.821 0.225
6436.75401 20.621 0.200
6436.80782 20.081 0.137
6436.84921 19.935 0.113
6436.89101 20.149 0.137
6436.93295 19.949 0.140
6437.72341 20.481 0.352
6437.74871 20.406 0.252
6437.82760 21.127 0.585
6437.86339 20.742 0.365
6437.90533 20.754 0.413
6441.64061 20.371 0.349
6441.72437 20.156 0.175
6441.77636 20.955 0.385
6441.82925 19.931 0.153
6441.87270 20.493 0.279
6441.91424 20.538 0.377
6442.57247 20.294 0.148
6442.60931 20.161 0.121
6442.64934 20.145 0.115
6442.68941 20.430 0.140
6442.75093 20.167 0.092
6442.79323 20.190 0.101
6442.83361 20.260 0.116
6442.87344 20.197 0.110
6442.91325 20.224 0.144
6443.59150 20.194 0.220
6443.67045 20.241 0.164
6443.75269 20.359 0.188
6443.82147 20.273 0.255
6444.68970 19.943 0.186
6444.75933 20.434 0.161
6444.81249 20.159 0.125
6444.85336 20.226 0.126
6444.89516 20.485 0.181
6444.94556 20.720 0.418
6445.61391 20.202 0.154
6445.65852 20.235 0.120
6445.71558 20.069 0.110
6445.76293 20.268 0.127
6445.81993 20.190 0.124
6445.86520 20.086 0.181
6445.91278 20.174 0.174
6446.56078 20.213 0.124
6446.60359 20.108 0.098
6446.64598 20.294 0.115
6446.69562 20.481 0.124
6446.75097 20.184 0.102
6446.79362 20.693 0.145
6446.83574 20.273 0.100
6446.90182 20.168 0.123
6446.94235 19.835 0.113
6447.58088 20.602 0.202
6447.62014 20.462 0.153
6447.65989 20.094 0.106
6447.71014 20.387 0.132
6447.76533 20.232 0.113
6447.80715 20.046 0.093
6447.84722 20.148 0.115
6447.88774 20.115 0.096
6447.92838 20.054 0.104
6448.56812 19.828 0.141
6448.60992 20.370 0.159
6448.65027 20.377 0.160
6448.69141 20.974 0.283
6448.75164 20.176 0.086
6448.79430 20.321 0.117
6448.83618 20.206 0.120
6448.87682 19.958 0.134
6448.91909 19.938 0.158
6449.56660 20.860 0.285
6449.60995 20.165 0.130
6449.65320 20.131 0.139
6449.69348 20.258 0.119
6449.74537 20.504 0.182
6449.79559 20.753 0.215
6449.83690 20.048 0.106
6449.87740 19.848 0.107
6449.92034 19.729 0.138
6450.56046 20.574 0.247
6450.60317 20.412 0.167
6450.64580 20.057 0.093
6450.69556 20.235 0.100
6450.74589 20.068 0.082
6450.78695 20.942 0.211
6450.82800 20.205 0.111
6450.87365 20.639 0.175
6450.91747 20.193 0.136
6451.56320 20.544 0.234
6451.60865 20.495 0.191
6451.64909 20.041 0.114
6451.69159 20.110 0.106
6451.75301 20.314 0.146
6451.79379 20.249 0.126
6451.83453 20.084 0.110
6451.87524 20.453 0.169
6451.91763 20.029 0.145
6452.57032 20.200 0.138
6452.61302 20.409 0.110
6452.65378 20.231 0.096
6452.70886 20.398 0.109
6452.80565 20.178 0.082
6452.84820 20.359 0.104
6452.88948 20.010 0.102
6454.54950 20.715 0.277
6454.58022 20.231 0.137
6454.62278 20.438 0.157
6454.66326 20.238 0.129
6454.71402 20.067 0.084
6454.76648 20.405 0.133
6454.80762 20.281 0.145
6454.84809 20.234 0.143
6454.88915 20.648 0.192
6455.54391 20.343 0.161
6455.57997 20.793 0.228
6455.68619 19.912 0.115
6455.78516 19.972 0.124
6456.54796 20.202 0.120
6456.58889 20.087 0.069
6456.63002 20.380 0.102
6456.68122 20.725 0.122
6456.73370 20.303 0.096
6456.77519 20.146 0.098
6456.81584 20.195 0.112
6456.89175 20.060 0.093
6457.69922 20.453 0.126
6457.76208 20.292 0.105
6457.80321 20.257 0.110
6457.84461 20.140 0.113
6457.88510 20.023 0.114
6458.54649 20.415 0.218
6458.58657 20.598 0.246
6458.62827 20.047 0.154
6458.66888 20.321 0.140
6458.72030 20.372 0.180
6458.77159 20.075 0.101
6458.81266 20.270 0.112
6458.85346 19.844 0.101
6458.89803 20.271 0.165
6459.54051 19.832 0.135
6459.57992 20.028 0.116
6459.62283 20.288 0.136
6459.66489 20.159 0.103
6459.72977 20.233 0.095
6459.77165 19.938 0.080
6459.81263 20.425 0.136
6459.85374 20.686 0.171
6459.89442 20.356 0.172
6460.59263 20.167 0.141
6460.64342 20.264 0.137
6460.71777 20.520 0.156
6460.79238 19.991 0.118
6460.88889 19.988 0.111
6461.56870 20.096 0.117
6461.61041 20.455 0.171
6461.65197 20.044 0.123
6461.70086 20.482 0.200
6461.76933 20.504 0.151
6461.82220 20.006 0.109
6461.87346 20.410 0.152
6462.60849 20.010 0.195
6462.65056 20.291 0.142
6462.70235 20.114 0.145
6462.82958 20.202 0.141
6462.87053 20.768 0.269
6463.52297 20.413 0.318
6463.56446 21.147 0.393
6463.60360 20.505 0.228
6463.64482 20.264 0.153
6463.69935 20.724 0.211
6463.75360 19.998 0.115
6463.79494 20.256 0.149
6463.83612 20.140 0.132
6463.88033 20.283 0.165
6464.57287 20.390 0.272
6464.61238 20.474 0.238
6464.65280 20.435 0.218
6464.69964 20.304 0.141
6464.75263 20.566 0.221
6464.80349 20.638 0.257
6464.84515 20.403 0.216
6464.88759 21.172 0.412
6468.55921 20.868 0.333
6468.60020 20.330 0.191
6468.64116 21.290 0.479
6468.71034 19.951 0.152
6468.75430 20.230 0.180
6468.81409 20.045 0.160
6469.54198 20.499 0.215
6469.58241 20.414 0.205
6469.62251 20.410 0.160
6469.68595 20.740 0.238
6469.72956 20.170 0.132
6469.76988 20.230 0.133
6471.60645 20.315 0.199
6471.85129 19.652 0.193
6472.60489 20.125 0.169
6472.64391 20.724 0.264
6472.69650 20.859 0.231
6472.74830 19.916 0.103
6472.78889 20.158 0.138
6472.82952 19.868 0.159
6473.54923 20.136 0.148
6473.59150 20.413 0.145
6473.63185 20.080 0.083
6473.68373 20.804 0.207
6473.73477 20.510 0.150
6473.77581 20.012 0.108
6473.81622 20.067 0.121
6473.85684 20.621 0.274
6474.53834 20.245 0.205
6474.57853 20.805 0.249
6474.62386 20.198 0.169
6474.66457 20.343 0.144
6474.71941 19.995 0.110
6474.76921 20.800 0.239
6474.80954 20.325 0.194
6474.84976 20.101 0.158
6475.48550 20.531 0.265
6475.52736 20.911 0.287
6475.57042 20.342 0.196
6475.63161 20.097 0.102
6475.68267 20.220 0.125
6475.73185 20.125 0.119
6475.77216 20.157 0.123
6475.81424 20.484 0.187
6475.85711 20.031 0.161
6476.49836 20.069 0.179
6476.53908 20.280 0.163
6476.57990 19.983 0.121
6476.62131 20.292 0.134
6476.68677 20.218 0.133
6476.72761 19.841 0.102
6476.76839 20.334 0.143
6476.80891 20.559 0.171
6477.53242 20.005 0.114
6477.57357 20.318 0.141
6477.61427 20.010 0.121
6477.68011 20.316 0.160
6477.72086 20.336 0.144
6477.76139 20.075 0.152
6477.80251 20.458 0.234
6478.52994 20.524 0.203
6478.57022 20.896 0.284
6478.61042 20.414 0.144
6478.66601 19.929 0.125
6479.56472 20.631 0.223
6479.60564 20.254 0.128
6479.64733 20.394 0.133
6479.70179 19.976 0.130
6479.75968 20.094 0.137
6479.82435 19.763 0.125
6479.85174 20.051 0.186
6480.56177 20.614 0.212
6480.60237 20.316 0.177
6480.65329 20.297 0.124
6480.74566 20.250 0.145
6480.78613 19.997 0.114
6481.49918 20.657 0.268
6481.54049 20.186 0.127
6481.58407 20.476 0.182
6481.64191 20.422 0.187
6481.74259 19.885 0.114
6481.78513 20.146 0.148
6481.82755 20.112 0.181
6482.80207 19.777 0.163
6483.81376 19.911 0.138
6484.49352 20.719 0.256
6485.46698 20.445 0.257
6485.51270 20.092 0.135
6485.55947 20.330 0.157
6485.63814 20.282 0.108
6485.70127 20.317 0.118
6485.74408 20.398 0.120
6485.79015 20.348 0.150
6486.47058 21.053 0.399
6486.51306 20.257 0.139
6486.55939 20.114 0.117
6486.60469 20.318 0.140
6486.67052 19.947 0.090
6486.72339 20.569 0.186
6486.76777 20.052 0.101
6486.81050 20.250 0.126
6487.46879 20.697 0.227
6487.51292 20.922 0.240
6487.55905 20.355 0.120
6487.60021 20.285 0.096
6487.67296 20.212 0.092
6487.71377 20.330 0.103
6487.75746 20.409 0.117
6487.80275 20.251 0.108
6489.50912 20.408 0.198
6489.55105 20.209 0.140
6489.59399 20.572 0.166
6489.65349 20.296 0.143
6489.70540 20.787 0.268
6489.74768 20.373 0.168
6489.80885 20.468 0.241
6490.48218 20.296 0.180
6490.52312 20.331 0.147
6490.62178 20.305 0.134
6490.66904 20.873 0.217
6490.70974 20.539 0.148
6490.75047 20.295 0.127
6491.46999 19.814 0.141
6491.51303 20.181 0.163
6491.55800 20.161 0.146
6491.61827 20.741 0.267
6491.68996 20.250 0.133
6491.73189 20.578 0.167
6491.77419 19.938 0.107
6491.81807 19.924 0.139
6492.50201 20.546 0.262
6492.54850 20.619 0.229
6492.59880 20.138 0.140
6492.66371 20.216 0.203
6492.73560 20.220 0.176
6492.77937 20.143 0.195
6496.48724 20.058 0.209
6496.52771 20.352 0.246
6496.56769 19.975 0.175
6496.62828 20.492 0.309
6497.58222 20.165 0.193
6497.63467 20.426 0.221
6497.68523 20.765 0.322
6497.72637 20.538 0.255
6497.76711 19.937 0.147
6498.46793 20.435 0.166
6498.51151 20.203 0.104
6498.55642 20.252 0.104
6498.60055 20.455 0.131
6498.64805 20.254 0.160
6498.69095 20.478 0.192
6498.73428 20.356 0.141
6498.77983 20.429 0.201
6499.48215 20.044 0.127
6499.52584 20.416 0.139
6499.56870 20.102 0.100
6500.53798 20.192 0.198
6500.60190 19.998 0.182
6500.67941 20.169 0.169
6500.73045 19.884 0.133
6501.55802 19.972 0.131
6501.61865 20.537 0.155
6501.66409 20.407 0.142
6501.70649 19.969 0.096
6501.74943 19.881 0.123
6501.78787 20.354 0.247
6504.63930 20.482 0.186
6504.68156 20.057 0.107
6504.72403 19.964 0.113
6505.47555 19.940 0.152
6505.53534 20.352 0.160
6505.57990 20.969 0.324
6505.65128 20.164 0.131
6505.69221 19.798 0.095
6505.73510 20.928 0.314
6505.77746 20.317 0.234
6506.56870 20.381 0.198
6506.64910 20.270 0.185
6506.70995 20.298 0.197
6506.75183 20.564 0.244
6507.63999 20.121 0.149
6507.70897 21.111 0.525
6508.51837 20.205 0.132
6508.56972 20.369 0.182
6508.61785 20.128 0.102
6508.65996 19.775 0.078
6508.70158 20.771 0.206
6508.76148 20.047 0.100
6509.52297 20.464 0.132
6509.58369 20.378 0.104
6509.62543 20.349 0.103
6509.66711 20.334 0.113
6509.70843 20.158 0.105
6509.75104 20.379 0.168
6510.48945 20.484 0.143
6510.55221 21.032 0.230
6510.59914 20.552 0.125
6510.64172 20.092 0.087
6510.71162 20.625 0.196
6510.75559 20.149 0.190
6511.52176 20.446 0.181
6511.60024 20.457 0.158
6511.65495 20.522 0.153
6511.70469 20.323 0.133
6511.75747 20.017 0.119
6512.75046 19.966 0.169
6514.52050 20.064 0.151
6514.59319 20.407 0.128
6514.65869 20.048 0.097
6514.71386 20.071 0.099
6515.47734 20.486 0.149
6515.54518 20.718 0.179
6515.61086 20.660 0.156
6515.67472 20.230 0.105
6515.75390 20.076 0.112
6516.60272 20.008 0.102
6516.65458 20.414 0.152
6518.49018 20.335 0.143
6518.56212 20.144 0.096
6518.61541 19.905 0.086
6518.66233 20.256 0.112
6518.71050 20.050 0.097
6519.49592 20.669 0.183
6519.56828 20.712 0.191
6519.61676 20.554 0.158
6519.66827 20.471 0.146
6519.71567 20.563 0.187
6523.50405 20.404 0.179
6523.54237 20.103 0.127
6523.57837 20.245 0.138
6523.61745 20.132 0.150
6523.65809 20.150 0.161
6523.69948 21.163 0.515
6524.52092 21.291 0.356
6524.56962 20.693 0.209
6524.61776 20.300 0.154
6524.66636 20.216 0.159
6525.52370 20.202 0.181
6525.57162 20.464 0.239
6525.62375 20.388 0.253
6526.66539 20.323 0.185
6526.69613 19.935 0.134
6527.62682 20.802 0.445
6529.59729 19.949 0.132
6529.63987 20.373 0.187
6530.67729 20.086 0.202
6531.50681 20.646 0.210
6531.58275 20.415 0.152
6531.63030 20.640 0.216
6531.67834 20.025 0.119
6532.50839 20.212 0.142
6532.61240 20.194 0.120
6532.67377 20.335 0.186
6533.52390 20.508 0.211
6533.59443 20.348 0.144
6533.65553 20.007 0.104
6534.54755 20.237 0.125
6534.59840 20.193 0.124
6534.63865 19.956 0.114
6535.53282 20.730 0.316
6536.47775 20.012 0.157
6536.56959 20.130 0.087
6536.62008 20.102 0.109
6538.51603 20.101 0.104
6538.56870 20.496 0.160
6538.61111 19.878 0.099
6539.51816 20.281 0.130
6539.56403 20.288 0.159
6539.62190 20.139 0.124
6541.51399 20.296 0.143
6541.57379 20.325 0.122
6541.61945 20.611 0.139
6543.53160 20.711 0.213
6543.58308 20.227 0.137
6543.62742 19.846 0.101
6544.51894 20.218 0.134
6544.56954 20.222 0.151
6545.48143 20.666 0.201
6545.52696 20.352 0.115
6545.57205 20.136 0.117
6545.61795 20.132 0.099
6546.48938 20.230 0.198
6546.55711 19.965 0.176
6546.60931 20.634 0.250
6547.56858 20.893 0.400
6547.61571 19.855 0.185
6551.56283 19.837 0.166
6552.55464 20.288 0.230
6555.58594 20.105 0.152
6555.63751 20.128 0.205
6556.64852 20.055 0.183
6558.52624 20.127 0.101
6558.56680 20.210 0.122
6558.61974 19.916 0.125
6559.51210 20.475 0.226
6559.56589 20.079 0.117
6559.61897 19.975 0.134
6560.52653 20.189 0.130
6560.57019 20.282 0.150
6560.62601 20.674 0.281
6561.53060 20.140 0.146
6561.57099 20.227 0.159
6562.52944 20.056 0.123
6562.57655 20.636 0.185
6562.62003 20.426 0.154
6563.54525 20.078 0.176
6563.59122 20.762 0.260
6563.62875 19.720 0.117
6564.52416 20.155 0.151
6564.56570 20.136 0.138
6565.49281 20.138 0.166
6565.59091 20.365 0.163
6567.53392 20.373 0.239
6567.57608 19.946 0.158
6568.52987 20.050 0.202
6568.57067 20.241 0.170
6568.61355 20.085 0.159
6569.52109 20.105 0.099
6569.56206 20.301 0.130
6569.60319 20.477 0.195
6570.53961 20.740 0.249
6571.48624 19.941 0.180
6571.54694 20.498 0.225
6571.59613 19.801 0.117
6572.51944 20.180 0.180
6572.57809 19.794 0.114
6573.50000 20.301 0.164
6573.54070 20.406 0.164
6573.58738 20.771 0.249
6577.52390 20.464 0.399
6577.56770 20.179 0.268
6578.50645 20.028 0.160
6578.56144 20.281 0.194
6579.48619 20.544 0.402
6579.54544 20.203 0.198
6580.50343 19.835 0.170
6581.50492 20.606 0.220
6581.56179 19.903 0.136
6582.56899 20.400 0.201
6583.52747 20.391 0.292
6583.56480 20.195 0.291
6584.52150 20.215 0.240
6585.52352 19.765 0.145
6585.56138 20.825 0.404
6590.54360 20.574 0.256
6593.49825 20.122 0.205
6593.51114 20.824 0.324
6595.52027 20.725 0.318
6600.50156 19.949 0.222
