2125.54272 16.823 0.023
2129.62606 20.902 0.382
2160.53942 18.560 0.077
2187.51621 17.563 0.034
2206.51166 19.067 0.151
2331.85239 21.246 0.724
2346.89874 18.475 0.049
2358.82243 18.929 0.080
2386.85204 17.659 0.033
2397.75724 18.413 0.044
2401.78200 20.302 0.267
2403.83802 22.602 1.891
2428.75179 17.867 0.032
2436.70845 20.801 0.390
2438.68672 17.829 0.032
2440.79095 19.562 0.132
2448.54799 17.769 0.053
2459.50148 17.371 0.029
2464.71274 22.373 1.446
2469.63011 18.698 0.046
2471.64193 19.924 0.154
2483.67183 22.444 2.158
2490.62180 17.482 0.028
2493.58162 20.616 0.385
2495.65563 21.376 0.592
2508.59694 18.496 0.056
2517.65402 18.212 0.042
2526.60849 18.299 0.042
2537.58895 21.128 1.099
2556.51606 19.429 0.156
2563.54955 18.516 0.056
2733.85517 18.629 0.081
2744.82522 21.848 3.177
2789.68073 18.626 0.056
2791.64441 20.735 0.406
2803.55313 20.651 0.957
2808.88816 19.935 0.379
2810.81960 19.971 0.224
2811.85681 20.381 0.300
2815.77521 23.207 4.048
2817.72809 18.010 0.038
2818.79109 17.944 0.041
2820.66335 20.310 0.290
2841.62493 17.691 0.031
2843.56101 18.694 0.077
2851.75475 17.870 0.048
2853.75761 18.497 0.072
2859.61572 23.472 7.069
2863.57997 18.100 0.046
2866.67202 20.634 0.474
2872.65755 21.225 0.501
2892.59233 18.701 0.111
2896.61397 20.177 0.256
2917.54307 17.944 0.048
3051.84957 18.368 0.097
3072.88144 19.822 0.145
3075.77834 17.663 0.035
3079.83481 17.805 0.036
3082.79590 22.660 2.176
3086.78268 21.552 0.629
3102.81901 22.132 1.528
3103.89437 18.775 0.071
3106.77189 18.492 0.068
3107.91872 21.409 0.791
3109.74034 22.256 1.439
3115.81832 18.181 0.040
3134.71538 18.330 0.094
3135.81089 18.356 0.046
3137.86297 19.154 0.124
3139.81535 20.940 0.385
3153.70736 18.924 0.103
3154.76250 18.115 0.052
3156.74987 17.755 0.029
3158.80889 17.208 0.024
3163.71824 21.414 0.665
3165.80385 20.623 0.271
3169.67140 22.285 1.442
3171.69568 20.257 0.217
3172.68252 20.560 0.264
3174.65937 21.653 0.708
3175.66121 21.701 0.773
3178.72379 20.349 0.322
3179.60173 19.653 0.125
3179.85749 19.020 0.102
3180.65243 19.002 0.057
3182.72257 18.556 0.051
3183.66728 19.698 0.196
3184.64693 20.447 0.223
3193.81966 21.579 0.908
3197.59244 22.726 2.343
3202.58963 18.409 0.056
3203.71335 20.054 0.192
3204.70900 21.288 0.597
3205.63398 20.933 0.386
3210.60572 17.808 0.033
3211.67775 17.653 0.033
3217.60179 21.084 0.600
3218.60106 23.177 4.927
3223.59830 17.246 0.027
3224.64799 18.935 0.065
3226.56086 20.849 0.403
3229.57757 21.700 0.794
3246.60005 21.090 0.924
3247.67073 20.115 0.259
3248.66391 21.207 0.710
3256.57872 19.054 0.117
3259.57133 17.289 0.025
3266.59687 21.801 1.770
3278.54978 19.833 0.208
3287.55862 20.984 0.664
3430.90010 20.985 0.421
3442.83672 21.178 0.628
3444.89055 18.053 0.032
3447.79903 20.358 0.350
3457.82918 17.560 0.026
3459.77436 18.914 0.083
3468.82627 18.660 0.047
3469.83328 19.204 0.073
3476.72136 18.210 0.031
3478.78699 18.137 0.038
3479.92425 19.597 0.118
3481.76561 20.807 0.352
3483.89924 21.524 0.808
3496.80062 18.745 0.070
3497.73833 21.327 0.722
3499.92830 20.084 0.174
3501.79115 19.289 0.089
3502.76405 18.565 0.040
3503.73308 18.372 0.035
3504.82278 18.352 0.041
3506.88777 21.047 0.569
3511.74568 21.583 0.933
3512.78931 19.802 0.203
3517.86281 18.172 0.051
3520.81703 19.614 0.158
3521.62670 20.484 0.257
3523.72562 21.046 0.351
3525.69383 20.826 0.317
3526.77631 20.104 0.192
3527.78118 20.127 0.184
3528.72397 19.070 0.095
3529.61394 18.818 0.057
3530.63587 18.722 0.044
3541.81830 20.112 0.219
3558.48270 18.734 0.072
3558.78198 18.106 0.039
3559.55047 17.059 0.020
3560.51349 17.846 0.027
3561.49081 17.310 0.023
3562.53741 17.525 0.021
3563.59242 17.634 0.023
3564.62049 18.197 0.038
3589.62683 18.670 0.041
3590.59554 19.064 0.068
3591.65746 20.238 0.196
3606.61252 18.456 0.062
3607.58491 17.894 0.027
3608.59381 17.824 0.032
3628.62742 17.855 0.037
3630.51285 17.608 0.032
3631.64301 18.453 0.088
3639.60544 21.248 0.616
3641.50049 18.739 0.088
3643.57695 17.267 0.030
3651.54882 20.494 0.530
3656.49866 18.768 0.084
3658.53272 17.268 0.028
3661.53061 18.178 0.070
3674.51747 22.219 2.300
3780.88697 21.220 0.718
3786.86941 18.597 0.069
3787.89027 18.200 0.041
3794.84799 21.949 1.162
3797.83964 21.181 0.518
3798.88762 22.973 2.789
3811.86925 17.733 0.026
3812.90094 18.080 0.039
3818.90834 22.903 3.021
3821.86437 23.452 3.933
3824.86926 19.713 0.161
3826.87371 19.023 0.078
3828.87605 17.956 0.032
3829.86280 18.318 0.040
3833.83298 21.273 0.491
3834.88188 21.503 0.657
3849.84809 21.438 0.544
3853.77161 22.988 2.068
3912.62532 18.461 0.034
3913.62286 18.447 0.036
3914.63696 19.317 0.092
3915.61975 20.858 0.387
3933.60262 21.973 0.814
3940.71988 17.681 0.024
3944.66463 21.052 0.453
3956.64672 18.961 0.120
3957.60098 20.858 0.577
3975.58695 23.758 5.823
3976.58487 21.091 0.588
3979.60959 17.163 0.024
3988.59827 21.827 0.752
4000.59350 18.093 0.047
4001.61691 22.265 2.181
4003.54199 20.789 0.322
4015.55012 17.727 0.036
4017.52783 20.141 0.242
4019.52952 20.773 0.483
4164.87171 18.744 0.066
4166.88750 17.956 0.047
4183.76808 18.066 0.037
4184.81645 17.725 0.029
4192.84633 22.024 1.244
4193.85720 18.217 0.044
4194.87884 18.163 0.043
4202.84863 19.609 0.126
4203.83674 18.685 0.052
4204.83224 18.775 0.057
4205.82731 19.279 0.100
4213.82816 18.607 0.050
4215.83438 21.011 0.605
4217.79993 20.104 0.162
4228.78504 19.344 0.161
4235.72910 18.453 0.053
4243.79806 20.154 0.261
4244.77294 18.463 0.048
4245.76375 18.521 0.047
4246.82146 19.070 0.104
4272.68697 18.744 0.059
4273.73614 19.578 0.159
4283.60623 21.095 0.701
4289.62799 17.599 0.035
4290.65944 18.161 0.048
4291.71421 20.825 0.496
4296.58356 20.888 0.559
4297.64880 18.359 0.043
4298.62164 18.367 0.046
4299.59197 19.335 0.093
4306.61871 17.972 0.049
4315.62381 17.509 0.035
4316.64489 18.164 0.052
4317.54333 19.656 0.135
4326.62222 19.403 0.124
4329.58231 19.937 0.252
4331.58965 20.080 0.279
4332.66791 19.409 0.134
4333.59042 17.633 0.035
4334.55780 17.972 0.068
4341.59190 20.075 0.310
4342.62820 18.176 0.044
4343.60745 18.438 0.048
4344.65695 19.126 0.103
4345.60733 21.630 1.100
4347.62322 20.949 0.574
4351.59721 19.810 0.211
4353.61704 18.053 0.053
4354.63655 19.585 0.178
4512.88637 21.383 0.643
4530.85792 18.120 0.035
4541.75779 22.993 3.311
4541.91234 21.938 1.506
4544.89948 22.268 1.440
4547.89339 20.820 0.511
4550.89316 17.686 0.031
4551.88626 17.446 0.026
4552.87949 18.234 0.055
4557.87372 21.941 1.051
4558.87019 21.721 0.896
4559.83788 20.360 0.253
4560.83819 21.633 0.711
4565.82034 21.611 0.666
4566.82235 21.455 0.628
4567.82270 20.661 0.324
4568.84505 18.952 0.072
4569.83897 17.986 0.032
4570.82966 17.551 0.027
4571.81337 18.055 0.039
4572.85122 18.734 0.078
4573.82687 20.695 0.358
4586.84992 20.571 0.353
4587.83056 19.377 0.110
4588.81358 19.289 0.091
4589.65920 18.848 0.095
4590.76381 19.729 0.182
4591.65161 20.907 0.580
4592.75695 22.319 1.928
4599.72412 21.433 0.721
4602.73206 21.823 0.896
4606.74579 19.137 0.093
4610.83971 17.701 0.041
4611.71953 17.290 0.022
4611.90611 17.523 0.027
4616.70503 20.159 0.226
4627.66325 19.830 0.146
4628.65756 19.036 0.105
4629.72266 19.777 0.152
4632.68100 22.768 2.291
4639.78345 19.180 0.118
4640.68343 18.785 0.082
4641.83995 18.722 0.095
4642.68184 18.500 0.055
4643.64782 17.996 0.033
4644.71496 18.559 0.054
4645.64643 19.333 0.103
4646.61817 20.635 0.279
4647.62856 23.774 5.793
4650.65104 19.824 0.173
4653.58899 21.540 0.953
4654.62813 19.485 0.136
4655.59238 19.261 0.125
4656.59545 20.122 0.228
4660.70238 21.421 0.899
4661.58495 20.948 0.492
4665.74670 19.638 0.234
4666.65208 19.320 0.134
4677.58020 18.887 0.099
4682.61304 21.186 0.616
4684.62804 22.887 3.296
4685.59571 21.684 0.949
4708.61030 19.086 0.118
4710.64546 19.916 0.226
4720.62774 20.131 0.309
4726.58784 19.403 0.183
4738.51335 19.130 0.119
4748.58224 17.753 0.044
4755.53601 21.777 1.501
4768.54078 19.025 0.147
4878.89558 21.526 1.047
4885.87732 19.635 0.151
4888.82904 17.731 0.030
4897.90344 19.923 0.214
4903.84599 20.613 0.344
4904.90423 21.021 0.586
4906.89569 20.056 0.252
4927.85669 17.743 0.034
4929.82539 18.740 0.073
4930.85872 21.103 0.739
4945.68296 22.288 1.593
4945.78532 20.774 0.359
4946.67860 20.564 0.316
4950.80650 18.751 0.064
4952.83351 18.116 0.034
4953.79809 18.072 0.038
4954.75994 18.967 0.079
4955.75579 19.937 0.235
5260.86715 19.424 0.070
5261.80200 19.838 0.117
5262.84044 20.270 0.464
5264.82510 20.102 0.146
5264.87819 20.999 0.366
5265.80111 20.490 0.194
5266.78918 19.497 0.090
5267.83099 18.049 0.023
5268.80224 17.588 0.017
5269.79712 17.145 0.010
5270.84149 16.943 0.009
5271.79655 16.688 0.008
5272.80340 16.568 0.008
5273.85801 16.810 0.009
5274.80674 17.259 0.013
5275.79249 18.310 0.032
5276.82739 20.031 0.114
5277.79353 20.188 0.169
5281.79132 21.195 0.359
5284.77498 20.552 0.239
5285.90009 20.976 0.386
5286.76186 20.469 0.241
5287.83149 18.943 0.049
5288.76484 18.886 0.052
5292.83500 19.207 0.101
5293.84293 21.370 0.415
5295.76486 20.919 0.270
5296.80845 18.873 0.037
5297.83963 18.444 0.024
5298.87880 17.924 0.018
5299.86276 17.197 0.009
5301.79151 18.400 0.026
5312.88846 18.776 0.047
5313.91468 20.440 0.232
5319.88836 17.450 0.027
5320.78225 18.585 0.043
5322.89787 20.496 0.242
5323.84069 20.383 0.182
5326.81397 20.000 0.107
5334.81019 20.142 0.132
5335.77608 20.532 0.221
5336.84752 19.442 0.076
5337.87531 20.031 0.163
5339.90938 18.982 0.098
5340.85089 17.214 0.015
5341.74568 17.365 0.013
5342.61047 17.632 0.023
5342.80606 17.830 0.023
5343.63038 19.114 0.084
5343.82328 19.761 0.129
5348.77064 19.315 0.073
5349.60718 17.249 0.017
5350.65940 17.330 0.017
5351.74987 18.190 0.026
5352.76551 20.797 0.239
5353.73318 20.371 0.157
5355.61945 21.467 0.667
5357.61719 17.477 0.018
5358.76528 17.227 0.013
5359.63867 17.601 0.018
5359.87436 17.905 0.027
5364.76988 18.829 0.049
5364.88739 19.477 0.104
5365.84589 17.916 0.025
5376.77746 19.165 0.070
5378.54119 21.310 0.422
5382.56654 20.271 0.278
5382.77333 18.423 0.055
5385.56927 18.902 0.037
5391.81073 17.661 0.018
5392.70623 17.423 0.015
5393.71913 17.982 0.028
5402.68351 17.078 0.028
5403.65106 17.574 0.016
5404.52218 18.426 0.036
5404.71944 18.802 0.058
5408.71171 21.258 0.463
5409.66836 19.644 0.073
5410.67178 18.888 0.051
5411.70732 17.458 0.012
5412.64542 17.639 0.018
5413.70023 19.198 0.061
5422.71880 20.219 0.139
5425.55186 17.364 0.012
5430.55173 20.558 0.266
5431.54698 20.569 0.213
5434.51134 17.115 0.014
5435.48296 17.234 0.014
5436.48090 17.941 0.028
5439.58436 19.712 0.126
5443.59862 17.084 0.012
5444.62391 17.357 0.016
5447.52211 18.823 0.051
5448.62047 20.400 0.186
5450.53453 19.627 0.114
5451.66433 17.653 0.016
5457.55991 19.445 0.067
5467.50410 18.334 0.030
5468.57762 16.879 0.012
5470.52849 18.900 0.052
5480.51892 17.268 0.015
5481.48774 17.056 0.018
5488.48785 19.280 0.120
5488.55413 20.104 0.213
5489.54476 17.379 0.019
5490.54080 17.576 0.025
5497.49388 17.554 0.029
5499.49830 17.949 0.039
5598.87579 18.966 0.063
5599.88395 18.031 0.026
5600.87453 17.167 0.010
5616.89161 20.681 0.325
5622.89088 19.500 0.060
5625.82454 20.206 0.163
5627.81749 17.304 0.013
5628.90066 17.527 0.014
5629.82804 18.196 0.028
5631.85673 19.520 0.085
5632.90734 18.760 0.048
5633.81182 18.970 0.045
5634.80557 20.400 0.193
5637.84084 17.012 0.014
5639.80502 18.608 0.043
5639.88053 18.532 0.034
5640.77773 19.715 0.143
5640.85414 19.871 0.132
5641.76908 19.317 0.080
5641.89388 19.418 0.084
5642.83341 20.006 0.141
5644.76410 20.321 0.347
5644.87908 19.215 0.063
5648.74991 18.140 0.033
5648.85646 18.399 0.028
5649.75573 19.422 0.076
5650.74780 19.265 0.063
5650.84923 18.935 0.044
5651.76846 18.999 0.048
5651.88186 18.855 0.047
5652.81005 18.958 0.039
5654.78147 19.482 0.076
5654.87162 20.140 0.128
5655.78280 19.512 0.083
5655.86561 19.845 0.094
5656.81685 19.557 0.073
5657.77922 18.982 0.039
5657.86335 19.150 0.058
5658.77442 17.912 0.023
5658.87122 17.567 0.015
5659.72803 16.950 0.009
5659.80489 17.098 0.010
5659.89389 17.146 0.010
5660.77749 17.551 0.014
5660.87651 17.662 0.018
5662.76959 20.240 0.188
5663.77220 20.562 0.197
5664.81546 19.924 0.119
5664.91953 19.512 0.085
5665.80211 18.864 0.041
5665.91395 19.087 0.047
5667.88010 18.559 0.029
5668.88848 17.384 0.015
5669.87834 17.675 0.017
5670.85615 18.346 0.033
5675.73566 19.355 0.071
5675.92599 19.299 0.080
5676.82905 19.007 0.044
5677.77836 17.381 0.012
5679.69916 18.259 0.030
5679.88491 18.642 0.035
5681.67655 20.794 0.284
5681.85999 19.696 0.125
5682.75199 19.148 0.052
5683.92080 19.955 0.104
5684.83447 20.095 0.132
5685.80774 18.834 0.032
5686.71848 17.276 0.011
5686.90419 17.140 0.012
5687.79641 17.481 0.014
5689.70224 20.146 0.119
5691.84135 20.319 0.158
5692.74405 20.147 0.140
5692.89877 20.767 0.255
5693.76785 19.271 0.051
5693.92414 18.969 0.055
5694.76842 18.992 0.053
5694.92746 18.252 0.030
5695.81537 17.514 0.013
5696.62010 17.474 0.018
5696.79960 17.710 0.017
5697.62940 18.660 0.047
5697.80700 18.555 0.036
5705.76916 17.219 0.013
5706.66051 17.049 0.014
5707.60458 17.716 0.019
5707.77798 17.926 0.021
5708.57738 19.087 0.085
5708.77151 20.390 0.188
5715.62142 17.562 0.013
5715.80642 17.469 0.012
5716.69208 17.280 0.012
5716.86902 17.298 0.014
5721.78100 19.895 0.104
5722.59222 19.120 0.051
5722.80648 20.286 0.155
5723.68532 18.771 0.043
5723.84308 19.237 0.059
5724.72502 17.946 0.022
5725.63328 17.561 0.015
5726.54970 17.650 0.023
5726.72852 17.973 0.033
5735.83892 20.892 0.313
5736.57962 21.029 0.318
5736.78865 20.540 0.176
5737.57750 21.709 0.517
5738.60577 21.064 0.370
5739.86424 21.555 0.650
5741.79908 20.343 0.148
5742.55190 20.676 0.242
5742.73235 20.025 0.106
5746.74291 21.508 0.530
5747.63219 20.520 0.254
5748.60784 19.836 0.121
5749.57898 21.025 0.367
5753.52508 19.990 0.348
5761.53716 18.700 0.024
5762.57839 18.310 0.033
5762.73475 18.203 0.031
5763.80025 17.585 0.021
5764.62875 17.581 0.013
5765.49821 17.423 0.014
5765.69350 17.519 0.015
5766.56447 18.159 0.026
5766.73990 18.451 0.035
5767.63520 19.395 0.083
5769.51324 20.183 0.148
5788.57183 20.429 0.223
5790.63010 20.603 0.273
5793.48271 20.854 0.371
5793.54821 19.718 0.089
5793.63882 21.234 0.428
5794.48567 19.684 0.120
5794.53988 20.152 0.154
5794.63591 19.807 0.107
5795.53036 21.692 0.775
5796.69562 20.476 0.244
5801.61212 17.432 0.015
5802.64489 16.892 0.012
5804.59789 17.857 0.018
5805.55963 18.952 0.040
5806.55677 20.281 0.228
5816.59033 20.696 0.274
5817.59219 21.789 0.742
5818.57243 19.350 0.084
5825.58656 20.089 0.146
5826.50974 20.529 0.271
5826.59793 20.096 0.187
5828.54917 21.360 0.404
5830.57288 20.717 0.246
5834.56331 21.711 0.563
5836.54238 18.241 0.036
5839.48892 16.786 0.011
5839.56779 16.869 0.011
5840.51879 17.206 0.013
5840.61312 17.247 0.014
5841.54169 17.558 0.020
5842.49785 18.454 0.062
5842.59032 18.911 0.071
5843.54459 19.628 0.117
5844.48826 20.305 0.275
5844.56918 20.448 0.284
5845.53016 21.197 0.639
5846.57114 20.294 0.355
5847.54658 20.286 0.316
5850.51773 21.248 0.460
5854.49802 20.821 0.411
5854.56164 19.285 0.121
5855.55657 18.772 0.055
5857.50059 16.986 0.016
5859.50934 18.566 0.046
5860.52483 19.495 0.112
5867.51726 21.653 0.692
5868.51826 19.699 0.166
5869.50919 17.179 0.016
5870.51485 17.160 0.012
5970.87732 20.017 0.135
5976.85662 20.051 0.135
5977.84866 21.677 0.671
5978.86684 20.654 0.228
5979.87129 18.282 0.026
5982.81857 16.950 0.009
5983.82067 17.534 0.017
5984.82003 19.078 0.060
5984.90128 19.177 0.072
5986.85723 20.436 0.169
5987.83359 21.412 0.465
5988.82091 19.855 0.120
5989.80639 19.735 0.124
5991.82511 21.428 0.429
5992.88417 20.246 0.126
5994.83232 19.933 0.124
6003.88852 18.199 0.028
6004.82144 17.995 0.020
6004.90763 17.837 0.017
6005.83146 16.915 0.009
6006.76388 17.203 0.010
6006.86655 17.331 0.010
6007.76990 17.679 0.016
6007.86534 17.959 0.018
6008.76350 19.518 0.078
6008.86082 19.669 0.084
6009.76113 21.103 0.329
6009.86108 20.304 0.148
6010.75413 19.671 0.107
6010.85479 19.149 0.044
6011.73879 20.278 0.182
6011.85101 19.999 0.131
6012.75240 21.586 0.530
6012.84957 21.909 0.599
6013.75590 19.567 0.086
6013.83476 19.878 0.096
6014.73199 20.173 0.158
6014.80890 20.237 0.128
6014.90831 20.458 0.197
6015.78712 20.257 0.115
6015.87543 19.423 0.054
6017.75677 21.305 0.318
6017.83416 20.759 0.167
6018.82255 20.059 0.123
6019.72321 20.112 0.164
6019.81962 20.845 0.251
6019.89669 20.297 0.124
6020.75549 21.162 0.349
6020.84977 21.659 0.412
6021.71134 20.888 0.403
6021.88540 20.501 0.157
6023.85151 20.845 0.251
6024.72743 19.807 0.129
6024.82896 19.396 0.067
6024.91992 19.027 0.055
6025.70305 18.124 0.036
6025.78111 18.284 0.038
6025.88530 18.085 0.028
6029.90937 17.015 0.010
6031.76911 16.565 0.007
6032.69793 16.565 0.008
6032.87773 16.996 0.008
6033.81580 17.176 0.011
6034.75565 18.226 0.022
6035.89898 19.066 0.052
6036.88070 19.451 0.056
6037.85262 20.005 0.107
6038.80217 19.777 0.087
6039.79299 20.469 0.197
6040.77948 21.475 0.473
6041.91623 20.685 0.197
6051.74342 18.420 0.027
6052.80434 18.008 0.019
6053.66077 17.108 0.013
6053.84955 17.238 0.012
6058.69290 19.657 0.095
6058.86362 19.667 0.090
6059.92608 19.541 0.075
6062.87571 20.285 0.154
6063.84484 20.647 0.214
6064.77748 18.779 0.027
6065.62173 19.980 0.121
6066.90041 19.457 0.063
6067.88017 20.320 0.137
6075.62373 20.796 0.211
6075.80610 21.475 0.362
6076.83838 20.217 0.157
6079.57488 21.894 0.723
6080.70895 21.205 0.349
6081.84009 20.360 0.158
6085.66317 17.670 0.018
6085.82606 17.572 0.017
6086.59916 17.278 0.012
6086.78265 17.246 0.011
6087.57816 16.987 0.008
6087.86228 17.253 0.015
6089.63051 18.954 0.040
6089.81882 19.068 0.049
6092.66510 19.314 0.067
6093.57981 19.517 0.082
6093.77967 19.361 0.086
6094.63055 20.547 0.225
6094.80336 19.216 0.062
6096.62120 19.065 0.053
6096.81582 19.499 0.088
6097.75231 20.697 0.310
6097.90545 20.166 0.194
6098.71339 20.028 0.150
6098.88061 20.031 0.150
6100.57302 18.782 0.049
6100.74978 18.715 0.038
6101.52663 19.338 0.071
6101.68024 19.906 0.093
6101.86716 19.728 0.109
6102.66324 19.525 0.073
6102.82125 20.447 0.178
6103.57179 19.803 0.112
6103.75084 19.628 0.082
6104.57039 19.950 0.101
6104.73546 19.237 0.043
6105.48696 19.964 0.210
6105.68353 19.422 0.067
6106.69776 18.041 0.028
6108.67485 17.887 0.019
6108.83700 17.873 0.017
6109.66674 17.356 0.016
6109.82767 17.072 0.012
6113.62973 18.125 0.027
6113.78791 18.415 0.030
6114.63859 19.131 0.072
6114.81056 19.316 0.074
6115.57408 19.562 0.088
6115.80378 19.917 0.149
6116.62516 18.558 0.029
6116.80003 18.935 0.047
6117.59326 18.899 0.037
6117.77280 18.847 0.041
6118.54651 19.109 0.049
6118.73508 19.265 0.051
6119.50910 20.011 0.159
6119.68780 19.196 0.052
6120.52378 20.044 0.160
6120.71866 19.146 0.058
6121.51555 18.925 0.040
6123.55409 19.218 0.063
6123.72941 19.994 0.122
6124.52748 19.144 0.058
6124.73797 20.106 0.120
6125.54150 19.914 0.118
6125.74538 19.217 0.052
6126.57637 19.842 0.132
6127.47906 19.629 0.111
6127.75502 19.656 0.093
6128.68259 19.740 0.084
6131.55281 20.017 0.143
6132.55506 19.278 0.068
6133.53898 18.209 0.034
6133.74199 17.504 0.015
6134.66172 16.888 0.010
6135.64106 16.768 0.011
6136.48852 16.838 0.011
6140.62279 19.530 0.100
6141.64473 19.635 0.105
6142.49277 19.184 0.090
6147.50613 19.114 0.063
6147.70395 18.967 0.060
6148.64011 19.499 0.063
6150.48438 19.424 0.088
6150.67980 18.956 0.054
6151.66221 19.774 0.101
6152.53882 19.914 0.128
6154.48712 19.657 0.094
6154.72282 18.915 0.053
6158.57601 17.343 0.013
6158.73506 17.491 0.015
6159.70199 17.812 0.019
6160.66115 17.876 0.017
6161.55782 17.211 0.014
6164.55676 17.462 0.015
6167.54005 18.217 0.028
6168.54183 18.702 0.033
6169.54544 19.998 0.154
6171.49707 19.139 0.049
6171.68826 19.247 0.067
6172.64833 18.914 0.041
6175.59829 19.156 0.058
6179.51215 18.927 0.056
6179.58959 19.104 0.072
6180.57523 19.542 0.086
6181.53591 19.197 0.056
6182.53733 18.829 0.044
6183.59534 19.340 0.057
6184.47790 19.365 0.089
6184.50522 18.879 0.041
6184.52101 19.164 0.053
6184.56500 19.328 0.055
6184.59521 19.745 0.085
6184.59963 19.720 0.086
6184.63447 18.950 0.045
6185.47510 20.029 0.154
6185.54180 20.165 0.108
6185.60230 20.374 0.150
6186.55231 19.546 0.079
6190.59018 17.872 0.017
6191.62632 18.045 0.021
6195.55994 17.541 0.015
6195.63646 17.609 0.016
6196.55696 17.361 0.014
6196.63354 17.358 0.015
6197.55870 17.151 0.014
6198.56512 17.027 0.013
6200.60000 16.357 0.009
6201.58046 16.380 0.009
6203.52088 17.104 0.012
6203.61235 17.107 0.016
6204.56376 18.155 0.028
6205.50509 20.251 0.161
6205.58619 20.064 0.131
6208.53207 20.125 0.155
6209.58141 20.525 0.255
6210.55720 21.685 0.691
6212.50737 19.191 0.058
6214.57662 21.081 0.415
6216.51646 21.769 0.673
6217.54907 19.836 0.096
6218.52415 20.511 0.227
6221.53036 19.130 0.125
6221.55625 18.651 0.076
6223.58213 19.630 0.127
6233.55194 17.034 0.013
6238.52730 20.386 0.267
6334.88745 17.504 0.015
6335.86443 16.885 0.008
6337.87723 16.933 0.011
6338.85480 17.217 0.012
6339.85004 18.290 0.025
6340.86977 19.064 0.050
6342.83704 19.946 0.150
6343.88191 19.328 0.077
6344.88671 18.993 0.042
6347.82843 20.039 0.142
6348.82349 19.183 0.062
6349.83486 20.040 0.149
6350.83666 19.009 0.052
6351.83673 18.976 0.056
6352.83607 17.955 0.022
6353.80955 17.779 0.017
6354.78212 17.555 0.018
6358.83198 17.552 0.012
6360.82346 18.613 0.028
6361.80849 18.436 0.026
6361.88732 18.598 0.032
6362.87041 18.321 0.024
6363.79875 18.455 0.032
6363.89844 18.620 0.031
6367.89762 19.217 0.045
6368.84882 20.207 0.134
6369.78776 19.131 0.057
6369.88226 19.678 0.077
6370.83090 18.991 0.043
6370.91405 19.355 0.067
6371.84408 19.323 0.059
6372.83654 19.042 0.040
6373.76021 20.623 0.245
6373.85375 20.172 0.126
6374.77081 19.478 0.094
6374.86072 19.546 0.076
6375.76848 20.294 0.145
6375.87574 18.867 0.038
6376.77926 19.209 0.055
6376.87387 18.761 0.029
6377.79381 18.360 0.022
6377.88435 18.209 0.017
6378.79010 17.504 0.012
6378.88014 17.725 0.012
6379.77632 16.798 0.008
6379.86502 16.962 0.008
6380.77725 16.892 0.008
6380.88057 17.029 0.009
6381.79845 17.303 0.010
6381.88639 17.459 0.010
6382.79210 17.656 0.029
6382.87162 17.711 0.025
6386.78511 19.694 0.089
6386.89021 19.654 0.101
6387.77407 20.339 0.146
6388.79804 18.832 0.040
6388.91157 19.388 0.064
6389.79055 19.799 0.086
6389.86586 20.263 0.157
6390.73176 18.647 0.035
6390.81373 19.651 0.077
6390.90520 18.976 0.046
6391.86275 20.403 0.197
6393.85960 19.100 0.056
6394.82246 18.197 0.025
6395.77468 17.936 0.017
6396.72409 17.703 0.014
6396.90560 17.673 0.013
6397.84945 17.202 0.009
6398.76952 17.533 0.012
6399.68622 18.215 0.027
6399.85955 18.443 0.032
6400.85439 19.577 0.071
6401.78706 19.824 0.087
6402.70765 20.933 0.318
6403.78791 20.141 0.098
6404.73070 20.029 0.112
6404.90735 19.952 0.101
6405.83301 19.423 0.079
6405.91721 19.364 0.048
6407.65822 19.661 0.159
6407.85292 20.192 0.134
6408.79726 19.869 0.159
6415.86939 18.485 0.040
6416.76686 18.118 0.020
6417.69146 18.067 0.024
6417.85523 18.047 0.021
6418.71362 18.892 0.041
6418.87817 18.966 0.036
6419.76334 20.632 0.210
6420.77858 19.628 0.065
6421.80719 19.987 0.104
6422.75093 19.072 0.046
6423.71033 21.012 0.298
6423.90721 20.309 0.142
6424.76956 18.844 0.032
6426.62921 21.508 0.490
6432.68207 20.944 0.311
6433.86932 21.527 0.465
6434.77209 21.446 0.466
6435.61912 19.622 0.123
6435.80558 19.741 0.093
6436.60521 21.436 0.532
6437.89334 20.941 0.507
6441.71118 16.737 0.009
6441.83256 16.698 0.009
6442.61263 16.657 0.007
6442.79654 16.799 0.006
6443.59734 16.300 0.005
6443.62945 16.387 0.005
6443.67635 16.328 0.005
6444.70729 16.464 0.006
6444.81582 16.547 0.007
6445.61552 16.714 0.007
6445.82157 16.799 0.007
6446.60522 17.135 0.009
6446.79526 17.590 0.010
6447.58250 17.982 0.021
6447.76694 18.336 0.024
6447.93002 18.616 0.031
6448.69301 19.421 0.073
6448.87844 19.729 0.101
6449.65482 19.677 0.088
6449.83852 18.801 0.037
6450.60479 19.354 0.062
6450.78857 19.376 0.055
6451.54859 19.979 0.170
6451.72973 19.183 0.049
6451.90750 19.923 0.117
6452.68271 20.087 0.095
6454.70157 20.086 0.105
6456.65873 19.464 0.048
6456.87994 19.538 0.058
6457.81884 20.042 0.107
6458.60219 20.605 0.234
6458.78725 20.240 0.126
6459.55426 21.526 0.510
6459.74632 19.640 0.063
6459.90620 21.649 0.643
6460.84113 20.172 0.123
6461.67029 20.223 0.150
6461.89231 21.213 0.359
6462.83289 18.300 0.029
6463.60694 17.909 0.023
6463.79823 17.951 0.020
6464.61567 18.134 0.028
6464.80680 18.174 0.026
6468.60178 19.004 0.058
6468.81568 19.526 0.085
6469.68785 18.995 0.056
6471.60970 18.586 0.040
6472.65905 18.548 0.037
6472.84470 18.134 0.030
6473.62141 18.246 0.020
6473.80606 17.849 0.019
6474.56837 16.944 0.009
6474.75914 16.943 0.009
6475.53156 17.032 0.011
6475.73512 17.429 0.012
6476.50161 18.052 0.027
6476.69016 18.258 0.027
6477.68338 19.269 0.064
6478.53318 20.120 0.159
6479.59531 19.171 0.061
6480.69337 19.504 0.068
6481.50072 19.668 0.110
6481.74416 19.004 0.054
6483.61292 21.172 0.273
6485.47191 20.182 0.167
6485.70456 19.609 0.070
6486.62775 21.611 0.445
6486.82716 19.580 0.080
6487.62827 20.043 0.100
6487.82120 19.611 0.080
6489.67988 21.661 0.579
6490.51118 19.443 0.074
6490.69801 19.210 0.051
6491.54429 18.966 0.055
6491.76041 19.095 0.050
6492.58277 17.901 0.018
6492.76185 17.731 0.020
6496.59658 18.597 0.061
6497.70203 17.334 0.015
6498.52929 18.098 0.018
6498.70930 18.048 0.021
6499.54334 19.272 0.053
6500.69826 18.537 0.041
6501.68111 19.190 0.048
6504.69659 19.173 0.053
6505.62563 19.547 0.093
6505.78636 18.191 0.034
6506.73970 19.229 0.078
6508.49716 19.739 0.110
6508.68940 20.742 0.215
6509.61317 19.609 0.060
6510.47741 19.346 0.055
6510.69934 19.432 0.059
6511.64076 19.709 0.078
6514.49827 17.913 0.022
6514.75325 17.917 0.020
6515.73630 17.452 0.011
6516.69109 16.720 0.008
6518.69571 17.506 0.011
6519.65389 17.985 0.017
6523.56815 18.585 0.032
6524.49104 19.365 0.065
6525.49183 19.041 0.069
6526.63515 19.194 0.070
6529.57096 20.559 0.227
6531.53862 19.238 0.060
6532.53687 20.404 0.150
6533.55105 20.099 0.133
6534.61327 19.747 0.083
6536.59384 19.644 0.069
6539.48192 20.142 0.131
6541.48009 19.462 0.066
6543.55847 19.925 0.107
6544.58645 19.452 0.073
6545.63504 17.495 0.012
6547.60383 16.866 0.011
6555.57400 18.998 0.057
6558.54135 18.097 0.020
6559.58081 17.899 0.019
6560.63971 18.072 0.025
6562.59479 18.108 0.020
6563.60612 17.923 0.021
6564.53954 17.352 0.012
6565.51124 17.041 0.010
6565.60624 17.205 0.011
6567.57946 17.155 0.010
6568.57549 17.274 0.013
6569.53653 17.630 0.013
6570.49090 17.796 0.021
6571.52218 17.686 0.019
6571.60645 17.931 0.023
6572.58129 17.852 0.021
6573.53196 18.126 0.022
6577.51322 18.832 0.071
6578.49145 21.029 0.426
6578.58513 20.799 0.280
6579.56879 18.808 0.056
6581.50648 19.007 0.050
6582.51980 19.662 0.108
6584.51264 19.712 0.125
6585.51311 19.147 0.075
6586.53405 19.775 0.146
6590.51932 17.186 0.015
6590.54657 17.226 0.013
6593.49512 17.967 0.038
6593.50929 17.950 0.025
6593.51412 17.906 0.023
6595.51716 19.039 0.069
6600.50453 20.230 0.239
