2337.83855 17.421 0.016
2352.85604 17.429 0.017
2361.85051 17.397 0.018
2373.80531 17.446 0.018
2384.84115 17.424 0.015
2388.84047 17.434 0.016
2400.82005 17.418 0.016
2415.90281 17.401 0.018
2463.61209 17.433 0.015
2466.58608 17.424 0.015
2468.77360 17.416 0.017
2470.75755 17.419 0.016
2481.63002 17.433 0.022
2493.71270 17.393 0.017
2496.55867 17.405 0.013
2498.59676 17.460 0.013
2500.62291 17.419 0.014
2510.53823 17.374 0.015
2517.54832 17.449 0.020
2520.65706 17.392 0.015
2538.57282 17.429 0.019
2542.56177 17.409 0.021
2552.56361 17.445 0.019
2557.52859 17.472 0.018
2561.52454 17.399 0.022
2568.55905 17.481 0.027
2708.87664 17.473 0.015
2719.88282 17.445 0.017
2729.90836 17.423 0.017
2747.76627 17.453 0.025
2754.77630 17.437 0.016
2757.84134 17.407 0.016
2763.79445 17.430 0.015
2767.88675 17.413 0.022
2775.79219 17.442 0.025
2783.88124 17.404 0.015
2785.74758 17.467 0.018
2788.62706 17.444 0.018
2790.77342 17.425 0.016
2793.70035 17.540 0.019
2795.66008 17.435 0.013
2797.67119 17.452 0.014
2809.79129 17.453 0.018
2811.71174 17.460 0.018
2812.84101 17.426 0.018
2813.88477 17.502 0.022
2815.86552 17.459 0.020
2819.67439 17.433 0.015
2821.72355 17.457 0.017
2839.77552 17.473 0.021
2845.71360 17.452 0.017
2850.60965 17.439 0.014
2852.62098 17.478 0.022
2854.61447 17.418 0.021
2857.52473 17.473 0.017
2858.73701 17.436 0.017
2862.64805 17.433 0.020
2868.62447 17.425 0.014
2876.70616 17.459 0.019
2879.67149 17.461 0.020
2884.70266 17.429 0.021
2902.56893 17.507 0.022
2918.51439 17.540 0.026
2923.53261 17.461 0.018
2925.51987 17.430 0.019
3059.87127 17.414 0.015
3064.88260 17.451 0.016
3068.83566 17.402 0.016
3080.83666 17.529 0.018
3083.78214 17.429 0.014
3087.82941 17.453 0.014
3089.84616 17.444 0.012
3099.85579 17.413 0.015
3102.85744 17.476 0.015
3106.91961 17.437 0.016
3108.80978 17.473 0.013
3109.92371 17.420 0.014
3112.85658 17.451 0.014
3116.83917 17.419 0.015
3122.84571 17.454 0.020
3125.91211 17.562 0.021
3128.88396 17.528 0.019
3130.76155 17.454 0.018
3131.62683 17.462 0.030
3135.78184 17.411 0.013
3137.83266 17.398 0.016
3138.71898 17.505 0.016
3140.92453 17.430 0.017
3157.89424 17.477 0.018
3158.70679 17.526 0.026
3165.65940 17.426 0.013
3167.66895 17.434 0.017
3173.80646 17.462 0.016
3175.85466 17.480 0.016
3177.83028 17.452 0.020
3177.87045 17.624 0.025
3178.73862 17.443 0.016
3179.87501 17.449 0.018
3180.79155 17.463 0.013
3182.85180 17.439 0.015
3183.80760 17.496 0.023
3184.80213 17.452 0.015
3194.51607 17.422 0.019
3194.80682 17.513 0.016
3196.59282 17.417 0.015
3196.83560 17.472 0.017
3197.78129 17.456 0.015
3203.60153 17.439 0.012
3204.74958 17.433 0.014
3205.67988 17.438 0.013
3210.56345 17.442 0.016
3211.74340 17.486 0.020
3217.71929 17.477 0.018
3218.73029 17.412 0.021
3223.71933 17.497 0.020
3229.71559 17.412 0.017
3238.68330 17.502 0.021
3240.53246 17.436 0.015
3247.50641 17.417 0.015
3249.61883 17.474 0.018
3254.58523 17.380 0.020
3257.54135 17.454 0.013
3267.59805 17.458 0.017
3282.58800 17.534 0.013
3423.88449 17.374 0.011
3443.84135 17.444 0.013
3447.91417 17.494 0.017
3450.79379 17.460 0.013
3455.90273 17.487 0.016
3458.87243 17.398 0.014
3459.88767 17.435 0.014
3469.87383 17.475 0.012
3472.85873 17.448 0.013
3474.79238 17.446 0.017
3476.76889 17.432 0.013
3483.81316 17.425 0.014
3520.66452 17.428 0.016
3521.79522 17.431 0.015
3527.63741 17.453 0.015
3528.88175 17.433 0.017
3530.89144 17.453 0.014
3544.88117 17.359 0.020
3550.82541 17.442 0.013
3558.62075 17.443 0.014
3559.62914 17.423 0.014
3560.70553 17.431 0.012
3561.61274 17.455 0.013
3562.66012 17.447 0.013
3563.72478 17.467 0.014
3569.65276 17.342 0.024
3573.78319 17.465 0.020
3578.73843 17.418 0.013
3579.68698 17.425 0.013
3580.72663 17.503 0.017
3581.73649 17.478 0.019
3582.68542 17.422 0.012
3583.70361 17.440 0.014
3584.70749 17.457 0.012
3585.70614 17.418 0.011
3586.76021 17.512 0.015
3589.74962 17.446 0.017
3590.74584 17.452 0.016
3592.69868 17.470 0.013
3608.69401 17.513 0.015
3621.65213 17.460 0.016
3652.54937 17.576 0.024
3656.54217 17.533 0.020
3783.87785 17.447 0.014
3785.88885 17.438 0.015
3788.89285 17.438 0.017
3792.88301 17.463 0.014
3794.88217 17.407 0.013
3796.87393 17.428 0.016
3797.87358 17.445 0.014
3800.85466 17.431 0.018
3802.80158 17.506 0.017
3803.83417 17.439 0.015
3804.88134 17.501 0.016
3806.89384 17.410 0.013
3808.87882 17.470 0.016
3810.79480 17.425 0.017
3812.78097 17.398 0.017
3814.77188 17.452 0.017
3818.83681 17.447 0.014
3819.89625 17.451 0.012
3820.88848 17.460 0.013
3821.89985 17.441 0.013
3822.91170 17.407 0.013
3824.90671 17.424 0.018
3825.89881 17.415 0.014
3827.89794 17.450 0.012
3828.91008 17.442 0.015
3829.90596 17.465 0.013
3830.87240 17.405 0.013
3832.90018 17.433 0.015
3833.88858 17.489 0.013
3834.81375 17.450 0.014
3835.86617 17.453 0.012
3836.87564 17.420 0.013
3837.85442 17.511 0.018
3838.85856 17.473 0.016
3841.84491 17.479 0.015
3842.75882 17.438 0.019
3845.84883 17.373 0.016
3846.71510 17.462 0.016
3846.80557 17.420 0.014
3846.85327 17.396 0.012
3846.87629 17.421 0.012
3847.75226 17.459 0.021
3847.82054 17.442 0.017
3847.89514 17.500 0.017
3848.72298 17.538 0.019
3848.86886 17.476 0.016
3849.79450 17.423 0.014
3849.89807 17.496 0.017
3850.77485 17.452 0.015
3850.81814 17.434 0.015
3851.82444 17.437 0.016
3852.81654 17.412 0.014
3853.80577 17.428 0.012
3856.79449 17.476 0.016
3858.85849 17.378 0.014
3860.84985 17.477 0.017
3861.86512 17.496 0.014
3862.80831 17.425 0.012
3863.78655 17.448 0.014
3864.80999 17.412 0.012
3865.77276 17.442 0.014
3866.73792 17.454 0.014
3867.74527 17.426 0.015
3868.74068 17.459 0.018
3869.72240 17.445 0.019
3873.72588 17.480 0.015
3874.77265 17.426 0.018
3875.75451 17.476 0.012
3877.71423 17.431 0.013
3880.78102 17.444 0.013
3881.78959 17.407 0.011
3882.72454 17.457 0.016
3883.77631 17.484 0.015
3886.73703 17.451 0.014
3887.71964 17.424 0.012
3891.56362 17.441 0.019
3891.61303 17.445 0.020
3891.63945 17.423 0.014
3891.69591 17.448 0.014
3891.76121 17.423 0.015
3891.79042 17.419 0.016
3891.87263 17.501 0.017
3892.55994 17.485 0.022
3892.60171 17.329 0.019
3892.65472 17.438 0.014
3892.70783 17.463 0.014
3892.74826 17.444 0.012
3892.77152 17.519 0.017
3893.56991 17.396 0.020
3893.58569 17.443 0.017
3893.59690 17.431 0.019
3893.61014 17.415 0.017
3893.62494 17.465 0.016
3893.63634 17.420 0.018
3893.64795 17.418 0.014
3893.65940 17.386 0.015
3893.67057 17.410 0.013
3893.68608 17.445 0.016
3893.70033 17.471 0.018
3893.71440 17.433 0.018
3893.73205 17.516 0.020
3893.74617 17.417 0.018
3893.75753 17.466 0.020
3893.76808 17.469 0.021
3893.77947 17.400 0.016
3893.78808 17.428 0.018
3893.79661 17.426 0.014
3893.80245 17.416 0.018
3893.80847 17.457 0.017
3893.81415 17.456 0.017
3893.82352 17.426 0.016
3893.83208 17.463 0.019
3893.84058 17.446 0.018
3893.85486 17.507 0.019
3893.86397 17.518 0.017
3893.87241 17.514 0.018
3894.62941 17.422 0.019
3894.71865 17.434 0.015
3894.75976 17.493 0.017
3896.56699 17.420 0.025
3896.76695 17.448 0.016
3900.66370 17.412 0.018
3901.66924 17.465 0.016
3902.68675 17.427 0.014
3903.82755 17.509 0.016
3904.66661 17.428 0.012
3905.67729 17.454 0.013
3906.65513 17.436 0.015
3907.72116 17.456 0.017
3908.66105 17.439 0.012
3909.65918 17.434 0.012
3912.66327 17.440 0.010
3913.66345 17.462 0.012
3914.71120 17.427 0.011
3915.66035 17.427 0.013
3916.74209 17.370 0.017
3918.75957 17.383 0.012
3919.68974 17.434 0.012
3920.64343 17.397 0.015
3921.65189 17.410 0.017
3931.62970 17.451 0.015
3934.60747 17.406 0.012
3934.81265 17.485 0.017
3935.58848 17.450 0.014
3936.57355 17.399 0.014
3937.65232 17.436 0.014
3938.61780 17.458 0.012
3940.75860 17.427 0.012
3944.71363 17.465 0.013
3945.64988 17.422 0.013
3946.64570 17.424 0.013
3950.66124 17.402 0.013
3951.67204 17.668 0.029
3959.63284 17.482 0.015
3960.62396 17.435 0.012
4151.89462 17.419 0.021
4155.85862 17.450 0.019
4158.82038 17.408 0.017
4160.87996 17.404 0.022
4162.87113 17.398 0.019
4165.85556 17.398 0.020
4167.84848 17.453 0.023
4169.85083 17.449 0.017
4174.86490 17.410 0.016
4176.84219 17.467 0.017
4177.89909 17.444 0.016
4179.79339 17.422 0.017
4180.84536 17.422 0.019
4182.77029 17.399 0.016
4183.80723 17.433 0.017
4185.78299 17.414 0.016
4190.88106 17.410 0.015
4192.88525 17.435 0.016
4193.89627 17.429 0.016
4196.87591 17.393 0.015
4202.88754 17.414 0.014
4203.87569 17.422 0.014
4204.88251 17.415 0.015
4205.87133 17.418 0.015
4207.89526 17.439 0.015
4208.90473 17.464 0.017
4213.87617 17.422 0.014
4216.83484 17.441 0.016
4217.85713 17.442 0.013
4218.90147 17.403 0.014
4220.88284 17.447 0.020
4222.84532 17.438 0.016
4228.84926 17.412 0.017
4229.81471 17.404 0.016
4230.79584 17.438 0.014
4231.83814 17.413 0.016
4232.85909 17.490 0.024
4234.79379 17.451 0.014
4234.83126 17.419 0.015
4235.81766 17.406 0.015
4237.63453 17.422 0.021
4238.82223 17.389 0.018
4240.61593 17.434 0.023
4243.86855 17.466 0.020
4244.87526 17.423 0.019
4245.90971 17.430 0.018
4247.57968 17.498 0.014
4250.90891 17.434 0.022
4256.80725 17.402 0.020
4257.69115 17.481 0.020
4268.57531 17.479 0.020
4269.71511 17.421 0.015
4272.63695 17.449 0.014
4273.68439 17.462 0.018
4274.66824 17.446 0.017
4275.72502 17.479 0.018
4277.56591 17.442 0.023
4278.69899 17.406 0.019
4283.64600 17.442 0.016
4284.62746 17.481 0.019
4285.63443 17.474 0.020
4286.72817 17.398 0.028
4289.67790 17.381 0.021
4292.61284 17.432 0.014
4293.64058 17.437 0.014
4294.68184 17.412 0.015
4295.64185 17.438 0.014
4296.62102 17.405 0.014
4297.55254 17.427 0.015
4301.55350 17.402 0.014
4311.58698 17.386 0.020
4340.69934 17.444 0.022
4342.67723 17.440 0.021
4343.64705 17.450 0.018
4345.64690 17.458 0.021
4346.65206 17.472 0.024
4347.66621 17.456 0.018
4348.65230 17.450 0.018
4349.64122 17.436 0.016
4350.66581 17.388 0.017
4351.63668 17.415 0.017
4368.60145 17.451 0.026
4372.58990 17.449 0.016
4377.55063 17.498 0.020
4381.59301 17.427 0.022
4515.89415 17.450 0.020
4520.87316 17.363 0.019
4523.85670 17.483 0.023
4525.85142 17.442 0.028
4532.87629 17.440 0.016
4534.90067 17.449 0.020
4536.91052 17.450 0.021
4537.79173 17.422 0.020
4538.90513 17.472 0.018
4539.79651 17.420 0.016
4543.81809 17.396 0.014
4544.81498 17.455 0.018
4545.83249 17.457 0.016
4547.80632 17.446 0.016
4550.80535 17.435 0.020
4552.79539 17.433 0.021
4556.88713 17.460 0.014
4557.91279 17.438 0.013
4558.87930 17.500 0.017
4559.87723 17.425 0.014
4560.87740 17.443 0.013
4561.86646 17.461 0.012
4564.87058 17.450 0.012
4565.86027 17.468 0.013
4566.86148 17.415 0.013
4567.86705 17.457 0.014
4568.89900 17.412 0.013
4569.88223 17.440 0.015
4570.89077 17.399 0.014
4571.85247 17.428 0.013
4572.89085 17.485 0.020
4573.86609 17.430 0.013
4574.87463 17.457 0.015
4575.88264 17.399 0.014
4583.77483 17.476 0.023
4585.83584 17.440 0.014
4586.85864 17.504 0.017
4587.87053 17.475 0.021
4588.76070 17.484 0.016
4589.73009 17.411 0.016
4590.80974 17.425 0.016
4592.79611 17.473 0.019
4593.78156 17.445 0.015
4594.80991 17.457 0.014
4595.80073 17.448 0.014
4596.75640 17.465 0.014
4597.81820 17.417 0.015
4598.78774 17.437 0.013
4599.76696 17.432 0.013
4600.78934 17.425 0.012
4601.77792 17.430 0.013
4602.78159 17.413 0.013
4611.75902 17.390 0.016
4616.75119 17.414 0.014
4616.93346 17.406 0.022
4618.65557 17.428 0.017
4622.73428 17.440 0.016
4623.80734 17.428 0.020
4624.74608 17.453 0.017
4625.72906 17.484 0.018
4626.79113 17.464 0.020
4627.70838 17.403 0.014
4628.69722 17.450 0.015
4629.76675 17.445 0.014
4630.70592 17.477 0.015
4631.72119 17.413 0.013
4632.75564 17.438 0.015
4633.89110 17.438 0.022
4639.84375 17.446 0.032
4640.84821 17.509 0.027
4642.53163 17.467 0.019
4643.68802 17.450 0.016
4645.69045 17.453 0.017
4646.65772 17.441 0.013
4647.67912 17.490 0.016
4649.66422 17.423 0.015
4650.70224 17.488 0.017
4652.63544 17.446 0.016
4653.63041 17.422 0.014
4654.66744 17.450 0.017
4655.63866 17.398 0.014
4656.63478 17.446 0.017
4661.62443 17.463 0.016
4666.49566 17.409 0.019
4672.64049 17.423 0.019
4674.66842 17.504 0.018
4675.79331 17.379 0.020
4682.69417 17.439 0.016
4685.69478 17.499 0.017
4686.76734 17.440 0.016
4694.71302 17.572 0.030
4708.67055 17.458 0.018
4715.63159 17.526 0.023
4725.60818 17.439 0.021
4733.59746 17.463 0.021
4739.49025 17.436 0.019
4750.53956 17.484 0.022
4756.57260 17.480 0.027
4876.89046 17.407 0.019
4883.87669 17.513 0.022
4886.84343 17.426 0.018
4892.89878 17.472 0.025
4894.86690 17.447 0.018
4898.85111 17.415 0.015
4900.84568 17.448 0.016
4901.89728 17.465 0.014
4902.82292 17.385 0.014
4903.88557 17.449 0.015
4904.85105 17.442 0.016
4906.90410 17.413 0.017
4911.88629 17.474 0.013
4913.89968 17.466 0.015
4924.89491 17.440 0.015
4926.74570 17.445 0.016
4928.80163 17.447 0.021
4930.73708 17.386 0.017
4931.87923 17.468 0.018
4932.78711 17.442 0.015
4933.73133 17.450 0.018
4934.83292 17.422 0.016
4938.84144 17.460 0.018
4940.78616 17.447 0.017
4941.83801 17.439 0.017
4942.86341 17.459 0.015
4943.72061 17.401 0.013
4944.78550 17.455 0.015
4949.79994 17.467 0.014
4950.70868 17.479 0.017
4951.82490 17.375 0.018
4953.72950 17.459 0.016
4954.84702 17.408 0.015
4955.84517 17.459 0.018
5260.89027 17.439 0.013
5261.82120 17.456 0.017
5262.85878 17.363 0.036
5265.87731 17.470 0.016
5266.82356 17.422 0.016
5267.85080 17.436 0.016
5268.85321 17.423 0.014
5269.81691 17.442 0.013
5270.82255 17.427 0.013
5271.81811 17.415 0.014
5272.82322 17.417 0.014
5273.80823 17.424 0.015
5274.82678 17.443 0.014
5275.81307 17.418 0.016
5276.79124 17.417 0.015
5277.84729 17.447 0.016
5278.82334 17.425 0.016
5279.82460 17.454 0.016
5280.83122 17.440 0.013
5281.81116 17.423 0.013
5282.83390 17.443 0.014
5283.79392 17.442 0.017
5283.88535 17.440 0.014
5284.79960 17.445 0.017
5285.79039 17.453 0.018
5285.92090 17.468 0.023
5286.80608 17.422 0.020
5287.85925 17.468 0.015
5288.78461 17.441 0.016
5289.83650 17.463 0.019
5293.86445 17.418 0.014
5294.82506 17.421 0.012
5295.82831 17.454 0.014
5296.86758 17.438 0.011
5297.90376 17.469 0.013
5299.73660 17.425 0.011
5300.84535 17.436 0.013
5301.85368 17.450 0.015
5306.83919 17.456 0.012
5307.83931 17.426 0.013
5308.82888 17.448 0.013
5309.88375 17.435 0.013
5310.89210 17.452 0.013
5312.74868 17.466 0.018
5313.78510 17.427 0.020
5314.71320 17.435 0.022
5314.92484 17.458 0.017
5315.85362 17.465 0.017
5316.80893 17.453 0.024
5320.64373 17.419 0.018
5320.85038 17.479 0.016
5321.79364 17.459 0.016
5323.67997 17.434 0.017
5323.90434 17.471 0.016
5324.83776 17.475 0.016
5325.75113 17.444 0.014
5326.63688 17.433 0.018
5326.87775 17.414 0.014
5327.82564 17.482 0.015
5328.75488 17.467 0.011
5329.70974 17.414 0.015
5334.87669 17.460 0.015
5335.84238 17.429 0.014
5336.93766 17.435 0.017
5337.93889 17.422 0.020
5339.69722 17.434 0.017
5340.65590 17.407 0.018
5340.91432 17.461 0.027
5341.84556 17.435 0.016
5342.67295 17.462 0.020
5342.86909 17.458 0.021
5343.69309 17.461 0.017
5343.89936 17.436 0.018
5348.83393 17.443 0.016
5349.74420 17.442 0.018
5350.72288 17.418 0.016
5351.88138 17.464 0.017
5352.88763 17.452 0.016
5353.81064 17.448 0.013
5354.83158 17.453 0.015
5355.76331 17.439 0.016
5357.76403 17.464 0.017
5359.72690 17.440 0.016
5361.67357 17.394 0.018
5364.52608 17.436 0.019
5365.58836 17.435 0.017
5368.61938 17.430 0.016
5376.64646 17.475 0.021
5376.84084 17.469 0.020
5377.53555 17.388 0.017
5377.77833 17.464 0.016
5378.68572 17.461 0.014
5379.49555 17.421 0.017
5379.80889 17.435 0.015
5380.50697 17.409 0.015
5380.70100 17.459 0.013
5381.55286 17.431 0.016
5381.76664 17.469 0.022
5382.64128 17.443 0.018
5383.69506 17.440 0.021
5383.75328 17.492 0.019
5385.85120 17.467 0.013
5386.54536 17.444 0.014
5386.62688 17.461 0.014
5386.71130 17.467 0.013
5387.50714 17.403 0.012
5388.47095 17.393 0.021
5388.81084 17.402 0.014
5389.76036 17.440 0.019
5390.68664 17.454 0.017
5391.54635 17.451 0.018
5392.48358 17.403 0.017
5392.81350 17.450 0.014
5393.79019 17.480 0.019
5396.77285 17.428 0.015
5403.52165 17.423 0.014
5403.71750 17.445 0.016
5404.58551 17.477 0.018
5404.79033 17.417 0.018
5405.79786 17.412 0.019
5407.65467 17.446 0.020
5408.58240 17.434 0.016
5408.77473 17.473 0.023
5409.77688 17.454 0.016
5410.78124 17.444 0.016
5412.51490 17.460 0.017
5412.73709 17.453 0.018
5414.47641 17.449 0.015
5416.63397 17.426 0.015
5418.70080 17.470 0.015
5421.71698 17.467 0.017
5423.52981 17.442 0.012
5426.54585 17.442 0.016
5430.61661 17.439 0.018
5431.61405 17.445 0.018
5432.62962 17.471 0.021
5434.58206 17.426 0.016
5435.55145 17.421 0.017
5436.65110 17.441 0.014
5438.64321 17.462 0.015
5439.64780 17.475 0.018
5443.66638 17.509 0.016
5445.48308 17.441 0.014
5446.57910 17.462 0.015
5447.61272 17.454 0.013
5449.51954 17.433 0.016
5450.60848 17.464 0.018
5453.58388 17.400 0.016
5458.47990 17.462 0.021
5459.52592 17.424 0.016
5460.54117 17.446 0.022
5461.56815 17.472 0.031
5463.49102 17.430 0.017
5464.48329 17.490 0.020
5465.56072 17.453 0.021
5469.55528 17.450 0.015
5471.59056 17.455 0.015
5473.52069 17.410 0.018
5478.51421 17.391 0.015
5480.56271 17.383 0.017
5485.56320 17.412 0.019
5487.54814 17.444 0.018
5489.55102 17.416 0.023
5494.51930 17.438 0.026
5497.54274 17.443 0.020
5620.87911 17.398 0.017
5621.90142 17.432 0.018
5624.89257 17.433 0.012
5626.86381 17.419 0.015
5628.82323 17.412 0.014
5629.84991 17.448 0.016
5631.87920 17.447 0.013
5633.83317 17.455 0.014
5635.86604 17.432 0.016
5637.90880 17.414 0.017
5638.86686 17.445 0.015
5639.82039 17.398 0.016
5639.89597 17.478 0.015
5640.81718 17.388 0.017
5640.90517 17.441 0.015
5641.82548 17.464 0.015
5641.86366 17.452 0.015
5642.78540 17.454 0.017
5642.90749 17.466 0.019
5643.80943 17.467 0.016
5643.91041 17.477 0.016
5644.81959 17.450 0.023
5647.75398 17.394 0.015
5647.79442 17.440 0.015
5647.83101 17.450 0.022
5647.86284 17.430 0.014
5647.91425 17.511 0.026
5648.82619 17.445 0.014
5648.91372 17.429 0.017
5649.80917 17.431 0.013
5649.91191 17.489 0.015
5650.82151 17.449 0.012
5650.91444 17.437 0.015
5651.82263 17.437 0.013
5652.75966 17.436 0.013
5652.86485 17.432 0.012
5653.92019 17.467 0.014
5654.84122 17.382 0.013
5655.75532 17.359 0.014
5655.83163 17.456 0.013
5656.78624 17.442 0.013
5656.87422 17.435 0.012
5657.83117 17.464 0.012
5657.92105 17.454 0.015
5658.84409 17.479 0.014
5658.92361 17.427 0.026
5659.77637 17.444 0.014
5659.85892 17.429 0.014
5660.74572 17.474 0.016
5660.83191 17.462 0.014
5662.74080 17.467 0.016
5662.84226 17.433 0.014
5662.92235 17.463 0.014
5664.78755 17.424 0.018
5664.89024 17.454 0.015
5665.76741 17.430 0.020
5665.88509 17.422 0.012
5667.78940 17.421 0.012
5668.78034 17.424 0.017
5669.79038 17.452 0.014
5670.76488 17.457 0.016
5671.74633 17.418 0.016
5675.83329 17.483 0.020
5676.75233 17.485 0.010
5677.70470 17.475 0.015
5677.89334 17.436 0.012
5679.80609 17.446 0.015
5680.69856 17.459 0.019
5680.88360 17.450 0.013
5681.76697 17.448 0.013
5682.67623 17.415 0.016
5682.89768 17.446 0.013
5683.83394 17.460 0.012
5684.74535 17.446 0.012
5685.65791 17.425 0.016
5685.91796 17.451 0.013
5686.83583 17.418 0.013
5687.71702 17.443 0.014
5688.88511 17.456 0.013
5690.63216 17.425 0.013
5690.82276 17.462 0.015
5691.76105 17.465 0.015
5692.65277 17.433 0.018
5692.83481 17.425 0.013
5693.66159 17.424 0.015
5693.85681 17.452 0.013
5694.67282 17.428 0.014
5694.86483 17.466 0.014
5695.69633 17.439 0.016
5695.90444 17.457 0.013
5696.73160 17.431 0.015
5696.90588 17.447 0.014
5697.73686 17.454 0.016
5697.90161 17.456 0.014
5698.73752 17.482 0.022
5698.89623 17.405 0.019
5703.86874 17.433 0.023
5705.88866 17.432 0.018
5706.84468 17.467 0.018
5707.71190 17.454 0.014
5707.87068 17.429 0.015
5708.69328 17.448 0.014
5708.88283 17.435 0.019
5711.69787 17.541 0.012
5712.77966 17.449 0.013
5714.85852 17.412 0.014
5715.73347 17.430 0.012
5715.91973 17.445 0.016
5716.80238 17.456 0.015
5721.65219 17.409 0.015
5721.88506 17.463 0.017
5722.71484 17.419 0.013
5723.60994 17.417 0.014
5723.77747 17.452 0.014
5724.62559 17.422 0.019
5724.63810 17.400 0.019
5724.82841 17.420 0.016
5725.75329 17.430 0.013
5726.65265 17.437 0.019
5734.59930 17.425 0.019
5734.81249 17.430 0.018
5735.75844 17.450 0.014
5736.51140 17.414 0.020
5736.67668 17.445 0.012
5736.89820 17.419 0.015
5737.51045 17.361 0.018
5737.70007 17.463 0.011
5737.86821 17.445 0.014
5738.72614 17.445 0.011
5739.59500 17.424 0.014
5739.78122 17.410 0.014
5740.57591 17.458 0.020
5740.77950 17.444 0.013
5741.54949 17.417 0.014
5741.73224 17.431 0.013
5741.88871 17.460 0.014
5742.66487 17.467 0.012
5742.82142 17.432 0.012
5743.70892 17.457 0.015
5743.86996 17.430 0.018
5744.62867 17.442 0.015
5744.85450 17.438 0.016
5745.62871 17.464 0.018
5745.80363 17.458 0.016
5746.65183 17.451 0.015
5746.84372 17.492 0.019
5747.73616 17.410 0.017
5749.51615 17.378 0.021
5749.68189 17.458 0.017
5752.56026 17.413 0.018
5752.75064 17.456 0.015
5753.64608 17.428 0.016
5759.84329 17.496 0.025
5760.64430 17.461 0.017
5760.81487 17.549 0.020
5762.51488 17.435 0.015
5762.67291 17.473 0.015
5763.54920 17.411 0.012
5763.73716 17.437 0.016
5764.55287 17.428 0.014
5764.73631 17.451 0.013
5765.61897 17.434 0.012
5766.48442 17.444 0.016
5766.66832 17.437 0.013
5767.54714 17.413 0.017
5767.75508 17.433 0.017
5768.60511 17.436 0.013
5768.78207 17.480 0.013
5769.63799 17.450 0.011
5770.72706 17.428 0.015
5776.57654 17.439 0.018
5777.49601 17.428 0.013
5777.74761 17.444 0.014
5778.62566 17.415 0.017
5785.59387 17.397 0.018
5786.52478 17.442 0.022
5786.73078 17.434 0.019
5787.58037 17.471 0.015
5788.47557 17.441 0.021
5788.66611 17.456 0.020
5790.56321 17.497 0.022
5790.72407 17.441 0.017
5793.57114 17.473 0.015
5793.73516 17.427 0.018
5794.64629 17.456 0.015
5795.70003 17.419 0.015
5796.62595 17.435 0.013
5801.54795 17.487 0.017
5802.52393 17.451 0.017
5804.53209 17.430 0.014
5804.69267 17.421 0.016
5805.66196 17.473 0.017
5807.61041 17.424 0.020
5812.59288 17.481 0.023
5813.57818 17.404 0.014
5815.54620 17.439 0.013
5816.51746 17.445 0.014
5817.51866 17.481 0.014
5818.50950 17.462 0.016
5819.49778 17.416 0.015
5820.48636 17.430 0.020
5820.64738 17.404 0.018
5822.58642 17.430 0.015
5823.51814 17.428 0.022
5823.60507 17.387 0.015
5824.54205 17.420 0.014
5824.62256 17.466 0.016
5825.56007 17.443 0.016
5826.48297 17.415 0.019
5826.57033 17.415 0.017
5827.50930 17.439 0.023
5827.58979 17.420 0.018
5828.52255 17.451 0.014
5828.59806 17.418 0.014
5829.53346 17.443 0.015
5829.60942 17.449 0.014
5830.54657 17.406 0.013
5831.51863 17.452 0.013
5831.59356 17.424 0.014
5832.53965 17.414 0.013
5833.48607 17.438 0.020
5833.57729 17.426 0.015
5834.53678 17.435 0.013
5835.51777 17.486 0.022
5836.52036 17.415 0.018
5836.58392 17.413 0.017
5839.54128 17.381 0.023
5840.48562 17.423 0.023
5840.58709 17.436 0.017
5841.51367 17.468 0.020
5841.59627 17.454 0.021
5842.55980 17.442 0.020
5843.51723 17.433 0.017
5843.59855 17.429 0.020
5844.54100 17.437 0.018
5845.50189 17.486 0.021
5845.58206 17.502 0.024
5846.54377 17.412 0.022
5850.56776 17.437 0.015
5851.53093 17.446 0.017
5852.56065 17.469 0.025
5854.55176 17.435 0.021
5855.54009 17.433 0.019
5856.54592 17.410 0.019
5858.51303 17.483 0.025
5859.54766 17.444 0.020
5861.52025 17.403 0.017
5862.52769 17.378 0.016
5866.51998 17.348 0.026
5867.52349 17.411 0.019
5868.52450 17.411 0.023
5869.51542 17.408 0.019
5870.52107 17.461 0.017
5972.87853 17.390 0.015
5977.85534 17.341 0.016
5978.85405 17.423 0.015
5979.84375 17.410 0.016
5980.86362 17.441 0.019
5982.86820 17.405 0.013
5983.86142 17.402 0.011
5984.85496 17.423 0.012
5985.83883 17.405 0.016
5986.82340 17.398 0.015
5986.90608 17.405 0.019
5987.87332 17.466 0.013
5988.86316 17.419 0.013
5989.84378 17.395 0.015
5990.81355 17.406 0.014
5990.89273 17.433 0.014
5991.86675 17.423 0.012
5992.84337 17.405 0.013
5993.82538 17.383 0.018
5994.80670 17.444 0.017
5994.88440 17.459 0.016
5995.81469 17.429 0.015
5995.89700 17.469 0.014
5996.83901 17.432 0.014
5997.79688 17.398 0.018
5997.88127 17.445 0.013
5998.82223 17.414 0.015
5998.91155 17.400 0.016
5999.85468 17.399 0.014
6003.82684 17.472 0.022
6004.77491 17.418 0.017
6004.87131 17.480 0.014
6005.78990 17.424 0.013
6005.89681 17.427 0.010
6006.82707 17.410 0.011
6006.91569 17.432 0.014
6007.82845 17.394 0.012
6007.91433 17.412 0.014
6008.82225 17.436 0.012
6008.90987 17.443 0.015
6009.82488 17.422 0.012
6009.90931 17.447 0.013
6010.81658 17.462 0.012
6010.90414 17.450 0.010
6011.79664 17.410 0.014
6011.91029 17.458 0.016
6012.81153 17.412 0.012
6012.90773 17.443 0.010
6013.80543 17.399 0.013
6013.90819 17.441 0.011
6014.78176 17.426 0.013
6014.88054 17.458 0.016
6015.75971 17.417 0.012
6016.73953 17.448 0.012
6016.81990 17.443 0.013
6017.72939 17.478 0.015
6017.80586 17.435 0.011
6017.90336 17.436 0.010
6018.79465 17.467 0.014
6018.87630 17.466 0.011
6019.77284 17.377 0.013
6019.86933 17.423 0.011
6020.72779 17.448 0.016
6020.82244 17.420 0.012
6020.90089 17.423 0.014
6021.75101 17.400 0.016
6021.82826 17.430 0.012
6021.92703 17.467 0.020
6022.77639 17.409 0.014
6022.87219 17.430 0.012
6023.73215 17.418 0.015
6023.81266 17.439 0.014
6023.91779 17.465 0.016
6024.76971 17.434 0.014
6024.87387 17.428 0.014
6025.75434 17.439 0.018
6025.84739 17.389 0.018
6026.72787 17.330 0.035
6031.86233 17.425 0.015
6032.80867 17.423 0.013
6033.72758 17.427 0.016
6033.92418 17.418 0.018
6034.91533 17.438 0.013
6036.77268 17.445 0.011
6037.75515 17.420 0.016
6038.72346 17.445 0.016
6038.92601 17.419 0.016
6039.91065 17.457 0.014
6040.89727 17.454 0.014
6041.83691 17.466 0.014
6046.89469 17.480 0.014
6047.78607 17.412 0.012
6048.72601 17.400 0.013
6048.91704 17.470 0.014
6049.84780 17.451 0.012
6050.72390 17.351 0.014
6050.91173 17.419 0.015
6052.73008 17.414 0.015
6052.89714 17.442 0.013
6053.76124 17.446 0.013
6054.86918 17.467 0.015
6058.78534 17.415 0.012
6059.68522 17.431 0.016
6059.86104 17.440 0.012
6061.73922 17.411 0.012
6061.91686 17.436 0.014
6062.79882 17.414 0.014
6063.77805 17.511 0.020
6064.66562 17.403 0.014
6064.88771 17.438 0.013
6065.71330 17.440 0.012
6066.65177 17.423 0.014
6066.83256 17.411 0.012
6067.63607 17.414 0.012
6067.81565 17.446 0.012
6068.60753 17.372 0.016
6068.61522 17.414 0.014
6068.63229 17.404 0.013
6068.65815 17.411 0.013
6068.67376 17.462 0.013
6068.69848 17.451 0.013
6068.72060 17.434 0.012
6068.74266 17.483 0.013
6068.76610 17.438 0.011
6068.77732 17.474 0.011
6068.80474 17.441 0.012
6068.81850 17.418 0.011
6068.83273 17.450 0.011
6068.84702 17.452 0.011
6068.86144 17.453 0.012
6068.87596 17.451 0.012
6068.89172 17.445 0.011
6068.90601 17.465 0.012
6068.92150 17.457 0.012
6068.94017 17.429 0.014
6069.61124 17.464 0.016
6069.69723 17.393 0.012
6069.78663 17.465 0.011
6069.86075 17.433 0.011
6070.60275 17.430 0.019
6070.67172 17.466 0.014
6070.76748 17.415 0.012
6070.84851 17.474 0.014
6070.93533 17.466 0.014
6071.59387 17.402 0.015
6071.66018 17.460 0.014
6071.73316 17.438 0.012
6071.82724 17.448 0.013
6071.91243 17.434 0.020
6075.60194 17.414 0.012
6075.71617 17.468 0.013
6076.58966 17.426 0.014
6076.66899 17.404 0.012
6076.77381 17.438 0.013
6076.94567 17.581 0.032
6077.70507 17.494 0.013
6077.80498 17.488 0.013
6077.89068 17.457 0.013
6078.68756 17.419 0.012
6078.78254 17.429 0.012
6078.87400 17.436 0.013
6079.59251 17.426 0.014
6079.66468 17.424 0.012
6079.76893 17.448 0.012
6079.86810 17.449 0.011
6080.63529 17.466 0.016
6080.71457 17.435 0.013
6080.80302 17.455 0.014
6080.89219 17.428 0.014
6081.59291 17.456 0.018
6081.64980 17.450 0.015
6081.75641 17.445 0.014
6081.84531 17.428 0.015
6081.94100 17.456 0.020
6082.59903 17.455 0.027
6082.67899 17.462 0.030
6082.78586 17.444 0.022
6082.85738 17.410 0.022
6085.58801 17.434 0.018
6085.76100 17.442 0.015
6085.91882 17.457 0.019
6086.69392 17.479 0.013
6086.88720 17.463 0.017
6087.78424 17.488 0.014
6088.63934 17.448 0.012
6089.74312 17.392 0.012
6092.59931 17.406 0.013
6092.87674 17.391 0.018
6093.66972 17.440 0.014
6093.87265 17.423 0.017
6094.73045 17.446 0.015
6094.90591 17.479 0.021
6096.75127 17.476 0.015
6096.90968 17.428 0.020
6097.84126 17.433 0.019
6098.63676 17.429 0.017
6098.81747 17.443 0.015
6099.78204 17.445 0.017
6100.67308 17.454 0.013
6100.85075 17.381 0.019
6101.61518 17.468 0.014
6101.79408 17.444 0.013
6102.58938 17.462 0.014
6102.75453 17.438 0.012
6103.50309 17.398 0.017
6103.68284 17.458 0.013
6104.50047 17.389 0.016
6104.66819 17.460 0.011
6104.83487 17.432 0.013
6105.58463 17.456 0.015
6105.77564 17.479 0.019
6108.58302 17.470 0.016
6108.76880 17.436 0.013
6109.55707 17.391 0.031
6109.69746 17.487 0.016
6109.75781 17.478 0.021
6109.83078 17.420 0.018
6113.56666 17.440 0.022
6113.72424 17.432 0.016
6114.57511 17.411 0.020
6114.74666 17.453 0.014
6115.51157 17.383 0.014
6115.69930 17.482 0.016
6116.55210 17.443 0.013
6116.73252 17.434 0.012
6117.52981 17.424 0.014
6117.70772 17.365 0.012
6118.48451 17.421 0.015
6118.66618 17.469 0.012
6118.82254 17.463 0.014
6119.60988 17.497 0.017
6119.76760 17.460 0.015
6120.65377 17.462 0.012
6120.82197 17.436 0.013
6121.62314 17.465 0.010
6121.77506 17.421 0.011
6123.66571 17.473 0.013
6123.82117 17.477 0.014
6124.67201 17.444 0.013
6124.83257 17.514 0.016
6125.67337 17.463 0.014
6126.49410 17.470 0.015
6126.70869 17.441 0.012
6127.62226 17.444 0.015
6128.60113 17.457 0.013
6130.74296 17.404 0.015
6131.67966 17.481 0.012
6131.74914 17.446 0.014
6132.74385 17.420 0.013
6133.66500 17.459 0.014
6134.56611 17.423 0.018
6135.53486 17.422 0.016
6135.75775 17.444 0.013
6136.70689 17.440 0.015
6140.53443 17.398 0.022
6140.71805 17.456 0.030
6141.55988 17.438 0.016
6141.73654 17.453 0.018
6142.64906 17.438 0.022
6147.62162 17.454 0.016
6148.56034 17.437 0.012
6149.58113 17.459 0.014
6150.60273 17.460 0.017
6151.59701 17.420 0.015
6151.75319 17.461 0.015
6152.65609 17.466 0.013
6154.61098 17.435 0.016
6158.48947 17.403 0.013
6158.67165 17.505 0.016
6159.59288 17.426 0.015
6160.59250 17.458 0.013
6161.49074 17.463 0.017
6161.69410 17.462 0.017
6164.68199 17.484 0.019
6168.67564 17.455 0.014
6169.65029 17.426 0.015
6171.61465 17.429 0.014
6172.57238 17.457 0.013
6175.53448 17.462 0.015
6179.50163 17.414 0.018
6180.49069 17.471 0.024
6180.66284 17.436 0.020
6181.62988 17.453 0.014
6182.64368 17.422 0.015
6184.55992 17.440 0.012
6185.64416 17.446 0.014
6190.50549 17.452 0.017
6191.55820 17.419 0.014
6195.52106 17.441 0.014
6195.60036 17.459 0.015
6196.52016 17.429 0.017
6196.59946 17.450 0.016
6197.52180 17.412 0.016
6197.60119 17.441 0.020
6199.53232 17.472 0.021
6200.62490 17.410 0.024
6202.58147 17.485 0.028
6203.58292 17.490 0.020
6204.53654 17.371 0.014
6204.61328 17.433 0.020
6205.55940 17.482 0.014
6209.56695 17.460 0.019
6210.53031 17.451 0.015
6210.60311 17.433 0.016
6211.56146 17.433 0.013
6211.59986 17.406 0.015
6212.55743 17.435 0.014
6213.50947 17.469 0.019
6213.57773 17.445 0.019
6214.56383 17.407 0.016
6216.56675 17.419 0.016
6217.51293 17.463 0.013
6218.49742 17.404 0.016
6218.57406 17.403 0.017
6219.50487 17.423 0.016
6223.55033 17.428 0.019
6233.52110 17.375 0.019
6334.86223 17.436 0.015
6335.85119 17.398 0.015
6337.89178 17.425 0.015
6338.87157 17.420 0.013
6340.84224 17.414 0.014
6341.87977 17.426 0.014
6343.84463 17.412 0.018
6344.84756 17.470 0.013
6345.86641 17.435 0.014
6347.86965 17.415 0.013
6348.86627 17.418 0.013
6349.87170 17.423 0.015
6350.88492 17.459 0.014
6352.88259 17.452 0.013
6353.85821 17.410 0.013
6354.87617 17.462 0.013
6360.79666 17.430 0.013
6360.88165 17.407 0.012
6361.85702 17.422 0.012
6362.80508 17.424 0.014
6362.89384 17.417 0.013
6363.86642 17.424 0.013
6367.87011 17.438 0.010
6368.80685 17.421 0.012
6368.89998 17.456 0.013
6369.82870 17.438 0.012
6370.78457 17.415 0.013
6370.87509 17.416 0.012
6371.79643 17.420 0.011
6371.88598 17.456 0.011
6372.78911 17.423 0.013
6372.87797 17.461 0.012
6373.80589 17.448 0.014
6373.89489 17.462 0.013
6374.82167 17.463 0.013
6374.90291 17.460 0.012
6375.81862 17.424 0.012
6375.83690 17.403 0.012
6375.91776 17.456 0.013
6376.83295 17.444 0.013
6376.91468 17.457 0.012
6377.84484 17.429 0.011
6378.75226 17.421 0.015
6378.84014 17.427 0.011
6379.74980 17.397 0.015
6379.83675 17.437 0.014
6379.92259 17.422 0.019
6380.84116 17.441 0.012
6381.75467 17.458 0.014
6381.84840 17.456 0.011
6382.75248 17.393 0.020
6382.83266 17.457 0.015
6386.74811 17.416 0.017
6386.84494 17.436 0.013
6387.74666 17.448 0.012
6387.82944 17.472 0.012
6387.91300 17.466 0.015
6388.74653 17.444 0.014
6388.85768 17.471 0.012
6388.87374 17.448 0.013
6389.73517 17.435 0.015
6389.82869 17.459 0.013
6389.91122 17.438 0.013
6390.78621 17.464 0.012
6390.87074 17.169 0.014
6391.78293 17.441 0.017
6393.78085 17.401 0.013
6394.73524 17.459 0.016
6395.70353 17.420 0.019
6395.87684 17.428 0.011
6396.83550 17.457 0.010
6397.77518 17.460 0.011
6398.69283 17.421 0.013
6398.87319 17.465 0.013
6399.78632 17.469 0.012
6400.69592 17.423 0.013
6400.70860 17.444 0.012
6400.72269 17.445 0.012
6400.73897 17.434 0.013
6400.75175 17.481 0.013
6400.76849 17.423 0.013
6400.78247 17.441 0.013
6400.78714 17.441 0.012
6400.78862 17.436 0.012
6400.79169 17.474 0.013
6400.79806 17.462 0.013
6400.80353 17.461 0.013
6400.80966 17.453 0.013
6400.82394 17.429 0.012
6400.84321 17.451 0.012
6400.85266 17.448 0.012
6400.86445 17.435 0.012
6400.87790 17.425 0.012
6400.89112 17.448 0.012
6400.90553 17.447 0.013
6400.92031 17.432 0.013
6401.71071 17.485 0.015
6401.85258 17.441 0.011
6401.88903 17.451 0.012
6402.81430 17.503 0.013
6403.72351 17.439 0.012
6403.90471 17.443 0.012
6404.83232 17.482 0.012
6405.81131 17.471 0.015
6405.82406 17.491 0.014
6406.85954 17.444 0.012
6407.77779 17.472 0.014
6408.72955 17.404 0.033
6409.82927 17.424 0.019
6415.79156 17.477 0.017
6416.67771 17.436 0.016
6416.89241 17.463 0.013
6417.77955 17.461 0.013
6418.65098 17.414 0.015
6418.80161 17.470 0.013
6419.69966 17.418 0.012
6419.86636 17.397 0.013
6420.71749 17.427 0.011
6420.90019 17.439 0.011
6421.93349 17.406 0.019
6422.93407 17.426 0.023
6423.84282 17.487 0.014
6424.68307 17.424 0.012
6424.87785 17.446 0.011
6426.77831 17.430 0.012
6427.93064 17.458 0.013
6428.77410 17.444 0.013
6431.77233 17.443 0.013
6431.93786 17.480 0.019
6432.79683 17.479 0.015
6433.60350 17.444 0.020
6433.78393 17.402 0.015
6434.68584 17.409 0.015
6434.86902 17.464 0.014
6435.71661 17.414 0.012
6435.90555 17.437 0.012
6436.70331 17.449 0.013
6436.89258 17.453 0.013
6437.82916 17.413 0.020
6441.70034 17.466 0.016
6441.74094 17.448 0.018
6441.93220 17.491 0.020
6442.71560 17.438 0.011
6442.89006 17.431 0.013
6443.65415 17.439 0.013
6443.87442 17.441 0.014
6444.72422 17.412 0.014
6444.91214 17.426 0.014
6445.73223 17.447 0.013
6445.92943 17.466 0.015
6446.71282 17.432 0.011
6446.91853 17.416 0.012
6447.67577 17.487 0.013
6447.86234 17.442 0.012
6448.62500 17.388 0.012
6448.81004 17.449 0.011
6449.58407 17.431 0.012
6449.77019 17.462 0.013
6449.93205 17.378 0.014
6450.71049 17.441 0.010
6450.85348 17.454 0.012
6450.88878 17.440 0.012
6450.91906 17.433 0.013
6451.55775 17.372 0.018
6451.58709 17.436 0.015
6451.65067 17.442 0.013
6451.68342 17.467 0.013
6451.74484 17.437 0.011
6451.83612 17.460 0.013
6451.88254 17.464 0.013
6452.61461 17.456 0.010
6452.84979 17.472 0.011
6454.62437 17.422 0.014
6454.80923 17.445 0.013
6455.58157 17.408 0.013
6456.59050 17.444 0.010
6456.77679 17.422 0.011
6457.74079 17.428 0.010
6457.91405 17.636 0.016
6458.70774 17.439 0.012
6458.88603 17.426 0.012
6459.65246 17.441 0.012
6459.84189 17.469 0.012
6460.69688 17.483 0.012
6461.59870 17.408 0.014
6461.80689 17.416 0.012
6462.66785 17.435 0.012
6463.53974 17.406 0.020
6463.72971 17.420 0.013
6463.89538 17.417 0.014
6464.72813 17.429 0.015
6468.53323 17.367 0.019
6468.72863 17.423 0.016
6469.59749 17.375 0.014
6469.78455 17.431 0.016
6471.80594 17.435 0.020
6472.77701 17.440 0.013
6473.55260 17.373 0.015
6473.73814 17.471 0.013
6474.49720 17.374 0.020
6474.66924 17.483 0.014
6474.85317 17.471 0.016
6475.65206 17.419 0.011
6475.83092 17.423 0.019
6476.59690 17.428 0.015
6476.78525 17.444 0.011
6477.59049 17.419 0.013
6477.77833 17.424 0.015
6478.63870 17.427 0.014
6479.70584 17.508 0.018
6480.60403 17.428 0.016
6480.78776 17.489 0.014
6481.59946 17.419 0.014
6481.61411 17.528 0.015
6482.77512 17.545 0.020
6484.51035 17.432 0.017
6485.57708 17.462 0.013
6485.80995 17.408 0.014
6486.54415 17.456 0.014
6486.75736 17.454 0.013
6487.54384 17.471 0.014
6487.74709 17.452 0.011
6489.58186 17.465 0.016
6489.78498 17.454 0.015
6490.62346 17.436 0.012
6491.47166 17.429 0.018
6491.69164 17.454 0.014
6492.50368 17.470 0.018
6492.70420 17.466 0.017
6496.52940 17.473 0.020
6497.61428 17.401 0.018
6497.79593 17.481 0.018
6498.63744 17.478 0.012
6499.47131 17.435 0.015
6500.57127 17.497 0.019
6501.60711 17.452 0.013
6501.78132 17.451 0.018
6505.51419 17.403 0.015
6505.72184 17.452 0.015
6506.65081 17.505 0.018
6507.71066 17.464 0.020
6508.61953 17.414 0.011
6509.52468 17.428 0.011
6509.71014 17.418 0.011
6510.60084 17.413 0.011
6511.52347 17.417 0.013
6511.75919 17.452 0.014
6514.66038 17.429 0.012
6515.61256 17.469 0.012
6516.60443 17.475 0.013
6518.61712 17.429 0.012
6519.56999 17.488 0.013
6523.50577 17.457 0.014
6523.65982 17.426 0.015
6524.60404 17.453 0.013
6525.60966 17.478 0.020
6527.60541 17.335 0.018
6529.67399 17.458 0.021
6529.67720 17.476 0.020
6529.68051 17.387 0.018
6531.66335 17.454 0.014
6532.65964 17.440 0.012
6534.52465 17.444 0.014
6535.60925 17.396 0.014
6538.55492 17.439 0.013
6539.60700 17.425 0.011
6541.60659 17.459 0.011
6543.65759 17.468 0.014
6545.55851 17.424 0.011
6546.59611 17.403 0.014
6552.55639 17.378 0.019
6556.61944 17.481 0.021
6559.49566 17.431 0.017
6560.55860 17.490 0.017
6562.51774 17.427 0.014
6563.56217 17.468 0.016
6564.49274 17.457 0.019
6564.58609 17.440 0.015
6565.55390 17.433 0.014
6567.53930 17.506 0.020
6568.53653 17.442 0.018
6569.48685 17.419 0.015
6569.57935 17.463 0.013
6570.55723 17.395 0.013
6571.56529 17.445 0.016
6572.52480 17.378 0.016
6573.50339 17.461 0.015
6573.59077 17.428 0.013
6577.55541 17.375 0.023
6578.54070 17.382 0.017
6579.50936 17.434 0.015
6580.53026 17.493 0.023
6581.56517 17.396 0.017
6582.57961 17.409 0.015
6583.56819 17.387 0.021
6584.57002 17.411 0.023
6585.56660 17.427 0.019
6590.53842 17.391 0.019
6590.56382 17.443 0.022
6593.52917 17.342 0.018
6697.89213 17.406 0.017
6702.87655 17.392 0.015
6704.88214 17.429 0.014
6707.84902 17.427 0.019
6708.86777 17.431 0.014
6709.89367 17.424 0.015
6715.82391 17.433 0.012
6716.81795 17.412 0.012
6717.81657 17.384 0.018
6718.83276 17.381 0.019
6719.83035 17.421 0.014
6720.80627 17.435 0.017
6720.89985 17.475 0.012
6721.88003 17.435 0.011
6722.87699 17.442 0.013
6723.85351 17.394 0.012
6724.83385 17.482 0.019
6725.80826 17.442 0.015
6725.90361 17.434 0.014
6726.87182 17.404 0.014
6727.84058 17.465 0.011
6728.80800 17.427 0.012
6728.90367 17.449 0.012
6729.86310 17.445 0.012
6730.81409 17.345 0.018
6731.86294 17.445 0.019
6732.82214 17.480 0.020
6732.91251 17.434 0.015
6733.85458 17.451 0.013
6734.78932 17.398 0.015
6734.88500 17.444 0.012
6735.83285 17.405 0.014
6736.76422 17.401 0.018
6736.86760 17.445 0.016
6737.81903 17.418 0.012
6737.89701 17.465 0.012
6742.81257 17.422 0.011
6742.90046 17.459 0.011
6744.82131 17.435 0.013
6744.91054 17.457 0.011
6745.81813 17.447 0.012
6745.90470 17.424 0.012
6746.81161 17.432 0.012
6747.83126 17.436 0.012
6747.92503 17.352 0.021
6749.78594 17.445 0.013
6750.79607 17.400 0.015
6751.82665 17.439 0.010
6752.80019 17.426 0.012
6754.79022 17.392 0.016
6755.80918 17.456 0.014
6756.76265 17.460 0.012
6757.72511 17.413 0.017
6757.91141 17.428 0.010
6759.73142 17.454 0.013
6759.88591 17.450 0.009
6760.83628 17.464 0.011
6761.77455 17.431 0.014
6762.72011 17.464 0.015
6763.69316 17.453 0.016
6763.87434 17.318 0.012
6764.80469 17.232 0.011
6765.73034 17.213 0.012
6765.90792 17.237 0.011
6768.88139 17.283 0.010
6769.78330 17.305 0.011
6770.67729 17.352 0.013
6770.84486 17.343 0.011
6771.79713 17.333 0.010
6772.70526 17.345 0.011
6772.90185 17.363 0.010
6773.81966 17.401 0.015
6774.73119 17.358 0.014
6775.69517 17.347 0.011
6775.90006 17.415 0.012
6776.81457 17.379 0.011
6777.79624 17.395 0.012
6784.70905 17.365 0.014
6784.89235 17.383 0.013
6785.68579 17.396 0.011
6785.88441 17.402 0.013
6786.69392 17.426 0.013
6786.90969 17.422 0.013
6789.66640 17.408 0.017
6789.83109 17.443 0.014
6790.69696 17.419 0.016
6790.86841 17.427 0.017
6791.70806 17.440 0.018
6791.88009 17.439 0.016
6792.70179 17.451 0.017
6792.85832 17.430 0.016
6796.65162 17.384 0.015
6796.82536 17.406 0.014
6797.69042 17.446 0.018
6797.85906 17.496 0.016
6798.85083 17.370 0.021
6803.63941 17.452 0.015
6803.80761 17.431 0.012
6804.59186 17.452 0.014
6804.75287 17.423 0.013
6804.92266 17.409 0.015
6805.74371 17.437 0.015
6805.91691 17.419 0.020
6807.70076 17.396 0.016
6807.87196 17.387 0.016
6808.66213 17.418 0.014
6808.85112 17.407 0.013
6809.63266 17.420 0.012
6809.84421 17.411 0.014
6810.63371 17.471 0.015
6810.82138 17.425 0.014
6811.60011 17.432 0.018
6811.79543 17.424 0.015
6813.65953 17.405 0.017
6813.85597 17.431 0.014
6814.67635 17.452 0.013
6814.87447 17.417 0.015
6815.66139 17.421 0.017
6815.87618 17.430 0.015
6816.71472 17.425 0.018
6817.57523 17.442 0.020
6817.75171 17.436 0.014
6817.92551 17.449 0.018
6819.58187 17.462 0.019
6819.73376 17.425 0.017
6823.74059 17.424 0.015
6823.90268 17.427 0.018
6824.70075 17.410 0.015
6824.88776 17.405 0.019
6825.66866 17.470 0.014
6825.85587 17.472 0.018
6826.61974 17.445 0.016
6826.80615 17.415 0.014
6827.60640 17.482 0.013
6827.81584 17.428 0.014
6828.57704 17.439 0.013
6828.78730 17.452 0.014
6829.53210 17.455 0.020
6829.71834 17.461 0.015
6829.87697 17.410 0.016
6830.69531 17.444 0.011
6830.86825 17.437 0.013
6831.77576 17.446 0.013
6832.57525 17.395 0.015
6832.76364 17.421 0.014
6833.59124 17.457 0.016
6833.78116 17.443 0.015
6834.55868 17.459 0.018
6834.74173 17.441 0.014
6835.56529 17.463 0.019
6835.74941 17.428 0.014
6836.53398 17.379 0.020
6836.72238 17.440 0.016
6837.51010 17.437 0.015
6837.69123 17.459 0.014
6837.84766 17.421 0.016
6838.62590 17.423 0.015
6838.80893 17.426 0.016
6839.59376 17.434 0.015
6839.78063 17.401 0.015
6840.59395 17.438 0.016
6840.78504 17.450 0.015
6841.67596 17.447 0.014
6841.83293 17.439 0.017
6842.64878 17.423 0.015
6842.82470 17.345 0.018
6844.60889 17.425 0.013
6844.79755 17.462 0.013
6845.53979 17.435 0.014
6845.71940 17.449 0.013
6847.49840 17.444 0.017
6847.63820 17.423 0.013
6847.77905 17.485 0.015
6851.52080 17.436 0.018
6851.69517 17.458 0.016
6852.51166 17.429 0.021
6852.71238 17.399 0.020
6855.48699 17.441 0.017
6855.67671 17.422 0.013
6856.47266 17.447 0.018
6856.65799 17.437 0.012
6857.47202 17.424 0.015
6857.65840 17.446 0.012
6858.48663 17.438 0.013
6858.67199 17.439 0.012
6859.60759 17.446 0.017
6862.56267 17.417 0.020
6862.75038 17.414 0.014
6863.61851 17.416 0.012
6863.78441 17.451 0.016
6864.64637 17.454 0.014
6865.59761 17.425 0.014
6866.80055 17.362 0.015
6870.54587 17.448 0.017
6871.53907 17.445 0.014
6872.63320 17.426 0.013
6873.60296 17.444 0.016
6879.52085 17.462 0.022
6879.74475 17.452 0.024
6880.69202 17.439 0.021
6881.62813 17.447 0.016
6882.56666 17.461 0.017
6882.73698 17.416 0.017
6884.70888 17.418 0.014
6885.63839 17.429 0.013
6886.56316 17.450 0.016
6886.72613 17.444 0.017
6887.65964 17.444 0.013
6888.58987 17.442 0.013
6889.54515 17.444 0.015
6889.71286 17.399 0.014
6890.65520 17.422 0.013
6891.59622 17.435 0.014
6895.55568 17.429 0.013
6896.50143 17.430 0.014
6898.51612 17.462 0.016
6907.54531 17.431 0.014
6908.52714 17.417 0.018
6909.56040 17.436 0.020
6912.58620 17.439 0.016
6915.59390 17.451 0.018
6918.59285 17.461 0.018
6921.63038 17.428 0.014
6922.62562 17.423 0.017
6924.51553 17.400 0.021
6925.55570 17.423 0.017
6926.57988 17.438 0.016
6928.49607 17.428 0.021
6929.56478 17.352 0.016
6930.60720 17.495 0.019
6936.55102 17.462 0.020
