550.90674 18.914 0.068
552.84980 18.798 0.046
552.87726 18.786 0.045
553.80244 18.915 0.050
554.87494 18.892 0.061
557.83018 18.897 0.067
558.90077 18.893 0.059
560.82812 18.830 0.055
562.81683 18.983 0.076
567.90457 19.076 0.099
568.83742 18.893 0.058
569.80448 18.891 0.056
570.81696 18.914 0.067
571.74321 18.830 0.063
572.82718 18.764 0.073
573.86648 18.778 0.056
574.82666 18.873 0.056
575.80493 18.829 0.057
576.78561 18.751 0.047
578.74374 18.889 0.057
581.73077 18.926 0.064
582.74391 18.820 0.055
583.73755 18.768 0.054
587.83658 18.747 0.059
588.74157 19.003 0.065
590.77362 18.866 0.089
599.81752 18.814 0.064
600.73824 18.887 0.055
601.80957 18.877 0.050
605.75335 18.853 0.064
606.67065 18.763 0.048
607.66704 18.881 0.051
608.65880 18.804 0.065
614.73068 18.895 0.062
615.68853 18.888 0.080
616.66260 18.889 0.058
623.81817 19.000 0.073
624.61835 18.719 0.054
625.72755 18.809 0.062
626.61089 18.822 0.059
627.82507 18.833 0.079
628.64127 18.763 0.049
629.61015 18.874 0.054
630.70518 18.866 0.064
631.68110 18.897 0.058
632.74021 18.843 0.054
633.75149 18.855 0.056
635.72075 18.785 0.065
643.59390 18.783 0.060
645.68072 18.948 0.073
652.64084 19.109 0.085
653.63695 18.826 0.054
656.63454 18.973 0.070
657.67473 19.002 0.098
663.59573 18.797 0.064
664.78572 18.685 0.083
665.70740 18.761 0.051
666.71877 18.875 0.061
667.65547 18.817 0.056
671.59632 18.897 0.064
684.55887 18.831 0.074
687.53842 18.919 0.062
689.54965 18.790 0.050
698.55483 18.803 0.060
706.55582 18.887 0.088
712.49003 18.894 0.085
715.56583 18.901 0.076
727.49689 18.721 0.067
747.50162 18.970 0.116
859.87747 18.850 0.059
887.84424 18.957 0.089
895.82198 18.780 0.059
898.83495 18.855 0.056
918.87736 18.882 0.088
925.84352 18.846 0.060
930.88064 18.903 0.080
933.83786 18.887 0.059
936.72510 18.884 0.055
937.87008 18.966 0.083
939.88480 19.099 0.089
940.84001 18.921 0.082
941.66403 18.758 0.074
941.82625 18.885 0.063
944.73089 19.116 0.112
944.83333 19.073 0.116
944.92874 18.940 0.114
950.66363 18.989 0.096
951.80667 18.895 0.065
953.76533 18.940 0.076
962.75592 18.866 0.072
964.80738 18.505 0.053
965.79722 18.950 0.085
966.70784 18.737 0.051
971.88529 18.951 0.072
985.69819 18.664 0.048
989.75154 18.919 0.084
990.82264 18.587 0.052
991.72279 18.615 0.056
992.80777 18.568 0.070
995.79438 18.619 0.077
997.66246 18.635 0.057
1005.67368 19.036 0.101
1021.58011 18.987 0.075
1026.64390 18.876 0.068
1036.56031 18.817 0.062
1040.68854 18.897 0.066
1046.64515 19.021 0.092
1047.63600 18.928 0.079
1048.59683 19.071 0.092
1049.65559 18.948 0.073
1054.67392 18.894 0.061
1060.56191 18.925 0.086
1064.64860 19.078 0.127
1065.62311 19.039 0.111
1069.60806 18.914 0.077
1074.63663 18.856 0.110
1077.55991 18.892 0.067
1087.60318 19.273 0.119
1089.61697 18.951 0.116
1091.55928 18.925 0.086
1107.55711 19.040 0.090
1114.55067 18.839 0.103
1232.87095 18.849 0.070
1240.88026 18.918 0.084
1245.81311 18.807 0.080
1253.84674 18.846 0.075
1255.88081 18.925 0.082
1259.88003 18.868 0.071
1262.84154 18.963 0.076
1266.79698 18.920 0.090
1268.84152 18.805 0.069
1278.91502 18.865 0.067
1280.73461 18.825 0.073
1288.88645 18.784 0.057
1289.74342 19.138 0.092
1290.88995 18.747 0.064
1295.67369 18.996 0.099
1297.76690 18.850 0.074
1299.68343 18.837 0.073
1305.90400 18.928 0.079
1306.85803 18.931 0.062
1308.68317 18.867 0.075
1312.90389 18.845 0.074
1315.86345 18.858 0.069
1316.86312 18.916 0.065
1319.73151 18.891 0.065
1320.85665 18.884 0.066
1335.77230 18.970 0.061
1338.80899 18.967 0.078
1340.69340 18.951 0.070
1345.76879 19.024 0.089
1346.77066 18.915 0.062
1347.63043 18.829 0.056
1348.67709 18.821 0.065
1349.63845 18.863 0.063
1352.79157 18.818 0.052
1353.68829 18.970 0.081
1354.72970 18.818 0.066
1355.63721 18.949 0.089
1360.78168 19.097 0.095
1364.74962 18.773 0.087
1365.64319 18.975 0.083
1366.71293 18.930 0.069
1367.73001 19.012 0.084
1368.72452 18.883 0.066
1369.66808 18.834 0.064
1374.77494 19.007 0.086
1375.69846 19.009 0.081
1376.57953 18.852 0.056
1394.68593 18.847 0.063
1395.78564 19.077 0.132
1397.77664 18.761 0.087
1398.73646 18.909 0.066
1399.73165 18.997 0.110
1401.62665 18.784 0.059
1402.73004 18.809 0.071
1408.60269 18.979 0.073
1415.64112 19.012 0.110
1418.72586 18.960 0.093
1431.66052 18.758 0.075
1435.55990 18.801 0.099
1437.52873 19.038 0.098
1442.51002 18.841 0.080
1447.50748 18.931 0.076
1450.48573 18.877 0.067
1458.55830 18.744 0.087
1461.56629 18.855 0.088
1462.49773 18.939 0.119
1481.54828 19.062 0.115
1606.84585 18.609 0.066
1608.87863 18.804 0.080
1610.88399 18.772 0.075
1616.87035 18.819 0.067
1617.82335 18.986 0.074
1622.84838 18.874 0.075
1624.82197 18.800 0.099
1625.83337 18.858 0.079
1627.84326 18.878 0.089
1632.82908 19.060 0.110
1643.84680 18.832 0.057
1645.81689 18.875 0.079
1646.90776 18.927 0.079
1652.89677 18.777 0.066
1654.75272 18.977 0.076
1661.80191 18.897 0.067
1662.86999 18.830 0.061
1664.83162 18.874 0.067
1666.73243 18.844 0.070
1667.84021 18.845 0.067
1669.71275 18.954 0.084
1670.83057 18.833 0.061
1671.87451 18.897 0.067
1675.85482 18.786 0.071
1681.76248 18.947 0.100
1682.86008 18.785 0.073
1692.69783 18.942 0.059
1693.80083 18.826 0.060
1695.72656 18.809 0.052
1699.59322 18.893 0.072
1701.67094 18.719 0.053
1703.65415 18.838 0.069
1705.75952 18.883 0.077
1709.75424 19.088 0.122
1717.78435 18.832 0.053
1726.70229 18.916 0.079
1728.75752 19.010 0.083
1729.82447 18.881 0.063
1730.83357 18.900 0.067
1731.78430 18.985 0.068
1732.80820 18.930 0.075
1743.80371 18.862 0.095
1748.68401 18.833 0.066
1749.60081 18.846 0.061
1750.63631 18.910 0.061
1751.55338 18.873 0.057
1752.71835 18.821 0.067
1754.70141 18.908 0.073
1755.71478 18.900 0.069
1756.61579 18.810 0.063
1757.74334 18.940 0.105
1758.66061 18.915 0.071
1759.59358 18.897 0.051
1761.64218 18.974 0.066
1762.66786 19.027 0.078
1763.67487 18.965 0.066
1764.67065 18.874 0.053
1765.64999 18.831 0.061
1773.68113 18.943 0.084
1784.70134 18.984 0.094
1786.64126 18.922 0.065
1787.67903 18.858 0.066
1789.64620 18.752 0.054
1802.58216 18.779 0.080
1804.51716 18.905 0.067
1809.55029 18.981 0.064
1812.50486 19.076 0.097
1814.61445 19.068 0.079
1817.52962 18.969 0.075
1819.60217 19.099 0.106
1826.58454 19.191 0.134
1834.54866 18.956 0.107
2127.52477 18.850 0.114
2130.55734 18.856 0.082
2133.56703 18.795 0.071
2136.68829 18.742 0.085
2141.67827 18.853 0.120
2172.56858 18.821 0.116
2179.55803 19.085 0.200
2189.55319 18.892 0.134
2214.53608 18.929 0.167
2337.86521 18.910 0.071
2352.88741 18.797 0.094
2361.88118 18.761 0.075
2373.83204 18.751 0.081
2464.80297 18.806 0.075
2816.69894 18.920 0.089
2852.65422 18.930 0.118
2859.66823 18.698 0.100
3059.88549 18.790 0.064
3068.84982 18.781 0.071
3071.90232 18.853 0.074
3074.79435 18.895 0.086
3077.80311 18.636 0.167
3080.85077 18.833 0.073
3083.79775 18.778 0.059
3085.90885 18.921 0.070
3087.84448 18.765 0.065
3089.86519 18.835 0.060
3091.86516 18.836 0.066
3097.84393 18.817 0.065
3099.86989 18.842 0.074
3101.84299 18.769 0.086
3102.87151 18.790 0.076
3104.78712 18.778 0.124
3107.79420 19.070 0.082
3108.82385 18.805 0.065
3110.91366 18.850 0.081
3112.87077 18.788 0.073
3114.86564 18.839 0.074
3116.85329 19.039 0.090
3122.86912 18.940 0.127
3125.92987 19.000 0.115
3126.82273 18.760 0.064
3127.90876 18.920 0.079
3128.89811 18.993 0.108
3130.77561 18.681 0.085
3131.64099 18.762 0.141
3134.91110 19.208 0.333
3135.79600 18.791 0.069
3137.84838 18.692 0.085
3138.73313 18.811 0.074
3140.70485 18.772 0.061
3140.93866 18.760 0.107
3141.76992 18.785 0.064
3142.84421 18.798 0.072
3144.86217 18.840 0.071
3146.93193 18.897 0.077
3151.83749 18.914 0.091
3152.83586 18.853 0.079
3153.83441 18.703 0.083
3153.84188 18.810 0.094
3153.86935 18.994 0.117
3153.89117 18.772 0.085
3153.91474 18.832 0.082
3153.93881 18.938 0.136
3154.65748 18.782 0.096
3154.72615 18.917 0.112
3154.77849 19.027 0.110
3154.87868 18.916 0.119
3154.91063 18.796 0.108
3154.93759 18.756 0.132
3156.57771 18.813 0.132
3156.73467 18.789 0.073
3156.80548 19.177 0.179
3156.92703 18.815 0.084
3157.76554 18.984 0.111
3157.94013 19.250 0.175
3158.60009 18.830 0.118
3158.70110 18.821 0.148
3161.57463 18.374 0.267
3161.61072 18.808 0.231
3161.65044 18.558 0.370
3162.57510 18.734 0.101
3162.63541 18.854 0.090
3162.87225 18.876 0.090
3163.60855 18.814 0.075
3163.83454 18.850 0.071
3164.60557 18.925 0.075
3164.82026 18.819 0.088
3165.63515 18.797 0.070
3165.67648 18.771 0.056
3166.65630 18.808 0.104
3167.60279 18.928 0.096
3167.68310 18.852 0.085
3168.57903 18.848 0.086
3168.83337 18.688 0.062
3169.53740 18.802 0.078
3169.86343 18.842 0.085
3170.58963 18.902 0.078
3170.65454 18.844 0.055
3170.89056 19.024 0.081
3171.52229 18.934 0.095
3171.71180 18.754 0.055
3172.53429 18.692 0.070
3173.74678 18.892 0.088
3173.82058 18.900 0.093
3173.85816 18.814 0.082
3174.78783 18.832 0.068
3174.86129 18.698 0.068
3174.90903 18.856 0.082
3175.54508 18.712 0.064
3175.77626 18.770 0.061
3175.78314 18.830 0.065
3175.78970 18.897 0.079
3175.79269 18.921 0.070
3175.79567 18.838 0.071
3175.79857 18.822 0.072
3175.80147 18.764 0.061
3175.80456 18.851 0.068
3175.81101 18.770 0.062
3175.83081 18.779 0.069
3175.84880 18.931 0.091
3175.86876 18.876 0.091
3175.89983 18.920 0.100
3175.91746 18.854 0.094
3176.52222 18.778 0.115
3176.57859 18.880 0.106
3176.63071 18.928 0.105
3177.63485 18.899 0.120
3177.70930 18.916 0.129
3177.80043 18.910 0.130
3177.84442 18.964 0.152
3178.53727 18.722 0.090
3178.59120 18.963 0.111
3178.68918 18.681 0.070
3178.76823 18.958 0.085
3179.51536 18.890 0.090
3179.56578 18.764 0.062
3179.58732 18.794 0.075
3179.71962 18.796 0.077
3179.80447 18.826 0.075
3179.88914 18.819 0.086
3180.49579 18.949 0.145
3180.61461 18.798 0.053
3180.70594 18.697 0.052
3180.78569 18.799 0.062
3180.80571 18.744 0.052
3180.89328 18.956 0.086
3182.50688 18.994 0.148
3182.60176 18.910 0.098
3182.67605 18.869 0.087
3182.79140 18.896 0.081
3182.86593 18.764 0.072
3183.57406 18.864 0.081
3183.72643 18.830 0.092
3183.83627 18.977 0.102
3184.49460 18.755 0.085
3184.63246 18.724 0.050
3184.78038 18.757 0.069
3185.51873 18.721 0.082
3185.63521 18.637 0.055
3185.87586 18.608 0.070
3193.63051 18.741 0.066
3194.53018 18.778 0.083
3194.82091 18.863 0.075
3195.75409 18.848 0.064
3196.60695 18.851 0.117
3196.84976 18.969 0.091
3197.52517 18.788 0.066
3197.79548 18.992 0.101
3201.84277 18.729 0.095
3202.78656 18.850 0.076
3203.61563 18.789 0.049
3204.76376 18.778 0.067
3205.69405 18.755 0.057
3210.59127 18.757 0.066
3211.75752 18.768 0.082
3217.73345 18.907 0.108
3218.74443 19.019 0.136
3226.72854 19.044 0.120
3228.69896 18.975 0.107
3229.72972 18.919 0.101
3230.74556 19.124 0.119
3231.67286 18.436 0.059
3238.69741 18.509 0.070
3240.54734 18.633 0.067
3245.65925 18.765 0.087
3247.52132 18.792 0.065
3249.64059 18.957 0.104
3251.53606 18.740 0.087
3254.61762 18.952 0.118
3257.55551 18.816 0.057
3265.58457 18.785 0.075
3267.61218 18.660 0.066
3273.51615 19.075 0.152
3277.53058 18.713 0.088
3280.53245 18.731 0.080
3289.53626 18.814 0.090
3294.53155 18.772 0.068
3296.53070 18.747 0.077
3302.52781 19.040 0.165
3418.87054 18.740 0.064
3424.85420 18.791 0.083
3427.85608 18.641 0.072
3430.83770 18.764 0.065
3436.88432 18.722 0.075
3443.85545 18.720 0.053
3445.88387 18.897 0.053
3448.79050 18.966 0.139
3450.80784 18.839 0.055
3453.85127 18.773 0.074
3458.88653 18.919 0.079
3459.90171 18.757 0.068
3468.88521 18.658 0.056
3469.88792 18.819 0.055
3472.87276 18.733 0.057
3474.80646 18.880 0.068
3476.78306 18.888 0.062
3478.87840 18.743 0.064
3480.89427 18.818 0.076
3483.82886 18.821 0.077
3496.93598 18.859 0.105
3497.90923 18.650 0.072
3500.91828 18.813 0.072
3502.90248 18.743 0.066
3503.88400 19.037 0.070
3506.94277 18.854 0.104
3508.92008 19.147 0.158
3509.90290 18.801 0.057
3511.92642 18.782 0.060
3512.91960 18.804 0.090
3520.67864 18.960 0.088
3521.80934 18.976 0.086
3522.87703 18.892 0.086
3524.86824 18.719 0.071
3527.73696 18.767 0.049
3528.89584 18.993 0.091
3530.87418 18.752 0.050
3530.90555 18.657 0.049
3538.86370 18.810 0.079
3541.89786 19.017 0.120
3544.89528 18.699 0.106
3547.86264 18.753 0.090
3550.83945 19.325 0.117
3551.85151 18.880 0.073
3552.84685 18.650 0.094
3554.85339 18.748 0.084
3556.85794 18.911 0.135
3558.63484 18.863 0.068
3559.64329 18.900 0.070
3560.71962 18.788 0.070
3561.64115 18.883 0.066
3562.67447 18.821 0.067
3563.73893 18.869 0.079
3569.66688 19.071 0.200
3573.79728 18.843 0.104
3574.76948 18.803 0.100
3575.71144 18.827 0.065
3576.77807 19.041 0.109
3578.75258 18.972 0.089
3579.70111 18.855 0.060
3581.75059 18.764 0.067
3582.69950 18.807 0.064
3583.71773 18.729 0.072
3584.72171 18.945 0.078
3585.72026 18.740 0.055
3586.77428 18.809 0.062
3590.76002 18.986 0.092
3591.74510 18.807 0.066
3592.71939 18.852 0.067
3603.73152 18.906 0.094
3608.70809 18.778 0.071
3615.66584 18.828 0.089
3617.62744 18.910 0.097
3619.62458 18.660 0.076
3621.66621 18.709 0.077
3629.55050 18.981 0.084
3631.57932 18.981 0.104
3634.53512 18.751 0.067
3640.53829 18.884 0.100
3644.61360 18.942 0.111
3649.58952 19.109 0.097
3652.56348 18.889 0.116
3656.55622 18.855 0.131
3660.56041 18.764 0.096
3665.54670 18.887 0.097
3671.49959 19.154 0.176
3778.85309 18.709 0.079
3783.89201 18.829 0.070
3786.87929 18.804 0.097
3792.89709 18.840 0.135
3794.89622 18.910 0.072
3796.88806 18.879 0.068
3797.88769 18.825 0.059
3800.86873 18.878 0.081
3802.81561 18.769 0.085
3803.84827 18.910 0.089
3804.89542 19.096 0.127
3806.90790 19.015 0.080
3808.89288 18.684 0.058
3810.80895 18.833 0.078
3812.79508 18.836 0.087
3814.78601 18.765 0.106
3818.85083 18.794 0.065
3819.91029 18.715 0.048
3820.90254 18.852 0.063
3821.91390 18.820 0.061
3823.91080 18.913 0.064
3824.92082 18.773 0.114
3825.91286 18.740 0.076
3826.91198 18.758 0.068
3827.91206 19.230 0.129
3829.92013 18.735 0.058
3830.88937 18.841 0.063
3832.92065 18.870 0.085
3833.91077 18.807 0.069
3834.82782 18.789 0.052
3835.88715 18.857 0.056
3836.88975 18.783 0.062
3837.86850 18.810 0.057
3838.87267 18.810 0.073
3839.89167 18.622 0.079
3840.87568 18.825 0.070
3841.85905 18.742 0.059
3842.77292 18.730 0.075
3845.86604 18.745 0.184
3846.86734 18.802 0.055
3847.91382 19.084 0.137
3848.88322 18.778 0.077
3849.91214 18.985 0.084
3850.83222 18.797 0.068
3851.83855 18.685 0.073
3852.83064 18.797 0.067
3853.81991 18.786 0.049
3856.80854 18.857 0.068
3860.86398 19.037 0.106
3861.87926 18.966 0.075
3862.82284 18.806 0.076
3863.80064 18.794 0.058
3864.82451 18.812 0.049
3865.78694 18.749 0.066
3866.75257 18.706 0.053
3867.76348 18.894 0.086
3868.75473 18.862 0.081
3869.73727 19.128 0.234
3873.73993 18.789 0.058
3874.78677 18.783 0.078
3875.77002 18.849 0.056
3877.72838 18.802 0.058
3880.79575 18.808 0.060
3881.80366 18.803 0.057
3882.73862 18.929 0.076
3883.79063 18.755 0.059
3886.75396 18.843 0.071
3887.73380 18.894 0.071
3889.89550 18.706 0.055
3891.62711 18.516 0.060
3892.76280 18.463 0.054
3893.79943 18.474 0.062
3894.83058 18.645 0.086
3896.78408 18.499 0.084
3900.67783 18.385 0.107
3901.68330 18.811 0.063
3902.70089 18.790 0.063
3903.84917 18.976 0.079
3904.68065 18.740 0.055
3905.69142 18.659 0.050
3906.66924 18.653 0.062
3907.73524 18.613 0.078
3908.67520 18.864 0.055
3909.67327 18.828 0.048
3912.67733 18.737 0.087
3913.67758 18.755 0.054
3914.73701 18.798 0.065
3915.67444 18.912 0.060
3916.75617 18.845 0.143
3917.77340 18.691 0.077
3918.77365 18.837 0.068
3919.70385 18.649 0.051
3920.65750 18.835 0.077
3921.66600 19.277 0.137
3930.72766 18.815 0.072
3931.64381 18.860 0.085
3932.60763 18.841 0.052
3933.65515 18.761 0.052
3934.62156 18.822 0.056
3934.83049 18.925 0.081
3935.60261 18.783 0.057
3936.58768 19.110 0.093
3937.66642 18.835 0.069
3938.63263 19.055 0.100
3940.77669 18.885 0.074
3944.74042 18.793 0.057
3945.66903 18.894 0.069
3946.65982 18.851 0.073
3950.67511 18.732 0.053
3951.69754 18.895 0.091
3959.64683 18.804 0.088
3960.63790 18.790 0.058
3963.64326 18.732 0.124
3964.68645 18.750 0.058
3965.65425 18.776 0.058
3966.64867 18.777 0.143
3967.67218 18.914 0.065
3968.63172 18.866 0.133
3969.64214 18.793 0.070
3970.64892 18.990 0.075
3971.68019 18.813 0.063
3974.64599 18.744 0.065
3975.63853 18.856 0.069
3976.63248 18.681 0.061
3987.62981 18.778 0.064
3989.58008 18.956 0.098
3991.58152 18.960 0.093
3995.52933 18.873 0.073
4001.59965 18.866 0.073
4002.63523 18.792 0.083
4003.58967 19.105 0.157
4011.57303 18.706 0.082
4016.54286 18.839 0.107
4017.57570 19.022 0.096
4019.58383 18.821 0.165
4023.56665 18.905 0.110
4025.51818 18.839 0.082
4027.52592 18.816 0.091
4030.51797 19.265 0.151
4153.83775 18.824 0.095
4155.87250 18.838 0.086
4158.83425 18.909 0.141
4162.88500 18.898 0.121
4165.86931 18.764 0.106
4167.86226 18.801 0.084
4169.86470 18.843 0.075
4174.87866 18.842 0.075
4176.85598 18.759 0.074
4177.91290 18.791 0.133
4179.80718 18.833 0.096
4180.87571 18.844 0.091
4182.78409 18.658 0.130
4183.82101 18.796 0.082
4185.79685 18.746 0.132
4190.89484 18.748 0.073
4192.89904 18.860 0.077
4193.91005 18.732 0.066
4196.88968 18.860 0.101
4202.90131 18.869 0.141
4203.88948 18.748 0.059
4204.89629 18.869 0.129
4205.88511 18.789 0.072
4207.91284 18.770 0.064
4208.91848 18.945 0.092
4213.89000 18.822 0.065
4216.84865 18.767 0.068
4217.87153 18.867 0.062
4218.91525 18.806 0.109
4220.90215 18.901 0.177
4222.86215 18.838 0.081
4228.86307 18.678 0.094
4229.82900 18.725 0.066
4230.80965 18.804 0.070
4231.85196 18.809 0.066
4232.87290 18.953 0.120
4234.81033 18.758 0.061
4234.84781 18.889 0.076
4235.83144 18.795 0.083
4237.64831 18.934 0.123
4238.83596 18.916 0.112
4240.63405 18.804 0.119
4243.88232 18.734 0.086
4244.89302 18.776 0.074
4245.93212 18.879 0.092
4246.93642 18.933 0.116
4247.59351 18.838 0.085
4250.92271 18.613 0.095
4256.82109 18.845 0.127
4257.70498 18.961 0.102
4258.80736 18.712 0.084
4268.58839 18.752 0.146
4269.72880 18.903 0.083
4272.65004 18.796 0.065
4273.69746 18.782 0.075
4274.68132 18.875 0.084
4275.73810 18.879 0.104
4277.57896 18.845 0.103
4278.71232 18.808 0.146
4283.65914 18.784 0.077
4284.64057 18.901 0.143
4285.64753 18.895 0.117
4286.74127 18.895 0.105
4289.69106 18.815 0.094
4291.58542 19.076 0.196
4292.62594 18.905 0.068
4293.65433 18.839 0.062
4294.69491 18.802 0.069
4295.65554 18.818 0.080
4296.63839 18.860 0.084
4297.56560 18.789 0.070
4298.79777 18.900 0.121
4299.76730 18.809 0.068
4300.70345 18.940 0.080
4301.56656 18.890 0.079
4302.80052 19.000 0.113
4306.55757 19.037 0.118
4311.60009 18.893 0.123
4312.66737 18.792 0.077
4317.65446 18.831 0.123
4319.66340 18.844 0.091
4326.67257 18.830 0.084
4327.70831 18.790 0.098
4328.64309 18.819 0.073
4329.63376 18.834 0.093
4330.64772 18.843 0.075
4331.64313 18.840 0.076
4332.69777 18.650 0.074
4333.64692 18.872 0.097
4334.66040 18.811 0.150
4338.68001 18.845 0.127
4339.64994 18.944 0.148
4340.71315 18.886 0.122
4341.69460 18.742 0.126
4342.69107 18.988 0.146
4343.66086 18.725 0.070
4345.66071 18.933 0.143
4346.66590 18.828 0.094
4347.68003 18.967 0.101
4349.65509 18.822 0.085
4350.67967 18.900 0.092
4351.65053 18.889 0.085
4354.65928 18.731 0.083
4357.59729 18.914 0.118
4359.57079 18.779 0.071
4365.61573 18.712 0.114
4368.61527 19.070 0.176
4370.57090 18.829 0.077
4372.60370 18.913 0.094
4377.56443 18.997 0.126
4381.60683 18.752 0.143
4517.89818 19.063 0.254
4520.89032 18.750 0.131
4523.87047 18.848 0.093
4525.86519 18.649 0.097
4532.89339 18.850 0.082
4535.85554 18.933 0.100
4537.80549 18.820 0.131
4539.81028 18.895 0.096
4541.84218 18.768 0.069
4543.83189 18.814 0.118
4544.82873 18.721 0.111
4545.84633 18.637 0.066
4547.82011 18.791 0.077
4550.81909 18.954 0.119
4552.80920 18.703 0.108
4556.90096 18.730 0.068
4558.89600 18.912 0.072
4559.89104 18.901 0.085
4560.89119 18.791 0.092
4561.88026 18.856 0.059
4564.88440 18.834 0.058
4565.87402 18.810 0.048
4566.87524 18.776 0.054
4567.88082 18.828 0.074
4568.91301 18.686 0.059
4569.89907 18.958 0.140
4570.90466 18.887 0.077
4571.86626 18.762 0.057
4572.90486 18.866 0.082
4573.87989 18.795 0.052
4574.88840 18.857 0.077
4575.89968 18.733 0.068
4583.86990 18.807 0.079
4585.85363 18.749 0.064
4586.87241 18.848 0.078
4587.88430 18.867 0.094
4588.77454 18.911 0.077
4589.74387 18.858 0.083
4590.82352 18.880 0.073
4591.73636 18.832 0.077
4592.80988 18.898 0.106
4593.79537 18.916 0.075
4594.82369 18.838 0.077
4595.81451 18.847 0.077
4596.77013 18.892 0.063
4596.89448 18.695 0.078
4596.92973 18.874 0.073
4597.75360 18.863 0.074
4597.83202 18.903 0.083
4598.65026 18.858 0.064
4598.80152 18.828 0.049
4599.78073 18.745 0.055
4600.80314 18.804 0.051
4601.79171 18.772 0.056
4602.79535 18.749 0.056
4606.85721 18.671 0.069
4611.77278 18.774 0.201
4616.76493 18.779 0.055
4618.66936 18.794 0.086
4622.74812 19.088 0.161
4623.82114 18.827 0.087
4624.75992 18.843 0.088
4625.74351 18.757 0.085
4626.80495 18.971 0.180
4627.72218 18.820 0.063
4628.71101 18.746 0.066
4629.78053 18.970 0.076
4630.71973 18.781 0.111
4631.73556 18.818 0.057
4632.76938 18.817 0.069
4633.90481 19.061 0.136
4639.85755 18.759 0.156
4641.89964 18.674 0.106
4642.54539 18.772 0.136
4643.70246 18.670 0.090
4644.79197 18.689 0.068
4645.70457 18.861 0.090
4646.67151 18.856 0.062
4647.69349 18.825 0.083
4649.67798 18.827 0.070
4650.71611 18.635 0.071
4651.71666 18.817 0.077
4652.64922 18.834 0.083
4653.66304 18.762 0.064
4654.68150 18.797 0.116
4655.68216 18.804 0.112
4656.64855 18.883 0.083
4661.63824 18.841 0.062
4666.50944 18.887 0.108
4670.74100 18.992 0.131
4671.69452 18.726 0.068
4672.65433 18.740 0.080
4674.68231 18.840 0.078
4677.72642 18.891 0.096
4681.71037 18.739 0.077
4682.70798 18.801 0.068
4683.66402 18.779 0.093
4684.68279 18.922 0.084
4684.77595 18.686 0.097
4685.70857 18.684 0.087
4687.69683 18.538 0.076
4688.64274 18.531 0.060
4694.72686 18.662 0.116
4697.65160 18.657 0.080
4698.66974 18.819 0.087
4700.66495 18.888 0.083
4701.64828 18.854 0.092
4702.66274 18.856 0.091
4708.68434 18.907 0.090
4715.64542 19.149 0.155
4720.65110 18.640 0.155
4721.65889 18.883 0.129
4722.64912 18.919 0.113
4725.62202 18.630 0.098
4726.65023 18.949 0.145
4733.61132 18.802 0.094
4739.50404 18.772 0.083
4750.55338 18.829 0.119
4757.56025 18.720 0.080
4763.53657 18.822 0.103
4877.87659 18.921 0.079
4883.89048 18.820 0.115
4886.85719 18.884 0.092
4890.82970 19.165 0.186
4894.88069 18.805 0.111
4898.89832 18.795 0.078
4900.85945 18.749 0.078
4902.83666 18.925 0.081
4903.89934 19.013 0.088
4904.86482 18.759 0.068
4911.90004 18.726 0.052
4913.91349 18.925 0.084
4924.90796 18.892 0.074
4926.76933 18.761 0.075
4928.81470 18.846 0.086
4930.75018 18.676 0.116
4931.89231 18.800 0.077
4932.80015 18.854 0.078
4933.74775 18.862 0.103
4934.84605 18.993 0.182
4938.85451 18.865 0.086
4940.79926 18.731 0.076
4941.85104 18.807 0.077
4942.87710 18.791 0.073
4943.73368 18.723 0.062
4944.79855 18.853 0.062
4949.81303 18.944 0.077
4951.83800 18.674 0.078
4953.74254 18.844 0.135
5260.88875 18.919 0.047
5261.81968 18.856 0.057
5262.85726 18.861 0.149
5265.87580 18.865 0.057
5266.82207 18.915 0.053
5268.85170 18.841 0.042
5269.81540 18.881 0.043
5270.82103 18.910 0.039
5271.81661 18.782 0.039
5272.82173 18.893 0.050
5273.80672 18.903 0.048
5274.82526 18.827 0.043
5275.81156 18.941 0.052
5276.78973 18.868 0.045
5277.84577 18.907 0.055
5278.82184 18.805 0.046
5279.82310 18.920 0.053
5280.82972 18.845 0.039
5281.80965 18.877 0.038
5282.83240 18.920 0.043
5283.79240 18.921 0.076
5283.88385 18.930 0.050
5284.79809 18.867 0.057
5285.78890 19.015 0.069
5285.91939 18.947 0.073
5286.80456 18.849 0.075
5287.85773 18.869 0.045
5288.78310 18.904 0.057
5289.83500 18.803 0.053
5293.86295 18.820 0.039
5294.82357 18.863 0.032
5295.82679 18.863 0.038
5296.86608 18.914 0.030
5297.90226 18.836 0.033
5299.73510 18.964 0.036
5300.84385 19.032 0.049
5301.85218 18.940 0.055
5306.83767 18.907 0.038
5307.83781 18.890 0.041
5308.82737 18.932 0.038
5309.88225 18.869 0.041
5312.73770 18.915 0.058
5313.77415 18.885 0.066
5314.70118 18.910 0.072
5314.91387 18.972 0.055
5315.84169 18.872 0.056
5316.79785 18.872 0.072
5319.93952 18.756 0.076
5320.83688 18.858 0.049
5321.78271 18.863 0.044
5322.76407 19.091 0.072
5323.66869 18.955 0.065
5323.89323 18.890 0.049
5324.82572 19.120 0.071
5325.73909 18.877 0.046
5326.62608 18.899 0.061
5326.86560 18.998 0.056
5327.81425 18.863 0.046
5328.74352 18.970 0.051
5328.93583 18.878 0.076
5334.86562 18.923 0.060
5335.84089 18.913 0.047
5336.92663 18.891 0.050
5337.92793 19.096 0.083
5339.68620 18.905 0.067
5340.64480 19.068 0.106
5340.90324 19.021 0.073
5341.83462 18.864 0.047
5342.66196 18.934 0.073
5342.85822 18.793 0.052
5343.69160 19.020 0.067
5343.89785 18.854 0.077
5348.83244 18.802 0.043
5349.74269 18.852 0.061
5350.72139 18.884 0.064
5351.87988 18.891 0.068
5352.87670 18.781 0.044
5353.80913 18.809 0.037
5354.82027 18.872 0.049
5355.74797 18.785 0.045
5357.74968 18.671 0.045
5359.72539 18.506 0.037
5361.67206 18.643 0.049
5362.91012 18.575 0.065
5365.57357 18.621 0.044
5368.61788 18.873 0.059
5376.63535 18.923 0.075
5376.82991 18.927 0.077
5377.52392 18.901 0.068
5377.76231 18.924 0.048
5378.67056 18.933 0.046
5379.49405 18.879 0.061
5379.79771 18.867 0.058
5380.50549 18.900 0.060
5380.68903 18.906 0.041
5381.54189 18.902 0.064
5381.75541 18.978 0.077
5382.63044 18.862 0.068
5382.83829 18.946 0.094
5385.84017 18.933 0.049
5386.54328 18.836 0.049
5386.62481 18.808 0.046
5386.70924 18.864 0.051
5387.47420 18.828 0.045
5387.83989 18.984 0.064
5388.79449 18.881 0.050
5389.72690 18.761 0.047
5390.67562 18.817 0.067
5391.53543 18.887 0.072
5392.47253 18.846 0.064
5392.80257 18.946 0.048
5393.77901 19.007 0.066
5396.72691 18.828 0.050
5396.76167 18.863 0.040
5403.51064 18.813 0.043
5403.70349 18.847 0.046
5404.57420 18.839 0.054
5404.77923 18.946 0.070
5405.78679 18.847 0.055
5407.64338 18.774 0.061
5408.57107 18.836 0.055
5408.76377 19.031 0.076
5409.76598 19.000 0.068
5410.77026 18.894 0.058
5411.78138 18.963 0.076
5412.70399 18.943 0.080
5413.77484 18.856 0.061
5416.62009 18.885 0.062
5418.68732 18.875 0.053
5421.70071 18.873 0.041
5423.51824 18.874 0.036
5426.54436 18.856 0.054
5430.61510 19.007 0.072
5431.61255 18.819 0.053
5432.62812 18.870 0.074
5434.58057 18.847 0.056
5435.54996 18.897 0.052
5436.64960 18.955 0.054
5438.64172 18.878 0.048
5439.64631 18.955 0.066
5443.66488 19.007 0.055
5445.48157 18.854 0.046
5446.57760 18.837 0.055
5447.61120 18.922 0.046
5449.51803 18.933 0.061
5450.60697 18.815 0.061
5453.54658 18.756 0.062
5457.61847 18.859 0.057
5459.51026 18.937 0.061
5460.52982 18.930 0.060
5461.55637 18.629 0.077
5462.61273 18.908 0.068
5465.55923 18.942 0.095
5469.55378 18.832 0.041
5471.58905 18.892 0.052
5473.51918 19.022 0.071
5478.51272 18.871 0.057
5480.56120 18.870 0.064
5485.55362 18.783 0.065
5487.54664 19.002 0.080
5489.54951 19.028 0.111
5494.51757 18.783 0.079
5497.54122 19.046 0.087
5620.87761 18.983 0.071
5621.89990 18.808 0.052
5624.89109 18.843 0.036
5626.86230 18.932 0.051
5628.82173 18.964 0.051
5629.84838 18.848 0.049
5631.87767 18.913 0.046
5633.83165 18.846 0.043
5635.86454 18.976 0.058
5637.90728 18.921 0.068
5638.86534 18.863 0.046
5639.81887 18.869 0.056
5639.89448 18.968 0.047
5640.81567 18.964 0.065
5640.90366 18.886 0.046
5641.81188 18.846 0.051
5642.77228 18.917 0.071
5642.89303 18.958 0.053
5643.79819 18.950 0.063
5643.89890 18.844 0.036
5644.80448 18.992 0.066
5647.75607 18.778 0.048
5647.79291 18.989 0.054
5647.82912 18.914 0.056
5647.86134 18.826 0.045
5647.91273 18.848 0.067
5648.81224 18.861 0.044
5648.89948 18.850 0.041
5649.79470 18.907 0.042
5649.90064 18.862 0.039
5650.78661 18.817 0.035
5650.89826 18.965 0.049
5651.81089 18.773 0.042
5652.74834 18.786 0.038
5652.85208 18.819 0.036
5653.90734 18.832 0.032
5654.82992 18.865 0.040
5655.74350 18.943 0.051
5655.82054 18.853 0.042
5656.77084 18.888 0.041
5656.85656 18.848 0.030
5657.81777 18.839 0.031
5657.90794 18.899 0.035
5658.81411 18.918 0.050
5658.91253 18.798 0.044
5659.76539 18.884 0.040
5659.84365 18.903 0.046
5660.72994 18.891 0.052
5660.82063 18.876 0.040
5662.72900 18.815 0.063
5662.83112 18.910 0.047
5662.91125 18.842 0.043
5664.77511 18.913 0.059
5664.87562 18.837 0.054
5665.75614 18.876 0.057
5665.86607 18.831 0.043
5667.77476 18.992 0.054
5668.76428 18.846 0.060
5669.77703 18.763 0.041
5670.75158 18.765 0.053
5671.73348 18.859 0.052
5675.81320 18.896 0.052
5676.73965 18.889 0.031
5676.92879 18.830 0.047
5677.88056 18.908 0.039
5679.79244 18.930 0.051
5680.68599 18.861 0.053
5680.86928 18.912 0.041
5681.75390 18.902 0.039
5682.66374 18.950 0.060
5682.88441 18.861 0.038
5683.81802 18.842 0.033
5684.73223 18.898 0.040
5684.93309 18.794 0.062
5685.90395 18.889 0.039
5686.81506 18.874 0.036
5687.70221 18.963 0.065
5688.87160 18.580 0.032
5689.81686 18.963 0.037
5690.80920 18.873 0.046
5691.74767 18.941 0.050
5692.64058 18.796 0.079
5692.82221 18.913 0.049
5693.64912 19.090 0.063
5693.84431 18.881 0.040
5694.66120 18.867 0.047
5694.85237 18.852 0.038
5695.68374 18.707 0.052
5695.89199 18.848 0.041
5696.71798 18.895 0.046
5697.72434 18.899 0.050
5697.88893 18.814 0.047
5698.72276 18.970 0.077
5698.88359 18.859 0.066
5703.84997 18.981 0.086
5705.87380 18.884 0.070
5706.80870 18.865 0.067
5707.69906 18.832 0.047
5707.85639 18.942 0.060
5708.68065 18.913 0.052
5708.86566 18.787 0.074
5710.78800 18.921 0.052
5712.76538 18.835 0.041
5713.77415 18.829 0.034
5714.69187 18.702 0.036
5715.71530 18.871 0.037
5715.90503 19.117 0.080
5716.78912 18.936 0.048
5721.63436 18.865 0.048
5721.87221 18.937 0.056
5722.70127 18.874 0.041
5723.58722 18.977 0.053
5723.76487 18.852 0.039
5724.58615 18.884 0.064
5724.60037 18.853 0.058
5724.61296 18.832 0.062
5724.81594 19.032 0.064
5725.74052 18.885 0.041
5726.63998 18.777 0.052
5726.81274 18.896 0.067
5734.79714 18.843 0.047
5735.63986 19.017 0.080
5735.65702 18.944 0.059
5735.67153 18.819 0.061
5735.68600 18.947 0.052
5735.70329 18.940 0.051
5735.72537 18.894 0.046
5735.74576 18.877 0.041
5735.76478 18.911 0.040
5735.78298 18.976 0.050
5735.79763 18.934 0.048
5735.81254 18.960 0.046
5735.82915 18.867 0.049
5735.84446 18.885 0.063
5735.85934 19.034 0.062
5735.87410 18.889 0.069
5735.88895 18.786 0.064
5736.61246 18.972 0.039
5736.62670 18.867 0.032
5736.64183 18.933 0.042
5736.66093 18.849 0.033
5736.68210 18.879 0.031
5736.69770 18.893 0.028
5736.70584 18.885 0.030
5736.71883 18.785 0.030
5736.72816 18.799 0.029
5736.73719 18.870 0.030
5736.74569 18.891 0.033
5736.75407 18.849 0.033
5736.76830 18.826 0.032
5736.77813 18.829 0.033
5736.78569 18.829 0.035
5736.79354 18.862 0.036
5736.80131 18.923 0.044
5736.80927 18.893 0.042
5736.81718 18.845 0.038
5736.82511 18.913 0.047
5736.83273 18.810 0.039
5736.84067 18.841 0.041
5736.84841 18.953 0.048
5736.85642 18.970 0.048
5736.86402 18.924 0.048
5736.87326 18.924 0.053
5736.88088 18.905 0.063
5736.88747 19.005 0.065
5736.89518 18.808 0.051
5736.90163 18.783 0.063
5737.51550 18.978 0.066
5737.56812 18.996 0.049
5737.62879 18.863 0.034
5737.67263 18.875 0.030
5737.74424 18.894 0.032
5737.79758 18.983 0.047
5737.85285 18.988 0.052
5738.71342 18.822 0.034
5739.58227 18.886 0.056
5739.76849 18.908 0.046
5740.56291 18.878 0.065
5740.76703 18.994 0.048
5741.53687 18.837 0.045
5741.71921 18.822 0.039
5741.87536 18.870 0.043
5742.64170 18.890 0.041
5742.80880 18.917 0.039
5743.68366 18.836 0.049
5743.85745 19.027 0.075
5744.61602 18.979 0.068
5744.84122 18.985 0.061
5745.61588 18.852 0.055
5745.79104 18.818 0.065
5746.63662 18.880 0.044
5746.82305 18.877 0.069
5747.72162 18.834 0.062
5749.50346 18.882 0.078
5749.66871 18.869 0.051
5752.54778 18.846 0.072
5753.62749 19.111 0.125
5759.84180 19.022 0.096
5760.63035 18.879 0.056
5760.80231 18.927 0.052
5762.50237 19.013 0.062
5762.66020 18.914 0.053
5763.53510 18.942 0.040
5763.72464 18.906 0.047
5764.53977 18.897 0.041
5764.71836 18.867 0.040
5765.60417 18.802 0.032
5766.47160 18.764 0.053
5766.65519 18.918 0.041
5767.53187 18.771 0.051
5767.74165 18.887 0.057
5768.59013 18.887 0.041
5768.76928 18.840 0.048
5769.62516 18.886 0.038
5770.67039 18.816 0.053
5776.54203 18.854 0.066
5777.48182 18.935 0.061
5777.70890 18.970 0.042
5778.61133 18.850 0.057
5779.74442 18.803 0.050
5785.58202 18.822 0.064
5786.49515 18.820 0.077
5786.71458 19.032 0.085
5787.56420 18.908 0.047
5787.73941 19.108 0.101
5788.65251 19.026 0.064
5790.53916 18.942 0.048
5790.71157 18.886 0.053
5793.55833 18.914 0.047
5793.71857 18.977 0.065
5794.63094 18.905 0.051
5795.64408 18.815 0.050
5796.61274 18.793 0.041
5801.53498 18.923 0.058
5801.69369 19.112 0.081
5804.50688 18.789 0.038
5804.68021 18.971 0.058
5805.64409 19.094 0.072
5807.59529 18.782 0.067
5812.58006 18.660 0.067
5813.56537 18.756 0.040
5815.53342 18.981 0.044
5816.50478 18.944 0.047
5817.50594 19.077 0.055
5818.48518 18.852 0.053
5819.48523 18.948 0.059
5819.65720 18.955 0.077
5820.63469 18.955 0.081
5822.57366 18.775 0.057
5823.50527 18.841 0.073
5823.59209 18.963 0.066
5824.53096 18.714 0.041
5824.61139 18.895 0.058
5825.54048 18.883 0.051
5825.62919 19.009 0.065
5826.55911 18.914 0.061
5827.49838 18.738 0.069
5827.57889 18.975 0.068
5828.50954 18.806 0.046
5828.58708 18.780 0.051
5829.52227 18.937 0.052
5829.59848 18.993 0.054
5830.53543 18.903 0.048
5831.49269 18.897 0.047
5831.58268 19.127 0.065
5832.52868 18.767 0.041
5832.60655 19.120 0.099
5833.56612 18.925 0.053
5834.52575 19.019 0.051
5834.59969 19.148 0.073
5836.50935 18.946 0.073
5836.57440 18.708 0.061
5839.52907 18.819 0.090
5839.59839 19.006 0.124
5840.57163 18.857 0.054
5841.50247 18.899 0.077
5841.58556 19.033 0.081
5842.54848 18.799 0.066
5843.50085 18.771 0.056
5843.58838 18.874 0.103
5844.52972 18.853 0.066
5845.49066 18.996 0.081
5845.57038 19.024 0.082
5846.53237 18.894 0.080
5850.55658 19.028 0.055
5851.51981 18.818 0.052
5851.57398 18.862 0.076
5852.55093 19.118 0.090
5854.54196 18.664 0.061
5855.52875 18.841 0.066
5856.53034 18.829 0.080
5858.50172 18.869 0.101
5859.54615 18.869 0.068
5861.51875 18.948 0.067
5862.52617 19.003 0.074
5866.51847 18.901 0.119
5867.52198 18.903 0.072
5868.52297 18.992 0.104
5869.51390 18.871 0.079
5870.51955 18.907 0.065
5971.89203 18.959 0.082
5976.90008 18.863 0.058
5977.89416 18.731 0.046
5979.84870 18.829 0.052
5980.85263 18.864 0.074
5982.85701 19.045 0.057
5983.85992 18.742 0.035
5984.85344 18.861 0.038
5985.83732 18.833 0.055
5986.82190 18.922 0.060
5986.90458 18.818 0.062
5987.87181 18.879 0.044
5988.86164 18.859 0.047
5989.84228 18.867 0.055
5990.81204 18.730 0.048
5990.89124 18.881 0.045
5991.86524 18.984 0.045
5992.84186 18.891 0.046
5993.82388 19.023 0.083
5994.80517 18.845 0.061
5994.88124 18.860 0.061
5995.81317 19.002 0.055
5995.89548 18.914 0.048
5996.83750 18.983 0.055
5997.79536 19.072 0.070
5997.87975 18.873 0.046
5998.82073 18.844 0.048
5998.91002 18.902 0.051
5999.85316 18.946 0.049
6003.83213 19.026 0.089
6004.77340 19.101 0.077
6004.86978 18.867 0.046
6005.78839 18.850 0.046
6005.89531 18.872 0.030
6006.80671 18.821 0.037
6006.90470 18.819 0.034
6007.81710 18.884 0.041
6007.90317 18.921 0.038
6008.80210 18.834 0.045
6008.89798 18.894 0.043
6009.81241 18.904 0.038
6009.89825 18.915 0.039
6010.79603 18.900 0.040
6010.89311 18.967 0.034
6011.78467 18.838 0.042
6011.89897 18.859 0.052
6012.79998 19.090 0.052
6012.89647 18.801 0.028
6013.79341 18.928 0.046
6013.89565 18.821 0.033
6014.77038 18.920 0.040
6014.86921 19.010 0.058
6015.74835 18.920 0.043
6015.82558 18.880 0.033
6015.91672 18.856 0.044
6016.80882 18.849 0.037
6016.91196 18.928 0.032
6017.79461 18.928 0.038
6017.89145 18.941 0.029
6018.78349 18.982 0.051
6018.86263 18.888 0.044
6019.76172 18.995 0.067
6019.85813 18.899 0.034
6020.71650 18.973 0.072
6020.81134 18.911 0.041
6020.88881 18.869 0.033
6021.74908 18.920 0.055
6021.82676 18.906 0.038
6021.92551 18.937 0.066
6022.77490 18.796 0.042
6022.87069 18.863 0.040
6023.73064 18.894 0.064
6023.81116 18.876 0.046
6023.91627 18.963 0.053
6024.76818 18.848 0.053
6024.87189 18.891 0.040
6025.74295 18.898 0.070
6025.82303 19.020 0.060
6031.84935 18.819 0.042
6032.78605 18.945 0.049
6033.71065 18.784 0.054
6033.91155 18.950 0.056
6034.86207 18.796 0.033
6034.90002 18.863 0.037
6036.75826 18.922 0.042
6037.74256 19.019 0.062
6038.71051 18.943 0.069
6038.90187 18.902 0.043
6039.89738 18.950 0.043
6040.88413 18.883 0.044
6041.70728 18.819 0.057
6041.73332 19.077 0.073
6041.76213 18.945 0.058
6041.82314 18.934 0.052
6041.88115 18.799 0.035
6046.88054 18.826 0.044
6047.77372 18.930 0.038
6048.71344 18.874 0.041
6048.90389 18.808 0.042
6049.83392 18.871 0.028
6050.71033 18.864 0.056
6050.89900 18.932 0.041
6052.70750 18.921 0.059
6052.88434 18.848 0.039
6053.73873 18.876 0.044
6053.93185 18.963 0.070
6058.77078 18.822 0.037
6059.67102 18.876 0.052
6059.84806 18.849 0.035
6061.72614 18.979 0.048
6061.90388 18.783 0.047
6062.77473 18.903 0.048
6063.74518 19.007 0.088
6063.94098 18.832 0.074
6064.87178 18.830 0.039
6065.70051 18.855 0.039
6066.63913 18.905 0.043
6066.81949 18.820 0.040
6067.62338 18.968 0.052
6067.80230 18.856 0.037
6068.61823 18.945 0.049
6068.84185 18.813 0.034
6069.77225 18.920 0.034
6070.58987 18.858 0.064
6070.74436 18.925 0.039
6070.92279 18.870 0.060
6071.72057 18.818 0.037
6071.89990 18.778 0.039
6075.70351 18.854 0.040
6076.57693 18.947 0.061
6076.76047 18.838 0.035
6076.93327 18.714 0.045
6077.87452 18.785 0.043
6078.67478 18.859 0.043
6078.86051 18.949 0.037
6079.65210 18.768 0.033
6079.85554 18.792 0.032
6080.62253 18.837 0.057
6080.79002 18.864 0.042
6081.58022 18.904 0.073
6081.74299 18.985 0.055
6081.92841 18.908 0.081
6082.73906 18.918 0.087
6082.87034 18.898 0.076
6085.57528 18.813 0.066
6085.74824 18.922 0.053
6086.68127 18.936 0.043
6086.87238 18.895 0.056
6087.77143 18.878 0.044
6088.62666 18.808 0.037
6089.73006 18.971 0.041
6092.58674 18.980 0.058
6092.86304 18.926 0.052
6093.65706 18.851 0.040
6093.85819 18.928 0.054
6094.71773 18.949 0.046
6094.89301 18.964 0.073
6096.72452 18.846 0.046
6096.73733 18.803 0.049
6096.89761 18.927 0.075
6097.82873 18.923 0.052
6098.62421 18.923 0.052
6098.80398 18.907 0.046
6099.75325 18.759 0.053
6100.65069 19.004 0.044
6100.83811 18.825 0.053
6101.60263 18.932 0.047
6101.78101 18.866 0.037
6102.56642 19.017 0.059
6102.74202 18.949 0.037
6103.50461 18.859 0.061
6103.67038 18.908 0.038
6104.50673 19.092 0.059
6104.65483 18.959 0.039
6104.81549 18.847 0.037
6105.56949 18.794 0.053
6105.76151 18.995 0.055
6108.57052 18.907 0.048
6108.75635 18.956 0.043
6109.74419 19.027 0.063
6109.84389 18.897 0.068
6113.54969 18.844 0.066
6113.71177 18.799 0.044
6114.56255 18.876 0.080
6114.73411 18.933 0.046
6115.49818 18.783 0.043
6115.68674 18.878 0.051
6116.53716 18.772 0.040
6116.71606 18.821 0.036
6117.51739 19.041 0.052
6117.69528 18.775 0.042
6117.84838 18.834 0.054
6118.64239 18.884 0.036
6118.81008 18.893 0.044
6119.59756 19.033 0.047
6119.75307 18.841 0.050
6120.62933 18.881 0.045
6120.80589 18.914 0.049
6121.60603 18.895 0.031
6121.76078 18.858 0.029
6123.65222 18.797 0.036
6123.80976 18.910 0.046
6124.65810 18.938 0.042
6124.81994 18.923 0.054
6125.65887 18.818 0.046
6125.82964 18.935 0.068
6126.69228 18.869 0.041
6127.56600 18.816 0.057
6128.58332 18.968 0.041
6130.71791 18.762 0.051
6131.66457 18.844 0.035
6131.73302 18.941 0.049
6132.68881 18.870 0.071
6133.64117 18.806 0.050
6134.55236 18.888 0.060
6135.52103 18.926 0.054
6135.63210 18.857 0.073
6135.74394 18.877 0.045
6136.67174 18.913 0.048
6140.52187 19.143 0.099
6140.70160 18.666 0.060
6141.54706 18.831 0.051
6141.72361 19.010 0.071
6147.60899 18.936 0.076
6148.53651 18.911 0.034
6149.56154 18.878 0.044
6150.58989 19.102 0.078
6151.58251 18.840 0.050
6151.74189 19.005 0.056
6152.64339 18.864 0.040
6154.59038 18.853 0.053
6157.72097 18.777 0.060
6158.65870 18.939 0.046
6159.57936 18.773 0.047
6160.57926 18.891 0.041
6160.73421 18.920 0.045
6161.68122 18.944 0.063
6164.65279 19.136 0.066
6168.66298 18.885 0.046
6169.63603 18.897 0.056
6171.60034 18.893 0.043
6172.55970 18.878 0.038
6175.52183 18.969 0.053
6179.48542 18.966 0.066
6179.66819 18.838 0.071
6180.65320 18.979 0.078
6181.61705 18.963 0.047
6182.63054 19.030 0.060
6184.53048 18.895 0.039
6185.62879 18.885 0.047
6190.49117 18.920 0.058
6191.54566 18.887 0.053
6195.51955 19.008 0.050
6195.59885 18.962 0.053
6196.51864 18.750 0.049
6196.59795 19.031 0.068
6197.52029 18.847 0.051
6197.59968 19.009 0.086
6199.53084 18.992 0.084
6200.62340 18.991 0.103
6202.57995 18.918 0.091
6203.57188 18.828 0.067
6204.52535 18.712 0.043
6204.60179 18.915 0.064
6205.54827 18.764 0.039
6210.51919 18.772 0.041
6210.59649 18.972 0.063
6211.55045 18.843 0.044
6212.54589 18.954 0.051
6213.49677 19.011 0.069
6213.57392 18.945 0.066
6214.55724 19.030 0.061
6216.55564 18.831 0.045
6217.51143 18.854 0.039
6217.58636 19.078 0.059
6218.56288 18.804 0.061
6223.54882 19.128 0.084
6233.50557 19.082 0.105
6234.54523 19.091 0.093
6239.52917 19.041 0.085
6334.86072 18.896 0.056
6335.84968 18.915 0.058
6337.89027 19.042 0.058
6338.87006 18.808 0.044
6339.89332 18.831 0.052
6341.86838 18.887 0.065
6344.84605 18.878 0.042
6345.86489 18.933 0.048
6347.86813 18.947 0.049
6348.86477 18.897 0.047
6349.87020 18.727 0.043
6350.88340 19.015 0.052
6352.88109 18.954 0.042
6353.85671 18.887 0.045
6354.87467 18.880 0.042
6358.87618 18.668 0.042
6360.87066 18.951 0.036
6361.84611 18.763 0.037
6362.81912 19.059 0.055
6362.88273 18.862 0.042
6363.84142 18.766 0.037
6367.85899 18.872 0.032
6368.79527 18.882 0.043
6368.88832 18.860 0.036
6369.82713 18.732 0.032
6370.78300 18.786 0.047
6370.87353 18.967 0.043
6371.79488 18.733 0.035
6371.88269 18.872 0.029
6372.78756 18.963 0.051
6372.87642 18.926 0.034
6373.80436 18.934 0.055
6373.89335 18.742 0.036
6374.82010 18.855 0.040
6374.90135 18.812 0.034
6375.81708 18.872 0.037
6375.83535 18.849 0.035
6375.91623 18.855 0.037
6376.83139 18.870 0.041
6376.91314 18.848 0.034
6377.84331 18.828 0.032
6378.75072 19.038 0.063
6378.83857 18.803 0.033
6378.91968 18.933 0.053
6379.82521 18.896 0.045
6379.91053 19.007 0.045
6380.83960 18.891 0.040
6381.75312 18.800 0.048
6381.84686 18.893 0.034
6382.75091 18.816 0.066
6382.83113 18.978 0.060
6386.74655 18.784 0.065
6386.84142 18.789 0.040
6387.73171 18.978 0.052
6387.81817 18.848 0.034
6387.89888 18.926 0.041
6388.73531 18.844 0.051
6388.83693 18.893 0.037
6389.73363 18.895 0.059
6389.82711 18.896 0.042
6389.90967 18.897 0.041
6390.77172 18.820 0.040
6390.85799 18.896 0.036
6391.76715 18.927 0.053
6393.76802 18.807 0.045
6394.72219 18.876 0.069
6394.92607 18.882 0.046
6395.86320 18.853 0.029
6396.82077 18.887 0.031
6397.76244 18.850 0.031
6397.92663 19.091 0.060
6398.85851 18.881 0.037
6399.76311 18.950 0.043
6400.73190 18.879 0.042
6401.70112 18.963 0.061
6401.87613 18.851 0.035
6402.79248 18.860 0.049
6403.71084 18.864 0.040
6403.87467 18.833 0.038
6404.73515 18.906 0.043
6404.81915 18.921 0.037
6404.92878 18.909 0.051
6405.82232 18.927 0.050
6406.84080 18.836 0.075
6407.76502 18.943 0.044
6408.71654 18.824 0.087
6409.81066 18.755 0.068
6415.77641 18.306 0.030
6416.65847 18.318 0.031
6416.87040 18.410 0.026
6417.76694 18.448 0.040
6418.64137 18.523 0.036
6418.78888 18.456 0.025
6419.67713 18.489 0.033
6419.85365 18.495 0.030
6420.70473 18.620 0.027
6420.87763 18.571 0.025
6421.92096 18.498 0.035
6422.91344 18.608 0.061
6423.83021 18.593 0.033
6424.66957 18.640 0.034
6424.86411 18.575 0.029
6426.76440 18.600 0.029
6427.92854 18.636 0.043
6428.75084 18.737 0.042
6428.93862 18.737 0.062
6431.74935 18.862 0.042
6431.92387 18.989 0.064
6432.78265 18.883 0.043
6432.94741 18.636 0.101
6433.77008 18.729 0.042
6434.67084 18.944 0.057
6434.85527 18.897 0.051
6435.70193 18.841 0.042
6435.89068 18.891 0.042
6436.69000 18.937 0.050
6436.87931 19.089 0.059
6437.81494 18.850 0.071
6441.69872 18.733 0.052
6441.72768 18.926 0.060
6441.91806 19.139 0.089
6442.69270 18.914 0.041
6442.87674 18.919 0.041
6443.65173 19.042 0.064
6443.85792 18.811 0.065
6444.72260 19.035 0.062
6444.89846 18.949 0.052
6445.71717 18.895 0.044
6445.91438 19.079 0.074
6446.69722 18.837 0.031
6446.90341 18.871 0.048
6447.66147 18.814 0.039
6447.84879 18.837 0.040
6448.61151 19.028 0.052
6448.79590 18.936 0.040
6449.57318 18.929 0.057
6449.74705 18.898 0.045
6449.92194 18.968 0.077
6450.69715 18.838 0.032
6450.87526 19.013 0.049
6451.63699 18.936 0.051
6451.82235 18.889 0.048
6452.59777 18.789 0.035
6452.83580 18.915 0.036
6454.61055 19.086 0.053
6454.79520 18.889 0.046
6455.56777 18.921 0.050
6456.57676 18.845 0.032
6456.76323 18.828 0.031
6457.72541 18.835 0.032
6457.90039 18.876 0.049
6458.68407 18.860 0.043
6458.86915 18.866 0.051
6459.63818 18.845 0.038
6459.82796 18.957 0.044
6460.66892 18.855 0.035
6461.58493 18.901 0.042
6461.79049 18.925 0.045
6462.65392 18.924 0.045
6463.70620 18.855 0.043
6463.88196 18.983 0.055
6464.70397 18.832 0.052
6464.88922 18.820 0.059
6469.58405 18.891 0.058
6469.77153 19.011 0.051
6472.76360 18.859 0.046
6473.53825 18.862 0.063
6473.72463 18.923 0.040
6473.88187 19.058 0.075
6474.65421 18.943 0.051
6474.83968 19.035 0.079
6475.63503 18.812 0.035
6475.81767 19.041 0.058
6476.58334 18.932 0.053
6476.77180 18.881 0.042
6477.57700 18.953 0.052
6477.76485 18.887 0.057
6478.61383 18.913 0.046
6479.69098 18.748 0.046
6480.59059 18.954 0.053
6480.77447 18.884 0.046
6481.58574 18.854 0.048
6484.49692 19.037 0.057
6485.56335 18.892 0.050
6485.79359 18.816 0.046
6486.53031 18.775 0.045
6486.74016 18.836 0.040
6487.53018 18.864 0.044
6487.73299 18.831 0.033
6490.59302 18.864 0.039
6490.79785 18.890 0.048
6491.67073 18.964 0.056
6492.48776 18.897 0.071
6496.51617 18.891 0.090
6497.59943 18.909 0.064
6497.78420 18.779 0.061
6498.62013 18.872 0.039
6498.79381 18.865 0.058
6500.55646 18.965 0.083
6501.57503 18.803 0.044
6505.49090 18.836 0.056
6505.70840 18.768 0.048
6506.60419 18.682 0.054
6507.68672 18.714 0.058
6508.60593 18.902 0.040
6509.51031 18.944 0.039
6509.69657 18.939 0.039
6510.58544 18.863 0.033
6511.74202 18.840 0.048
6514.64221 18.942 0.040
6515.59640 18.670 0.031
6516.57549 18.688 0.046
6518.60112 18.936 0.039
6519.55315 18.895 0.039
6523.49145 18.758 0.052
6523.64637 18.910 0.057
6524.58758 18.791 0.041
6525.58916 18.979 0.078
6527.57999 18.959 0.086
6529.65552 18.970 0.074
6531.64798 18.840 0.056
6532.64003 18.991 0.053
6534.51013 19.008 0.062
6535.59035 19.023 0.081
6538.53128 18.911 0.041
6539.58371 18.890 0.046
6541.59313 18.814 0.034
6543.64424 18.780 0.044
6545.54456 18.943 0.040
6546.57894 18.951 0.076
6551.59138 18.953 0.089
6555.65435 18.749 0.058
6558.63705 18.831 0.065
6560.54192 18.786 0.041
6562.50101 18.795 0.051
6563.56053 18.901 0.057
6565.55226 18.790 0.043
6567.53754 18.722 0.059
6568.53488 18.952 0.075
6569.48521 18.984 0.061
6569.57774 18.840 0.047
6570.55560 18.832 0.054
6571.56366 18.981 0.071
6572.52316 18.994 0.076
6573.57696 19.003 0.060
6578.53906 18.959 0.074
6579.50774 19.038 0.071
6580.52814 18.642 0.069
6581.56353 19.022 0.071
6582.57411 18.844 0.057
6583.55613 19.023 0.101
6585.55955 18.891 0.081
6590.53689 18.988 0.084
6590.56233 19.105 0.111
6593.52764 19.097 0.086
