5265.81414 20.213 0.096
5266.79771 20.230 0.120
5267.78850 20.382 0.120
5268.82794 20.285 0.102
5269.77413 20.373 0.117
5270.76320 20.126 0.106
5271.84554 20.149 0.094
5272.75947 20.224 0.158
5273.81846 20.177 0.090
5274.78426 20.103 0.116
5275.83109 20.454 0.149
5276.76584 20.178 0.112
5276.89329 20.263 0.098
5277.80224 20.274 0.127
5278.77384 20.481 0.205
5279.78150 20.184 0.150
5280.86493 20.263 0.095
5281.76804 20.174 0.118
5281.90283 20.012 0.076
5282.78044 20.039 0.124
5283.73120 20.270 0.241
5284.88367 20.414 0.176
5285.73258 20.218 0.228
5286.73700 20.170 0.155
5287.74613 20.352 0.181
5288.72267 20.222 0.167
5292.79030 20.100 0.142
5293.80109 20.188 0.118
5295.84498 20.373 0.095
5297.92032 20.209 0.110
5300.86180 20.250 0.091
5304.78090 20.401 0.152
5307.80372 20.345 0.102
5309.84311 20.203 0.102
5312.72101 20.221 0.168
5314.68898 20.133 0.213
5315.82976 20.101 0.177
5319.83214 20.191 0.142
5321.66628 20.446 0.242
5324.73902 20.357 0.138
5325.85436 20.476 0.143
5327.69522 20.022 0.089
5328.85179 20.228 0.125
5335.76535 20.211 0.091
5337.86620 20.551 0.216
5339.91279 20.380 0.281
5341.74911 19.592 0.084
5342.80947 20.329 0.205
5343.83780 20.353 0.238
5349.62208 19.976 0.203
5352.64572 20.011 0.099
5354.80649 20.483 0.156
5358.75295 20.140 0.114
5364.61758 20.411 0.105
5376.66303 20.108 0.178
5377.55316 20.733 0.225
5379.62120 20.422 0.119
5381.71861 20.242 0.158
5385.52713 20.180 0.120
5385.62661 20.333 0.132
5385.72896 20.126 0.099
5386.80159 20.301 0.116
5390.57078 20.357 0.138
5393.72201 20.364 0.181
5402.65839 19.897 0.175
5403.74538 20.346 0.210
5407.68246 19.906 0.124
5411.50635 20.510 0.127
5418.54020 20.309 0.091
5430.49364 20.342 0.205
5435.68810 20.500 0.176
5444.61237 20.688 0.238
5450.52302 20.239 0.147
5458.55293 20.589 0.299
5461.56098 20.215 0.270
5468.56138 20.419 0.227
5476.53925 20.791 0.253
5483.51830 19.971 0.354
5486.50574 20.358 0.253
5601.85602 21.148 0.368
5604.85731 20.146 0.171
5605.85344 20.328 0.141
5606.85262 20.490 0.166
5607.85659 20.383 0.149
5608.84516 20.433 0.260
5611.84323 19.807 0.152
5612.85248 19.864 0.109
5613.86053 20.615 0.296
5615.84403 20.262 0.140
5616.83815 20.294 0.214
5621.82916 20.391 0.159
5622.78472 20.338 0.171
5624.77351 20.232 0.134
5626.83235 20.003 0.121
5628.77305 20.182 0.173
5629.76897 20.422 0.182
5631.83384 20.478 0.187
5632.86299 20.375 0.120
5633.76213 20.120 0.119
5634.91376 20.767 0.494
5635.79315 20.044 0.168
5637.77148 19.886 0.193
5638.90350 20.247 0.118
5639.77696 20.407 0.188
5641.83100 20.045 0.112
5641.86917 20.416 0.168
5643.86204 20.374 0.136
5647.74941 20.251 0.115
5648.87385 20.218 0.110
5650.79070 20.300 0.096
5652.79994 20.398 0.097
5654.89090 20.363 0.116
5656.86051 20.240 0.100
5658.86214 20.277 0.107
5659.91201 20.231 0.099
5662.83506 20.222 0.131
5664.91038 20.412 0.124
5667.91330 20.139 0.075
5670.78042 20.490 0.200
5676.68979 20.103 0.066
5677.91003 20.333 0.109
5680.80310 20.568 0.164
5682.69265 20.134 0.144
5684.65826 20.108 0.108
5686.65927 20.409 0.161
5687.85027 20.139 0.094
5690.87195 20.319 0.218
5692.77108 20.336 0.136
5693.87145 20.515 0.172
5695.63718 20.229 0.164
5696.75939 20.276 0.143
5697.84634 20.297 0.136
5698.93035 20.871 0.614
5702.58457 20.183 0.255
5702.76497 20.567 0.474
5706.74432 19.761 0.128
5707.88516 19.947 0.149
5709.65591 20.807 0.192
5713.82263 20.771 0.209
5715.86484 20.021 0.116
5721.76896 20.295 0.128
5723.58892 20.219 0.125
5724.72703 20.038 0.118
5726.64167 20.256 0.218
5729.81664 20.580 0.827
5735.82358 20.327 0.136
5737.51195 20.027 0.124
5738.62196 20.137 0.093
5739.78269 20.327 0.133
5740.87284 20.341 0.229
5742.49688 20.071 0.170
5743.63147 20.221 0.144
5744.49086 19.984 0.224
5744.63010 20.513 0.136
5745.72895 20.381 0.141
5747.61868 20.145 0.163
5749.65737 20.304 0.141
5753.50456 20.112 0.377
5757.50878 20.011 0.310
5760.49502 20.432 0.245
5761.61982 19.199 0.072
5762.71032 20.371 0.152
5764.51423 20.404 0.147
5765.66510 20.212 0.113
5767.48832 20.395 0.186
5768.61987 20.384 0.122
5769.75736 20.159 0.122
5777.49703 20.375 0.124
5779.68664 20.362 0.128
5784.48540 20.268 0.248
5784.61657 20.218 0.150
5786.49601 20.162 0.219
5787.72402 20.390 0.240
5790.63114 20.362 0.177
5794.48070 20.274 0.199
5796.57020 20.493 0.180
5802.56619 20.116 0.151
5805.59853 20.765 0.181
5812.63630 20.435 0.281
5816.48198 20.341 0.161
5818.57342 20.715 0.290
5823.56383 20.317 0.179
5824.57086 20.048 0.105
5825.57492 20.497 0.187
5826.55987 20.081 0.146
5828.52636 20.350 0.126
5830.48851 20.423 0.136
5832.51840 20.763 0.211
5834.54062 20.249 0.127
5839.52986 20.321 0.193
5841.52961 19.531 0.116
5843.52107 18.995 0.061
5845.53275 18.749 0.067
5851.49486 19.207 0.068
5860.49987 20.080 0.204
5959.87874 20.202 0.175
5962.87139 20.312 0.158
5963.89060 20.303 0.221
5964.88605 20.495 0.314
5968.89131 20.177 0.288
5979.82549 20.502 0.248
5984.81369 21.245 0.365
5987.80391 20.512 0.201
5989.90073 20.285 0.181
5992.84584 20.372 0.134
5994.91191 20.071 0.154
5996.91482 19.982 0.151
5999.77656 20.012 0.147
6002.76832 20.361 0.206
6002.88965 20.035 0.129
6004.83946 20.586 0.155
6006.83100 20.168 0.081
6008.76568 20.400 0.123
6009.88827 20.431 0.119
6011.80057 20.277 0.111
6013.75805 20.478 0.137
6014.87168 20.448 0.136
6016.77093 20.151 0.088
6017.88104 20.275 0.078
6019.77681 19.978 0.096
6020.85190 20.283 0.085
6021.91667 20.164 0.104
6023.74940 20.455 0.163
6024.73263 20.047 0.134
6025.79960 20.410 0.191
6032.75297 20.321 0.113
6034.72492 20.212 0.093
6037.71692 20.760 0.220
6039.76148 20.159 0.142
6041.80308 20.381 0.119
6048.70201 19.892 0.103
6049.90461 20.212 0.100
6052.69699 21.077 0.344
6053.83844 20.091 0.135
6057.69347 20.246 0.125
6057.85361 20.337 0.120
6058.83745 20.115 0.127
6059.83729 20.070 0.087
6062.68600 20.605 0.160
6063.93031 20.126 0.152
6065.80443 20.393 0.134
6067.62536 20.348 0.114
6068.73174 20.338 0.102
6069.89727 20.469 0.114
6071.59058 20.293 0.120
6075.65117 20.097 0.073
6076.78894 20.219 0.102
6078.63810 20.383 0.141
6079.70732 20.574 0.150
6080.75276 19.995 0.117
6081.79311 20.387 0.168
6085.56379 20.035 0.155
6086.56044 19.950 0.100
6087.61772 20.136 0.122
6089.79521 20.420 0.147
6093.65872 20.205 0.104
6094.80502 20.335 0.150
6097.66840 20.436 0.138
6098.75232 20.482 0.151
6100.68815 20.337 0.115
6101.73127 20.390 0.116
6102.76979 20.278 0.104
6103.81852 20.170 0.115
6104.85947 20.406 0.150
6108.55922 19.876 0.119
6113.53840 20.459 0.228
6114.62500 20.781 0.280
6115.66944 20.368 0.145
6116.78672 20.293 0.133
6118.47357 20.139 0.137
6119.51044 20.232 0.141
6120.63096 20.393 0.108
6123.81099 20.653 0.160
6125.57500 20.223 0.103
6126.72370 20.426 0.136
6128.76765 20.609 0.202
6130.80138 19.915 0.188
6133.56895 20.324 0.126
6135.54971 20.539 0.223
6140.57111 19.974 0.152
6141.69759 20.244 0.175
6147.58170 20.312 0.130
6148.53749 20.178 0.084
6150.68095 20.287 0.136
6151.57081 20.064 0.111
6153.69728 20.371 0.164
6158.55484 19.284 0.059
6160.58013 18.872 0.031
6164.65720 18.840 0.055
6167.55509 19.252 0.055
6168.58129 19.223 0.045
6169.56954 19.461 0.072
6171.56424 19.622 0.084
6172.56043 19.737 0.073
6175.54799 19.954 0.113
6180.60464 20.094 0.198
6183.57107 20.232 0.095
6185.55686 20.307 0.099
6186.55333 20.225 0.126
6195.52183 20.527 0.160
6197.48627 20.018 0.173
6201.51659 19.943 0.188
6205.49304 20.458 0.168
6209.55511 20.843 0.339
6212.52108 20.489 0.168
6216.53024 20.271 0.141
6221.53798 20.103 0.242
6226.51911 20.540 0.358
6348.84202 20.435 0.169
6352.82673 20.383 0.161
6358.86664 20.317 0.129
6360.83801 20.302 0.102
6362.88520 20.205 0.106
6368.86397 20.354 0.107
6370.87762 20.359 0.105
6373.84424 20.336 0.127
6375.78536 20.282 0.107
6376.91713 20.085 0.110
6378.87065 20.136 0.088
6380.80664 19.999 0.094
6380.83026 20.265 0.115
6382.77024 19.703 0.210
6386.89612 20.253 0.153
6388.78905 20.463 0.115
6389.88269 20.248 0.117
6391.78538 20.376 0.173
6394.82462 20.041 0.103
6396.81041 20.274 0.084
6398.75653 20.350 0.104
6400.73424 20.195 0.108
6402.70982 20.358 0.135
6403.87700 20.334 0.118
6406.82608 20.469 0.303
6408.78645 20.489 0.233
6416.64800 20.791 0.221
6417.84446 20.291 0.183
6419.67928 20.459 0.147
6420.78057 20.350 0.090
6422.93623 20.804 0.443
6424.79422 20.145 0.084
6428.64856 20.388 0.164
6431.77480 20.360 0.118
6432.88010 20.210 0.143
6434.70161 20.425 0.164
6435.83530 20.759 0.219
6436.90816 20.344 0.196
6441.89167 20.637 0.303
6442.94529 20.354 0.401
6445.73415 20.182 0.123
6446.64950 20.050 0.078
6447.71373 20.279 0.105
6448.75522 20.095 0.075
6449.79905 20.239 0.126
6450.84541 20.537 0.155
6451.89786 21.131 0.421
6454.62621 20.018 0.087
6455.79029 20.401 0.150
6457.74259 20.138 0.078
6458.81602 20.027 0.090
6459.87047 19.796 0.084
6461.77461 20.314 0.116
6463.62261 20.214 0.153
6464.72980 20.842 0.318
6469.50933 20.255 0.174
6472.66063 20.437 0.145
6473.79431 20.446 0.178
6475.49031 19.963 0.130
6476.55753 20.542 0.181
6477.63285 20.241 0.115
6479.65378 20.555 0.183
6481.47508 19.986 0.117
6484.47072 20.274 0.165
6486.49032 20.284 0.147
6487.57745 20.300 0.102
6489.73693 20.447 0.197
6491.51603 19.992 0.124
6492.66666 20.192 0.176
6497.67542 20.250 0.193
6498.77097 20.093 0.133
6501.68251 20.215 0.094
6505.73802 20.366 0.163
6508.60700 20.167 0.100
6510.49227 20.462 0.113
6511.76029 20.463 0.229
6516.48332 20.144 0.145
6519.58660 20.518 0.151
6524.52418 19.939 0.100
6527.63277 19.985 0.247
6532.58139 20.228 0.106
6536.49666 19.842 0.086
6541.57645 20.092 0.090
6545.62222 19.822 0.089
6555.64014 19.124 0.096
6561.51650 19.562 0.078
6564.52841 19.838 0.092
6568.52350 20.246 0.200
6570.57646 19.897 0.135
6573.53308 20.201 0.134
6578.49424 20.582 0.255
