5264.84100 20.146 0.184
5268.77925 20.529 0.312
5271.77332 20.055 0.134
5273.78260 20.101 0.105
5277.77071 20.169 0.131
5279.88915 20.320 0.129
5283.74980 20.142 0.197
5285.87578 20.112 0.174
5288.74187 20.113 0.148
5292.89942 20.283 0.170
5294.73687 20.053 0.101
5294.92284 20.240 0.152
5296.78063 19.855 0.089
5297.81459 20.222 0.099
5298.85315 20.147 0.104
5299.83756 19.861 0.069
5301.76668 20.270 0.115
5303.92799 20.463 0.180
5306.69998 20.588 0.212
5307.70208 20.408 0.196
5308.69339 20.270 0.155
5309.75618 20.239 0.134
5310.77130 20.122 0.147
5311.86612 20.118 0.125
5312.86133 20.014 0.135
5313.88971 20.303 0.196
5314.82405 20.320 0.183
5315.76352 20.021 0.219
5316.71662 20.064 0.213
5319.85668 19.974 0.302
5320.75730 20.371 0.256
5321.67390 20.299 0.281
5321.89858 20.070 0.139
5323.81242 20.276 0.160
5324.74656 19.962 0.105
5325.86317 19.931 0.105
5326.78706 20.046 0.099
5327.70281 19.982 0.105
5327.92812 19.827 0.100
5328.85940 19.810 0.102
5334.76652 20.249 0.131
5335.75077 20.056 0.090
5336.79613 20.317 0.161
5337.85018 20.531 0.238
5338.84991 19.637 0.166
5339.88213 19.845 0.227
5340.82546 20.480 0.248
5341.68719 20.053 0.146
5342.58556 20.239 0.298
5342.77949 20.282 0.200
5343.60530 20.027 0.250
5343.79708 19.717 0.214
5348.71777 20.043 0.159
5348.94334 19.554 0.253
5350.63415 20.008 0.166
5351.69402 20.209 0.149
5352.70601 20.073 0.101
5353.67931 20.208 0.112
5354.61728 19.837 0.105
5355.57505 20.377 0.183
5355.88941 20.010 0.188
5358.70044 19.953 0.129
5359.61140 20.440 0.213
5359.84764 19.906 0.165
5362.73541 20.069 0.115
5364.71074 20.213 0.164
5364.86186 19.941 0.129
5365.82076 19.880 0.124
5369.77688 19.806 0.197
5376.75177 20.035 0.164
5377.65206 20.285 0.122
5377.67310 20.054 0.125
5378.49585 19.658 0.098
5378.80404 20.000 0.125
5379.69225 20.101 0.127
5380.80248 19.988 0.154
5381.67742 19.908 0.132
5382.54143 20.494 0.292
5382.74808 20.091 0.166
5385.50017 20.224 0.131
5385.60213 20.103 0.113
5385.69274 20.114 0.123
5385.79078 20.072 0.119
5386.77196 20.069 0.103
5387.75430 19.744 0.081
5388.64321 20.224 0.120
5389.53460 19.759 0.112
5390.54242 19.821 0.153
5390.79959 19.935 0.097
5391.76165 19.783 0.112
5392.63215 20.118 0.113
5393.69379 19.752 0.107
5396.57518 19.794 0.175
5397.65324 20.053 0.195
5403.62524 19.966 0.118
5404.49682 20.186 0.153
5404.69415 19.753 0.122
5405.70983 19.619 0.109
5407.56283 19.573 0.102
5407.75667 19.849 0.141
5408.68624 20.555 0.252
5409.59658 20.157 0.102
5410.59968 20.036 0.098
5411.63585 20.214 0.104
5412.61994 20.251 0.175
5413.62771 20.103 0.099
5414.67237 20.044 0.098
5418.58369 20.185 0.104
5421.61342 20.272 0.120
5422.63221 20.016 0.084
5425.52474 20.219 0.155
5430.51850 20.280 0.248
5431.51957 20.327 0.188
5433.69822 19.745 0.218
5434.69613 19.919 0.151
5435.69934 19.860 0.124
5437.67870 19.909 0.126
5439.55922 19.796 0.139
5443.57303 20.015 0.164
5444.59438 19.700 0.110
5445.68335 19.975 0.124
5447.49125 20.430 0.144
5448.55030 19.719 0.109
5448.56509 19.604 0.103
5450.50929 20.049 0.156
5451.63583 19.233 0.090
5457.51797 20.133 0.130
5458.56190 20.057 0.180
5459.59540 20.171 0.169
5460.60809 19.598 0.199
5462.48613 19.987 0.142
5463.59290 19.934 0.130
5464.55264 19.987 0.147
5465.48708 19.790 0.177
5468.55699 19.586 0.119
5471.53865 19.823 0.122
5472.58855 20.200 0.186
5476.55321 19.083 0.112
5480.51119 19.723 0.123
5483.49890 19.744 0.208
5487.49715 20.091 0.147
5489.49603 19.742 0.200
5492.52152 19.502 0.177
5497.49982 19.564 0.153
5596.86155 20.138 0.170
5596.88493 20.807 0.531
5606.88789 20.159 0.180
5614.86818 19.729 0.114
5620.85254 20.166 0.160
5624.81369 20.108 0.163
5625.77574 19.984 0.172
5627.80052 20.383 0.220
5629.77936 20.865 0.378
5630.76935 20.101 0.153
5632.76685 19.915 0.252
5634.75408 20.541 0.234
5635.82663 19.904 0.165
5638.74490 19.835 0.198
5639.75790 20.008 0.163
5639.83356 19.965 0.131
5639.90923 19.981 0.146
5640.83066 20.507 0.226
5641.75679 20.220 0.199
5641.87691 20.054 0.130
5642.79865 20.273 0.165
5643.74478 20.242 0.194
5643.82250 20.051 0.140
5644.74551 19.767 0.168
5644.85916 19.763 0.162
5648.73163 20.071 0.176
5648.84025 20.207 0.117
5649.73597 20.255 0.193
5649.84613 19.973 0.088
5650.72843 20.223 0.180
5650.83470 19.934 0.091
5651.75434 20.010 0.116
5651.86663 19.985 0.117
5652.79486 20.225 0.116
5653.76072 20.213 0.111
5654.76381 19.832 0.101
5654.85574 20.069 0.129
5655.76864 19.913 0.112
5655.84485 20.084 0.102
5656.80190 20.045 0.110
5657.76525 20.117 0.096
5657.84494 20.165 0.113
5658.75607 20.330 0.248
5658.85706 20.433 0.149
5659.71374 20.014 0.152
5659.78992 19.866 0.102
5659.87583 20.116 0.110
5660.76355 20.210 0.142
5660.86043 20.021 0.132
5662.75486 20.691 0.332
5662.85523 20.265 0.143
5663.75310 20.398 0.212
5664.80156 20.277 0.160
5664.90533 20.261 0.152
5665.78799 20.108 0.109
5665.90002 20.225 0.133
5667.82761 19.875 0.088
5668.83263 20.370 0.213
5669.81619 20.159 0.151
5670.80419 19.845 0.130
5671.77379 20.458 0.195
5675.87305 19.826 0.094
5676.77886 20.040 0.094
5677.73551 20.066 0.106
5677.92250 20.123 0.105
5679.84426 19.988 0.109
5680.72472 19.968 0.125
5680.91041 20.544 0.161
5681.80527 20.385 0.167
5682.70487 20.170 0.165
5682.92448 20.466 0.192
5683.87913 20.003 0.115
5684.78254 20.028 0.110
5685.76895 20.208 0.101
5686.65668 19.889 0.131
5686.86506 20.067 0.138
5687.75414 20.164 0.115
5688.92886 20.153 0.203
5690.65622 20.275 0.177
5690.86988 20.435 0.248
5691.79219 20.227 0.140
5692.68490 20.031 0.131
5692.86055 19.906 0.108
5693.70883 20.221 0.140
5693.88243 19.966 0.119
5694.71415 20.228 0.155
5694.89016 20.156 0.155
5695.76643 20.029 0.115
5695.92979 20.154 0.167
5696.75752 19.866 0.103
5696.94025 19.462 0.176
5697.76346 20.155 0.151
5697.92984 19.859 0.138
5698.76314 20.379 0.282
5698.92853 19.812 0.207
5705.72643 20.231 0.184
5705.92019 19.954 0.246
5706.87444 20.050 0.220
5707.73748 20.181 0.156
5707.89854 20.070 0.166
5708.73014 20.339 0.134
5709.56167 20.151 0.172
5712.59762 20.377 0.254
5712.60027 19.829 0.130
5712.80623 20.389 0.164
5713.82092 20.121 0.135
5715.55920 20.048 0.145
5715.76494 19.934 0.083
5716.59170 20.241 0.235
5716.60434 20.468 0.186
5716.61906 20.240 0.154
5716.63168 20.108 0.138
5716.82829 19.986 0.117
5721.91385 20.086 0.271
5722.76675 19.908 0.095
5723.63532 20.226 0.149
5723.80345 20.416 0.155
5724.66362 19.876 0.127
5725.56590 20.218 0.163
5725.77939 20.132 0.138
5726.68752 20.166 0.148
5734.66356 20.055 0.210
5734.84580 19.844 0.167
5735.79248 20.181 0.138
5736.54166 20.137 0.133
5736.70883 20.167 0.092
5737.53746 20.223 0.153
5737.72704 20.238 0.102
5737.89459 19.631 0.104
5738.75280 20.068 0.097
5739.62272 20.118 0.123
5739.81079 20.564 0.228
5740.62447 19.668 0.120
5740.81150 19.771 0.116
5741.58199 20.149 0.125
5741.76058 20.090 0.099
5742.50886 20.107 0.165
5742.69336 20.270 0.119
5742.84882 20.148 0.123
5743.74327 19.945 0.124
5744.50111 19.898 0.193
5744.67696 19.999 0.101
5745.49023 20.181 0.216
5745.66534 20.106 0.109
5746.70509 20.283 0.159
5747.58874 19.174 0.135
5747.76554 20.091 0.200
5749.54103 20.138 0.160
5749.70761 20.007 0.149
5752.58536 20.659 0.336
5759.83542 20.297 0.268
5760.48089 19.741 0.176
5760.67464 20.204 0.153
5761.49560 20.629 0.171
5762.54031 19.876 0.112
5762.69636 20.022 0.128
5763.57629 20.162 0.098
5763.76204 20.241 0.166
5764.57942 19.889 0.098
5764.78591 20.193 0.147
5765.65023 20.278 0.123
5766.50995 20.603 0.206
5766.69632 19.924 0.101
5767.57450 20.451 0.172
5767.78258 20.369 0.251
5768.63669 20.015 0.102
5769.47365 20.250 0.198
5769.67797 20.121 0.121
5770.75402 19.842 0.126
5776.60894 19.753 0.145
5777.52599 20.047 0.094
5777.77335 19.865 0.117
5779.60105 20.219 0.150
5785.62816 19.699 0.133
5786.57178 19.808 0.153
5787.60792 19.828 0.105
5788.50736 19.711 0.115
5788.69296 19.449 0.145
5790.59073 19.812 0.126
5791.47728 19.973 0.191
5793.59747 20.057 0.159
5794.47946 19.553 0.128
5794.67808 20.080 0.130
5795.72534 19.792 0.126
5796.65236 19.854 0.119
5801.57377 20.308 0.208
5802.56496 20.086 0.179
5804.55730 19.946 0.149
5805.50723 20.101 0.103
5806.50040 19.998 0.173
5807.63713 19.600 0.110
5812.61953 20.044 0.193
5813.60311 20.182 0.132
5815.57137 20.020 0.100
5816.55176 20.024 0.148
5817.55276 19.968 0.144
5818.53419 20.719 0.312
5819.54288 20.274 0.189
5820.51155 20.137 0.199
5822.51213 19.548 0.126
5822.60070 19.551 0.096
5823.53216 19.566 0.112
5823.61926 19.673 0.156
5824.55558 19.898 0.103
5824.63322 19.813 0.135
5825.57215 19.705 0.112
5826.49529 20.026 0.161
5826.58265 19.829 0.155
5827.52135 19.403 0.112
5827.60174 20.311 0.266
5828.53486 19.840 0.107
5828.61013 19.992 0.138
5829.54554 20.052 0.124
5829.62163 20.336 0.204
5830.55855 20.152 0.163
5831.53073 19.935 0.115
5831.60399 20.588 0.289
5832.55368 20.214 0.202
5833.51178 19.999 0.122
5833.58951 19.833 0.162
5834.54893 20.058 0.128
5835.53241 19.228 0.108
5836.52949 19.621 0.143
5836.59296 19.560 0.154
5839.55347 19.889 0.257
5840.49928 20.024 0.184
5840.60019 19.882 0.158
5841.52690 19.677 0.147
5841.60623 20.166 0.264
5842.57690 19.655 0.161
5843.52989 20.074 0.184
5844.55374 19.842 0.170
5845.51421 20.238 0.236
5845.59496 19.983 0.190
5846.55664 19.552 0.154
5851.54331 20.171 0.171
5852.49349 19.880 0.227
5855.54647 19.465 0.124
5856.55358 19.187 0.118
5858.52585 19.396 0.164
5860.49863 19.950 0.203
5861.52181 19.366 0.128
5969.87764 20.358 0.164
5972.89380 20.265 0.214
5977.83180 20.897 0.300
5978.84625 20.271 0.166
5979.85714 20.672 0.243
5981.88555 20.195 0.143
5982.89070 20.133 0.113
5983.88388 20.235 0.091
5984.86802 20.270 0.106
5985.85205 20.361 0.158
5986.83330 19.894 0.104
5987.80664 20.075 0.189
5987.89805 20.198 0.124
5988.88552 19.876 0.092
5989.86055 19.954 0.151
5990.82507 20.008 0.121
5991.79867 20.178 0.189
5991.89312 19.840 0.084
5992.85863 20.325 0.139
5993.83830 19.894 0.127
5994.79238 20.286 0.220
5994.89750 20.228 0.142
5995.77624 20.143 0.163
5995.91001 20.194 0.195
5996.85206 20.276 0.129
5997.80788 19.832 0.121
5997.89423 20.238 0.121
5998.84581 20.219 0.136
5999.77463 19.909 0.158
5999.86778 20.145 0.124
6003.85608 20.613 0.312
6004.78792 20.583 0.223
6004.88427 20.093 0.130
6005.80553 19.927 0.107
6005.91087 19.978 0.089
6006.84215 20.367 0.134
6007.75150 20.294 0.139
6007.85156 19.931 0.112
6008.74681 20.112 0.120
6008.83628 19.864 0.095
6009.74755 19.892 0.111
6009.84699 20.064 0.101
6010.73878 20.101 0.172
6010.83012 20.049 0.099
6010.91777 20.273 0.150
6011.82771 19.932 0.148
6012.74016 20.188 0.135
6012.83437 20.111 0.102
6012.92151 20.122 0.130
6013.81882 20.212 0.116
6013.92252 20.305 0.289
6014.79496 20.261 0.121
6014.89409 19.827 0.109
6015.77296 20.169 0.098
6015.84007 20.011 0.077
6016.75470 20.009 0.100
6016.83460 20.246 0.126
6017.74275 19.999 0.092
6017.81921 20.070 0.083
6017.91915 20.391 0.156
6018.80810 19.941 0.160
6018.91380 20.323 0.109
6019.78722 20.328 0.145
6019.88235 20.078 0.101
6020.74172 20.197 0.140
6020.83560 20.232 0.104
6020.91546 20.033 0.120
6021.76447 20.061 0.129
6021.84222 20.095 0.097
6022.71321 20.639 0.396
6022.78950 20.015 0.114
6022.88572 20.156 0.121
6023.74581 19.902 0.114
6023.82569 20.083 0.114
6024.70417 19.988 0.182
6024.78275 20.462 0.195
6024.89529 20.397 0.182
6025.76884 20.460 0.248
6025.86246 20.149 0.149
6029.89424 20.375 0.160
6031.89093 19.645 0.139
6032.83486 20.343 0.148
6033.75948 20.347 0.186
6034.70745 20.081 0.109
6035.84172 20.074 0.104
6036.83485 20.150 0.085
6037.78373 19.985 0.115
6038.75282 20.308 0.151
6039.74693 20.294 0.184
6040.92293 20.146 0.142
6041.87627 19.936 0.100
6046.92151 20.333 0.152
6048.76589 20.132 0.107
6049.68254 20.136 0.133
6049.87703 19.969 0.091
6050.77098 20.411 0.152
6051.64781 20.083 0.160
6052.76537 19.920 0.124
6052.92302 20.292 0.159
6053.79647 20.059 0.130
6054.89049 20.019 0.244
6058.82070 20.436 0.199
6059.71144 20.237 0.127
6059.88733 20.181 0.122
6061.78633 20.324 0.129
6062.65501 20.126 0.164
6062.83722 20.222 0.130
6063.80639 19.909 0.163
6064.72910 20.244 0.108
6064.91393 20.000 0.108
6065.74885 20.131 0.102
6066.67725 20.078 0.094
6066.86032 20.225 0.118
6067.66423 19.913 0.100
6067.84139 20.075 0.089
6068.66742 20.087 0.107
6068.88679 20.195 0.114
6069.62057 19.991 0.115
6069.82756 20.073 0.087
6070.62853 20.121 0.179
6070.80505 20.471 0.158
6071.60316 20.391 0.136
6071.76893 19.959 0.120
6071.93753 19.680 0.134
6075.75718 20.346 0.113
6076.61519 20.476 0.186
6076.80005 20.366 0.120
6077.71427 20.053 0.117
6077.91606 20.058 0.116
6078.72464 20.073 0.100
6078.89953 20.245 0.140
6079.69806 19.997 0.114
6079.89342 20.322 0.133
6080.66081 19.932 0.136
6080.83838 20.107 0.147
6081.61810 20.123 0.213
6081.79141 19.924 0.102
6082.61203 20.721 0.390
6082.81649 20.322 0.304
6085.62683 20.272 0.172
6085.78717 20.431 0.178
6086.55877 20.155 0.158
6086.73122 20.236 0.115
6086.91496 19.971 0.208
6087.82190 20.189 0.140
6088.66457 19.952 0.082
6089.77863 20.504 0.185
6092.62476 19.995 0.107
6092.91213 20.364 0.275
6093.70499 20.262 0.146
6094.57903 20.167 0.200
6094.76501 20.498 0.212
6096.57618 20.169 0.162
6096.77654 20.377 0.185
6097.67965 20.168 0.151
6097.86833 19.805 0.121
6098.66183 19.818 0.129
6098.84264 20.174 0.147
6100.51700 19.581 0.131
6100.71065 20.086 0.103
6100.87567 20.211 0.198
6101.64047 19.767 0.080
6101.82419 20.258 0.161
6102.62385 19.889 0.107
6102.78069 20.156 0.108
6103.53163 19.919 0.116
6103.71071 20.171 0.119
6104.53227 19.944 0.091
6104.69538 19.980 0.077
6104.86403 20.154 0.169
6105.62742 20.270 0.134
6106.62728 19.979 0.171
6108.62295 19.751 0.107
6108.79498 20.006 0.111
6109.57456 19.207 0.185
6113.59179 19.944 0.139
6113.75010 20.111 0.152
6114.59993 20.318 0.185
6114.77155 20.149 0.140
6115.53630 19.936 0.109
6115.75166 20.691 0.239
6116.57778 20.004 0.097
6116.75885 19.878 0.102
6117.55472 20.428 0.170
6117.73350 20.164 0.131
6118.50736 20.222 0.168
6118.69593 20.093 0.091
6118.83972 20.134 0.150
6119.64875 20.185 0.116
6119.79247 20.100 0.136
6120.67946 20.189 0.101
6121.47807 20.044 0.106
6121.65828 20.154 0.088
6123.69151 20.470 0.141
6124.48695 20.004 0.151
6124.69845 20.156 0.112
6125.70124 20.104 0.114
6126.53008 19.729 0.101
6126.73687 19.668 0.103
6127.65877 20.402 0.174
6128.63194 20.173 0.105
6131.50564 20.062 0.159
6132.76298 19.691 0.092
6133.69259 20.167 0.157
6134.59359 20.327 0.252
6135.56481 20.267 0.180
6135.78262 19.757 0.108
6140.56977 20.414 0.273
6140.74300 19.889 0.272
6141.59746 19.739 0.137
6141.76347 20.064 0.177
6143.53583 19.994 0.151
6147.64990 19.863 0.157
6148.59616 20.147 0.102
6149.60644 20.367 0.203
6150.63967 20.148 0.121
6151.62254 19.762 0.109
6152.50001 20.092 0.135
6152.70656 20.108 0.109
6154.68129 19.901 0.119
6158.51637 20.144 0.110
6158.69810 20.310 0.146
6159.62956 19.865 0.103
6160.62058 19.904 0.101
6161.51632 19.813 0.136
6164.49368 19.972 0.118
6164.70579 19.813 0.215
6165.60286 19.027 0.064
6165.63375 19.484 0.112
6165.66075 19.511 0.107
6165.68877 19.248 0.115
6165.71326 19.503 0.139
6166.51310 19.713 0.129
6166.55986 20.053 0.166
6166.61515 20.146 0.163
6166.66864 20.042 0.143
6167.50316 20.045 0.139
6167.68448 19.967 0.311
6168.60153 20.323 0.151
6169.49495 20.163 0.174
6169.67849 20.242 0.211
6171.58842 20.294 0.156
6171.63976 20.514 0.398
6172.60967 20.348 0.133
6174.58137 19.834 0.158
6175.55944 20.266 0.167
6179.50771 20.094 0.215
6179.54749 19.734 0.120
6180.52123 20.187 0.176
6181.48122 20.056 0.152
6182.48231 20.310 0.194
6183.49203 19.315 0.079
6184.58838 20.123 0.100
6185.48401 20.154 0.107
6186.49496 19.990 0.144
6190.53131 20.211 0.158
6191.58358 19.927 0.111
6195.53478 19.902 0.108
6195.61277 20.320 0.182
6196.61444 20.167 0.229
6197.53407 20.453 0.227
6198.50224 19.539 0.159
6199.56311 20.179 0.266
6201.51543 19.379 0.133
6203.50591 20.154 0.183
6203.59578 20.488 0.365
6204.54908 19.931 0.126
6205.49036 19.836 0.126
6205.57155 20.217 0.148
6208.51588 20.130 0.182
6210.54277 20.293 0.161
6211.49283 20.433 0.188
6211.57367 20.250 0.157
6212.49290 20.173 0.152
6212.56980 20.084 0.147
6213.52221 19.847 0.109
6214.49613 20.159 0.161
6216.50188 19.869 0.129
6217.52509 20.295 0.145
6218.50977 20.101 0.181
6219.51713 20.008 0.104
6221.51576 20.311 0.275
6223.55836 19.397 0.117
6226.50365 19.969 0.189
6231.50435 19.555 0.136
6233.53598 19.423 0.131
6238.51272 20.043 0.234
6335.86009 20.325 0.162
6337.87118 20.210 0.164
6338.84967 20.203 0.163
6338.89329 20.111 0.155
6340.85581 20.153 0.121
6341.89460 20.123 0.207
6343.86043 19.319 0.081
6344.86117 20.174 0.106
6345.88046 20.384 0.144
6347.88320 19.866 0.110
6348.88060 19.868 0.099
6349.88828 20.356 0.236
6350.89993 20.041 0.165
6352.89728 19.925 0.109
6353.88595 20.097 0.111
6354.89057 20.070 0.125
6360.80967 20.072 0.097
6360.89605 20.087 0.107
6361.87026 20.170 0.116
6362.79297 20.031 0.141
6362.90818 20.041 0.153
6363.88266 20.229 0.127
6367.88348 19.905 0.072
6368.83428 20.216 0.114
6368.91394 20.160 0.214
6369.84444 19.849 0.090
6370.79663 20.276 0.122
6370.88862 20.252 0.135
6371.81014 20.405 0.123
6371.90198 20.038 0.092
6372.81240 19.991 0.091
6372.89469 20.176 0.114
6373.82932 20.058 0.122
6373.90839 19.965 0.123
6374.83558 19.911 0.123
6374.91660 20.456 0.192
6375.85057 20.058 0.094
6376.75816 19.884 0.106
6376.84665 20.056 0.103
6377.75660 19.896 0.093
6377.85839 20.227 0.095
6378.76572 19.872 0.104
6378.85348 19.749 0.074
6379.76210 18.584 0.035
6379.85024 18.547 0.033
6380.75319 18.752 0.034
6380.85478 18.840 0.036
6381.77389 18.912 0.040
6381.86174 19.146 0.043
6382.76829 19.351 0.098
6382.84588 18.992 0.053
6386.76137 19.462 0.074
6386.86072 19.454 0.072
6387.75993 19.547 0.058
6387.84289 19.295 0.047
6388.78386 19.721 0.071
6388.89181 19.477 0.077
6389.75298 19.400 0.065
6389.84203 19.483 0.065
6390.71751 19.655 0.094
6390.79944 19.397 0.070
6390.88901 19.383 0.065
6391.80929 19.431 0.087
6393.80740 19.751 0.094
6394.77519 19.349 0.072
6395.72627 19.640 0.074
6395.90763 19.674 0.059
6395.92701 19.786 0.093
6396.86403 19.632 0.059
6397.80986 19.833 0.075
6398.71883 19.855 0.079
6398.90019 19.777 0.076
6399.82147 19.731 0.073
6400.79692 19.924 0.093
6401.74564 19.813 0.083
6401.91459 19.845 0.077
6402.84167 20.291 0.164
6403.74881 19.854 0.084
6403.93170 19.951 0.163
6404.85905 19.668 0.070
6405.84144 19.911 0.116
6405.87638 20.162 0.086
6406.89762 20.056 0.136
6407.80329 19.999 0.130
6408.75781 20.373 0.269
6409.87231 20.218 0.225
6415.81731 20.173 0.139
6416.70389 20.251 0.147
6417.81505 20.166 0.117
6418.67629 19.970 0.110
6418.84014 20.016 0.072
6419.72527 19.647 0.080
6419.90115 20.029 0.120
6420.74277 20.005 0.081
6420.92637 20.018 0.095
6422.71319 20.435 0.159
6423.66488 20.537 0.190
6423.86879 19.971 0.119
6424.71952 20.102 0.103
6424.91852 20.167 0.140
6426.82815 19.950 0.079
6427.92367 20.100 0.165
6428.61889 20.243 0.201
6428.81363 20.571 0.201
6431.59046 20.225 0.255
6431.80253 20.477 0.196
6432.63465 20.819 0.323
6432.82425 20.653 0.192
6433.62872 20.007 0.153
6433.82002 20.037 0.124
6434.71298 20.251 0.159
6434.90441 20.210 0.137
6435.75353 20.217 0.134
6435.93245 20.796 0.263
6436.74115 19.934 0.113
6436.91957 20.264 0.187
6441.71768 20.311 0.212
6441.77991 20.095 0.194
6442.56725 20.578 0.200
6442.75517 20.235 0.114
6442.91661 20.304 0.177
6443.62183 20.499 0.230
6444.70245 20.259 0.217
6444.76290 20.154 0.143
6445.76462 20.339 0.143
6446.56243 20.002 0.108
6446.75310 20.048 0.102
6446.94564 20.194 0.238
6447.71186 19.979 0.104
6447.88942 20.399 0.145
6448.65192 19.922 0.119
6448.83784 19.950 0.094
6449.61160 20.325 0.157
6449.79726 20.026 0.132
6450.54669 19.999 0.159
6450.74753 20.039 0.087
6450.92075 20.210 0.191
6451.67751 20.246 0.143
6451.86331 20.711 0.252
6452.64177 20.148 0.100
6452.87722 19.996 0.107
6454.65143 20.072 0.132
6454.83629 19.850 0.112
6455.62314 20.125 0.161
6456.61807 20.189 0.090
6456.80392 20.019 0.084
6457.77745 20.114 0.087
6458.56094 19.924 0.144
6458.73679 19.822 0.091
6458.90314 19.928 0.170
6459.69007 20.290 0.103
6459.86874 20.092 0.121
6460.75539 20.601 0.212
6461.62548 20.066 0.146
6461.84190 20.066 0.110
6462.70627 20.683 0.272
6463.56773 20.341 0.209
6463.75691 20.233 0.144
6464.57442 20.485 0.301
6464.75592 20.438 0.241
6468.56073 20.613 0.259
6468.75584 20.119 0.155
6469.62407 20.285 0.150
6469.84428 20.358 0.401
6472.62273 19.997 0.146
6472.80401 20.158 0.166
6473.57925 20.006 0.123
6473.76513 20.170 0.113
6474.69817 20.627 0.228
6475.48865 20.374 0.242
6475.68605 20.373 0.156
6475.85862 20.287 0.246
6476.62450 20.030 0.117
6476.81211 19.853 0.119
6477.61747 19.962 0.116
6477.80571 19.751 0.143
6478.66988 19.676 0.114
6479.74908 20.162 0.163
6480.63108 20.335 0.167
6480.81580 19.980 0.160
6481.64362 19.986 0.138
6482.80353 19.981 0.219
6484.53710 20.236 0.142
6485.64207 20.303 0.116
6486.57624 20.015 0.117
6486.78673 19.865 0.089
6487.57588 20.107 0.102
6487.77567 20.184 0.101
6490.46987 20.201 0.192
6490.65323 20.062 0.113
6491.49856 19.882 0.157
6491.71820 19.905 0.110
6492.53461 20.524 0.229
6492.72482 19.721 0.103
6496.55565 19.782 0.164
6497.65126 20.273 0.183
6498.48576 20.421 0.138
6498.66573 20.134 0.109
6499.49957 20.266 0.149
6500.65147 20.410 0.290
6501.63955 20.122 0.115
6504.65390 20.292 0.182
6505.55159 19.871 0.109
6505.75009 20.737 0.292
6506.68788 19.734 0.142
6507.73824 19.850 0.152
6508.64732 20.334 0.112
6509.57137 19.973 0.080
6509.73872 19.629 0.103
6510.62894 20.335 0.114
6511.57233 20.216 0.159
6512.73761 19.834 0.155
6514.69872 20.035 0.109
6516.63597 20.120 0.130
6519.60106 19.901 0.089
6523.53073 19.993 0.125
6523.68646 19.966 0.184
6524.63552 20.021 0.151
6525.64442 19.867 0.178
6528.57814 20.232 0.227
6531.47915 19.704 0.154
6532.48090 19.698 0.098
6533.49201 19.808 0.133
6534.57163 20.194 0.154
6536.49498 20.054 0.113
6538.58547 19.822 0.127
6539.64272 19.478 0.083
6543.50220 19.740 0.122
6544.54561 20.479 0.204
6545.58911 20.190 0.134
6546.63678 20.506 0.299
6553.54674 19.923 0.230
6558.49702 20.053 0.111
6559.54041 19.952 0.123
6560.59024 19.523 0.120
6562.54765 19.586 0.100
6563.57537 19.298 0.085
6564.51366 20.077 0.185
6564.59939 19.534 0.120
6565.57698 19.641 0.110
6567.55332 19.304 0.089
6568.54986 19.725 0.137
6569.51053 19.853 0.090
6569.59265 19.855 0.135
6570.57513 19.521 0.129
6571.58288 19.646 0.138
6572.54305 19.572 0.097
6573.51651 19.895 0.127
6576.51598 19.605 0.198
6576.58324 19.710 0.277
6577.57233 19.377 0.134
6578.56610 19.620 0.134
6579.52261 19.311 0.101
6580.53151 20.419 0.442
6581.52393 20.385 0.251
6582.50101 19.357 0.099
6583.50113 19.582 0.152
6584.48906 19.592 0.192
6585.49434 19.620 0.147
6586.49668 18.958 0.097
6594.50792 19.588 0.158
