5260.87825 20.157 0.125
5261.80922 20.470 0.182
5262.84681 20.039 0.330
5265.86364 20.112 0.134
5266.81005 20.275 0.151
5267.83727 20.276 0.148
5268.83970 20.165 0.119
5269.80339 20.387 0.139
5270.80907 20.153 0.110
5271.80389 19.956 0.108
5272.80975 20.290 0.178
5273.79475 20.586 0.201
5274.81322 20.090 0.125
5275.79957 20.241 0.168
5276.77774 20.173 0.147
5276.90522 20.243 0.131
5277.81428 20.411 0.276
5278.80985 20.575 0.217
5279.81112 20.451 0.275
5280.81773 20.605 0.166
5281.79765 20.178 0.117
5282.82037 20.199 0.130
5283.78049 20.185 0.157
5283.87179 20.152 0.130
5284.78608 19.900 0.157
5285.77693 20.160 0.196
5285.90692 20.412 0.187
5286.79253 19.926 0.168
5287.84571 20.020 0.115
5288.77110 20.175 0.167
5289.82297 20.304 0.196
5293.85091 20.360 0.147
5294.75870 20.260 0.130
5294.79578 20.441 0.123
5294.83317 20.355 0.117
5294.86327 20.387 0.102
5294.90429 20.352 0.119
5295.76018 20.290 0.128
5295.79865 20.257 0.138
5295.83661 20.353 0.137
5295.87476 20.412 0.119
5295.91378 20.258 0.117
5296.80377 20.219 0.100
5296.83824 20.193 0.086
5296.87602 20.256 0.089
5297.75708 20.459 0.142
5297.79708 20.230 0.115
5297.83498 20.383 0.112
5297.87301 20.298 0.106
5297.91195 20.189 0.108
5298.79790 20.049 0.102
5298.83565 19.958 0.106
5298.87386 20.265 0.100
5298.91337 20.288 0.119
5299.74473 20.230 0.113
5299.78235 19.973 0.085
5299.82008 19.922 0.073
5299.85805 20.369 0.116
5299.89849 20.277 0.113
5300.85350 20.431 0.135
5300.89413 20.405 0.144
5301.74918 20.286 0.133
5301.78685 20.335 0.127
5301.82415 20.162 0.111
5301.86240 20.449 0.177
5301.90261 20.358 0.237
5303.91013 20.518 0.210
5304.74716 19.846 0.140
5306.68279 19.920 0.129
5306.71988 20.215 0.128
5306.78422 20.351 0.133
5306.84748 20.194 0.122
5306.88739 20.429 0.133
5306.92540 20.354 0.140
5307.73328 20.177 0.146
5307.79690 20.427 0.133
5307.83490 20.427 0.162
5307.87610 20.203 0.109
5307.91372 20.112 0.112
5308.72573 19.919 0.115
5308.78701 20.179 0.111
5308.82447 20.447 0.160
5308.86485 20.278 0.134
5309.69919 20.402 0.214
5309.79213 20.225 0.131
5309.83464 20.094 0.109
5309.87935 20.267 0.121
5309.91680 20.004 0.096
5310.68415 20.376 0.207
5310.76801 20.610 0.244
5310.83039 20.206 0.129
5310.87665 20.289 0.120
5310.91415 20.484 0.138
5311.80443 20.626 0.238
5311.86282 20.068 0.120
5311.90765 20.302 0.163
5312.73325 20.731 0.287
5312.77435 20.737 0.303
5312.81348 20.525 0.213
5312.85803 20.199 0.154
5312.89761 20.326 0.157
5313.80703 20.508 0.255
5313.84709 20.408 0.205
5313.88638 20.187 0.182
5313.92390 20.290 0.206
5314.69675 20.428 0.269
5314.73712 20.183 0.197
5314.77711 20.526 0.270
5314.82064 19.916 0.119
5314.87207 20.104 0.161
5314.90946 20.387 0.187
5315.67498 19.859 0.186
5315.71825 20.126 0.225
5315.76025 20.154 0.176
5315.79765 20.089 0.138
5315.83691 20.256 0.218
5315.87855 20.130 0.185
5315.91783 20.163 0.218
5316.71331 20.307 0.254
5316.75640 20.702 0.396
5316.79339 20.246 0.265
5316.83725 20.603 0.359
5319.80938 19.152 0.068
5319.85339 19.063 0.065
5319.89767 19.254 0.086
5319.93507 19.163 0.102
5320.67300 19.691 0.127
5320.71538 19.811 0.115
5320.75407 19.841 0.132
5320.79175 19.665 0.095
5320.83245 19.795 0.096
5320.87328 19.959 0.120
5320.91278 19.953 0.117
5321.67065 20.045 0.203
5321.73852 20.146 0.144
5321.77827 20.159 0.135
5321.81626 20.036 0.142
5321.85799 20.143 0.128
5321.89535 20.367 0.153
5321.93246 20.303 0.206
5322.74715 19.940 0.177
5322.82388 20.340 0.159
5322.86646 20.316 0.150
5322.89169 19.491 0.091
5322.93201 20.188 0.140
5323.71613 19.938 0.144
5323.75617 20.265 0.164
5323.79551 20.314 0.150
5323.83748 20.471 0.176
5323.87638 20.145 0.128
5323.91384 20.137 0.151
5324.65494 20.944 0.383
5324.71982 20.730 0.249
5324.75718 20.347 0.170
5324.79564 20.245 0.201
5324.83633 20.443 0.195
5324.87371 20.329 0.161
5324.91436 20.210 0.123
5325.65024 20.026 0.112
5325.71024 20.330 0.143
5325.74821 20.318 0.138
5325.78541 20.346 0.138
5325.82726 20.204 0.117
5325.87236 20.558 0.174
5325.91116 20.007 0.132
5326.62165 20.162 0.224
5326.68530 20.366 0.183
5326.74613 20.405 0.160
5326.78378 20.178 0.095
5326.82346 20.573 0.173
5326.86115 20.282 0.156
5326.89957 20.195 0.135
5327.62525 20.559 0.184
5327.69963 20.376 0.173
5327.77083 20.183 0.137
5327.80982 20.478 0.183
5327.84800 20.206 0.122
5327.88707 20.506 0.184
5327.92491 20.623 0.201
5328.62151 20.645 0.235
5328.72662 20.189 0.123
5328.76529 20.402 0.136
5328.80275 20.130 0.130
5328.84358 20.199 0.126
5328.88132 20.223 0.135
5328.91896 20.869 0.237
5329.71920 20.018 0.132
5334.67032 20.205 0.234
5334.75038 20.236 0.135
5334.80713 20.344 0.141
5334.84856 20.427 0.167
5334.88901 20.246 0.194
5334.92679 20.240 0.185
5335.73213 20.261 0.098
5335.77139 20.262 0.179
5335.81209 20.350 0.135
5335.85054 20.323 0.147
5335.88816 20.175 0.166
5335.92717 20.260 0.155
5336.80546 20.399 0.157
5336.89712 20.389 0.205
5336.93471 21.121 0.442
5337.78151 20.351 0.147
5337.82130 20.638 0.230
5337.85970 20.214 0.186
5337.89752 20.779 0.294
5338.77915 20.989 0.414
5338.82178 20.028 0.187
5338.87848 19.939 0.206
5339.65632 20.158 0.192
5339.69427 20.453 0.225
5339.76089 20.262 0.126
5339.85364 20.080 0.164
5339.89374 20.583 0.382
5339.93168 19.939 0.150
5340.64034 19.799 0.177
5340.67970 20.255 0.230
5340.76598 20.078 0.175
5340.82233 19.957 0.175
5340.86097 20.411 0.241
5340.89877 20.222 0.229
5340.93644 20.595 0.313
5341.61087 20.389 0.191
5341.68407 20.251 0.157
5341.79166 20.427 0.175
5341.83013 20.395 0.161
5341.86791 20.430 0.183
5341.90820 20.242 0.156
5342.58240 20.692 0.433
5342.61980 20.183 0.194
5342.65749 19.949 0.156
5342.69488 20.260 0.183
5342.73306 20.121 0.146
5342.77638 20.168 0.190
5342.81558 20.061 0.164
5342.85370 20.331 0.181
5342.89133 20.120 0.173
5342.92921 20.617 0.367
5343.60063 20.429 0.321
5343.63826 20.267 0.237
5343.67592 19.894 0.157
5343.71371 20.233 0.176
5343.75170 20.229 0.157
5343.79240 20.742 0.294
5343.83137 20.177 0.183
5343.88218 20.336 0.237
5343.92005 20.236 0.210
5348.61837 20.685 0.312
5348.71314 21.022 0.462
5348.77866 19.991 0.138
5348.81659 19.956 0.140
5348.86076 20.337 0.165
5348.89906 20.046 0.186
5348.93874 20.027 0.218
5349.61572 20.147 0.239
5349.72658 20.313 0.186
5349.79212 20.356 0.185
5349.82969 20.048 0.170
5350.62951 21.017 0.469
5350.66748 20.507 0.279
5350.70485 20.331 0.190
5350.74578 19.976 0.151
5351.61103 19.893 0.141
5351.67626 19.963 0.114
5351.75942 20.120 0.138
5351.84384 20.379 0.180
5351.90218 20.663 0.276
5352.62487 19.906 0.130
5352.68773 20.460 0.145
5352.77368 20.352 0.171
5352.85640 20.326 0.156
5352.89855 20.592 0.238
5353.57903 20.343 0.168
5353.66185 20.270 0.131
5353.74197 20.390 0.139
5353.79341 20.113 0.110
5353.83114 20.478 0.170
5353.88115 20.299 0.182
5354.59705 20.487 0.179
5354.68687 20.352 0.171
5354.78387 20.023 0.118
5354.84291 20.478 0.193
5354.88310 20.685 0.305
5354.92159 20.702 0.335
5355.62738 20.274 0.168
5355.71172 20.204 0.126
5355.79893 20.320 0.166
5355.83956 20.062 0.146
5355.88487 20.318 0.284
5357.62603 20.110 0.145
5357.71100 20.067 0.118
5357.80357 19.986 0.167
5357.88496 20.486 0.235
5358.68008 20.607 0.192
5358.77318 20.927 0.354
5359.59453 20.189 0.208
5359.63563 20.095 0.145
5359.69053 20.472 0.196
5359.73881 20.520 0.210
5359.78751 20.193 0.133
5359.83156 20.091 0.135
5359.87130 20.070 0.179
5361.63738 20.964 0.427
5361.68339 20.062 0.154
5362.59800 20.062 0.155
5362.69729 20.495 0.177
5362.79915 20.129 0.144
5362.89285 20.546 0.283
5364.53669 20.513 0.270
5364.58113 20.172 0.127
5364.66841 20.224 0.140
5364.76383 20.265 0.158
5364.80498 20.138 0.169
5364.84445 20.207 0.179
5364.88441 20.148 0.181
5365.55395 20.277 0.208
5365.60132 20.258 0.165
5365.69181 20.329 0.135
5365.78650 20.213 0.142
5365.84286 20.328 0.190
5365.88146 20.343 0.240
5368.62884 20.111 0.188
5369.71358 20.113 0.215
5369.75935 20.105 0.179
5369.79802 20.567 0.293
5369.83715 20.010 0.159
5376.64342 20.016 0.174
5376.68434 20.328 0.210
5376.72327 20.219 0.204
5376.76164 20.486 0.226
5376.79979 20.611 0.269
5376.83779 19.819 0.172
5376.87570 20.325 0.371
5377.53253 20.026 0.149
5377.61531 21.545 0.686
5377.68338 20.476 0.172
5377.73228 20.096 0.130
5377.77532 20.475 0.196
5377.81304 20.403 0.188
5377.85124 20.597 0.267
5378.50743 20.340 0.169
5378.59115 20.206 0.124
5378.67974 20.398 0.139
5378.73717 20.523 0.148
5378.77521 20.311 0.133
5378.81371 20.270 0.160
5378.85362 20.384 0.232
5379.49253 20.029 0.155
5379.54292 20.424 0.186
5379.62778 20.404 0.160
5379.71475 20.146 0.131
5379.76800 20.556 0.179
5379.80587 20.305 0.194
5379.84395 21.249 0.600
5380.50396 20.180 0.180
5380.54183 20.163 0.135
5380.60997 20.497 0.189
5380.69704 20.131 0.111
5380.73771 20.778 0.225
5380.77570 20.168 0.134
5380.81381 20.735 0.380
5380.85182 21.390 0.911
5381.55133 20.406 0.193
5381.58882 20.648 0.383
5381.64761 20.528 0.302
5381.68883 20.007 0.147
5381.72684 19.910 0.207
5381.76510 20.306 0.272
5381.81191 19.982 0.191
5381.85004 20.616 0.358
5382.54006 20.088 0.204
5382.58445 20.158 0.215
5382.62738 20.333 0.255
5382.66870 20.092 0.173
5382.70870 20.134 0.176
5382.74672 20.177 0.191
5382.79147 20.165 0.217
5382.83524 21.023 0.570
5384.77655 20.550 0.299
5384.83042 20.351 0.318
5385.48601 20.299 0.179
5385.56783 20.364 0.127
5385.82457 20.684 0.180
5386.47137 19.855 0.116
5386.51232 20.435 0.212
5386.59441 20.336 0.174
5386.67881 20.301 0.171
5386.69340 20.262 0.117
5386.75774 20.277 0.124
5386.79717 20.545 0.171
5386.83912 20.608 0.206
5387.54229 19.998 0.095
5387.70166 20.190 0.106
5387.74007 20.340 0.124
5387.78094 20.335 0.156
5387.82430 20.837 0.283
5388.48187 20.168 0.180
5388.51975 20.066 0.137
5388.60697 20.263 0.112
5388.71428 20.528 0.191
5388.77874 21.297 0.428
5388.82186 20.964 0.379
5389.48092 20.082 0.207
5389.51901 20.471 0.206
5389.58280 20.261 0.134
5389.68797 20.114 0.113
5389.76995 20.302 0.164
5389.80914 20.514 0.213
5389.84885 20.002 0.183
5390.55224 20.494 0.233
5390.59805 20.250 0.175
5390.68362 20.179 0.184
5390.73374 20.285 0.130
5390.77159 20.254 0.121
5390.80932 20.345 0.157
5391.50341 19.994 0.170
5391.54329 20.389 0.287
5391.58069 20.239 0.144
5391.68997 20.168 0.121
5391.79519 20.101 0.143
5391.83291 20.112 0.158
5392.48054 19.938 0.150
5392.51842 20.159 0.157
5392.55840 20.294 0.166
5392.66483 20.455 0.177
5392.77277 20.038 0.121
5392.81045 20.340 0.168
5393.62584 20.837 0.357
5393.66530 20.446 0.240
5393.70364 20.354 0.222
5393.74395 20.271 0.264
5393.78714 19.931 0.159
5393.82489 20.160 0.226
5395.81959 20.798 0.344
5396.53925 20.183 0.258
5396.61444 20.344 0.186
5396.67674 20.508 0.179
5396.71132 19.961 0.110
5396.78392 20.218 0.139
5397.58911 20.092 0.240
5397.63894 20.261 0.273
5397.67716 20.311 0.238
5397.75945 20.354 0.276
5402.65377 19.974 0.351
5403.46859 20.198 0.175
5403.50605 20.377 0.173
5403.54329 20.051 0.130
5403.58119 20.626 0.216
5403.62248 20.324 0.167
5403.66107 20.316 0.162
5403.69886 20.086 0.136
5403.73969 21.026 0.366
5403.77763 20.798 0.435
5404.48139 20.314 0.165
5404.51927 20.443 0.200
5404.55706 20.236 0.171
5404.59546 19.938 0.148
5404.63807 20.447 0.189
5404.67763 20.299 0.190
5404.71652 20.056 0.163
5404.75603 20.598 0.256
5405.61518 19.871 0.169
5405.65446 20.310 0.210
5405.73214 20.559 0.282
5405.76964 20.126 0.163
5407.46912 19.986 0.212
5407.50893 20.035 0.153
5407.54698 20.314 0.207
5407.58557 19.829 0.159
5407.62598 20.668 0.333
5407.66428 20.275 0.229
5407.70320 20.350 0.238
5407.74127 19.977 0.156
5407.77912 20.187 0.224
5408.53345 20.345 0.246
5408.58081 20.525 0.233
5408.62107 20.408 0.200
5408.65885 20.458 0.240
5408.69756 19.752 0.118
5408.73548 20.574 0.266
5408.77316 20.266 0.273
5409.48339 20.375 0.171
5409.52464 20.235 0.151
5409.63052 20.084 0.096
5409.73753 20.225 0.154
5409.77530 19.912 0.136
5410.48760 20.692 0.253
5410.52575 20.463 0.188
5410.63405 20.045 0.122
5410.74121 19.873 0.133
5410.77966 20.283 0.177
5411.50219 20.123 0.121
5411.56261 20.117 0.091
5411.67075 20.263 0.104
5411.75471 20.033 0.143
5412.52586 20.227 0.175
5412.56424 20.435 0.240
5412.60429 20.042 0.147
5412.64250 20.538 0.246
5412.68572 19.906 0.114
5412.75993 20.452 0.268
5413.50550 20.048 0.127
5413.58947 20.271 0.131
5413.69734 20.497 0.165
5413.75771 19.928 0.135
5414.48593 20.120 0.119
5414.52371 20.362 0.128
5414.63346 20.479 0.128
5414.74428 20.267 0.157
5416.60258 20.464 0.259
5416.64851 20.534 0.219
5416.71133 20.578 0.256
5418.56710 20.277 0.122
5418.61134 20.314 0.136
5418.66636 20.152 0.122
5418.71298 20.399 0.162
5421.51990 20.256 0.164
5421.57924 20.305 0.138
5421.62530 20.254 0.174
5421.66812 20.112 0.139
5421.71387 20.102 0.130
5422.50304 20.339 0.177
5422.54714 20.491 0.139
5422.67101 20.142 0.103
5423.48481 20.223 0.111
5423.52670 20.309 0.123
5423.63145 20.124 0.138
5425.49374 20.406 0.178
5425.53490 20.261 0.137
5426.50217 20.076 0.224
5426.54122 20.514 0.277
5430.48809 20.469 0.252
5430.52796 20.274 0.179
5430.57277 20.345 0.230
5430.61196 20.786 0.292
5430.64999 20.257 0.198
5431.48913 20.128 0.166
5431.52859 20.099 0.151
5431.56791 20.222 0.184
5431.60942 20.953 0.335
5431.64702 20.500 0.267
5431.68796 20.447 0.308
5432.62497 19.935 0.169
5432.66786 21.081 0.559
5433.64261 20.311 0.293
5433.68790 20.153 0.208
5434.51978 20.180 0.193
5434.56411 20.071 0.147
5434.60709 20.269 0.173
5434.64957 20.393 0.195
5434.69192 20.582 0.265
5435.49131 20.244 0.185
5435.53426 20.363 0.182
5435.60094 20.636 0.215
5435.65450 20.105 0.132
5435.69515 20.143 0.149
5436.48905 20.534 0.217
5436.58794 20.267 0.185
5436.70222 20.020 0.153
5437.54348 20.320 0.133
5437.67452 20.789 0.281
5438.52437 20.534 0.269
5438.58967 20.102 0.171
5438.66411 20.445 0.170
5438.70172 20.630 0.216
5439.53852 21.108 0.478
5439.57994 20.277 0.200
5439.61773 20.162 0.188
5439.65574 20.265 0.187
5443.51020 20.295 0.193
5443.54815 20.293 0.189
5443.59418 20.017 0.167
5443.63190 20.437 0.189
5443.67557 20.337 0.172
5444.50522 20.031 0.134
5444.55674 20.348 0.176
5444.60840 20.339 0.180
5444.64649 20.072 0.135
5445.47994 20.283 0.150
5445.57781 20.400 0.169
5445.65392 20.383 0.158
5446.48436 20.603 0.213
5446.53549 20.631 0.206
5446.57596 20.877 0.305
5446.61466 20.724 0.207
5446.65451 20.251 0.141
5447.50309 20.118 0.098
5447.54567 20.247 0.154
5447.60957 20.181 0.136
5448.47688 19.961 0.182
5448.52169 20.610 0.239
5448.57578 20.152 0.168
5449.47806 20.744 0.388
5449.51640 20.278 0.204
5449.54740 20.090 0.143
5449.63100 20.425 0.201
5450.51916 21.255 0.565
5450.55667 20.274 0.208
5450.60533 20.549 0.255
5450.64523 20.427 0.268
5451.51756 20.005 0.214
5451.64653 21.346 0.674
5453.47936 21.041 0.650
5453.57908 20.622 0.228
5457.49756 20.206 0.117
5457.55542 20.283 0.134
5457.60267 20.752 0.270
5458.48793 20.396 0.238
5458.54409 20.913 0.518
5458.58704 20.668 0.272
5459.50555 20.291 0.233
5459.55310 19.954 0.125
5459.60219 20.036 0.133
5460.49357 20.078 0.204
5460.53955 19.992 0.233
5460.58883 20.178 0.345
5461.50030 20.050 0.224
5461.54994 19.553 0.167
5461.59229 20.602 0.296
5462.48145 20.429 0.289
5462.56161 19.913 0.131
5463.51429 20.446 0.200
5463.58864 20.070 0.154
5464.50646 20.061 0.143
5464.54846 20.528 0.259
5465.51157 20.139 0.183
5467.48474 20.444 0.235
5468.55427 18.604 0.052
5469.60908 18.636 0.039
5471.51898 18.225 0.029
5471.58741 18.195 0.027
5472.55311 18.355 0.036
5473.50276 18.568 0.050
5476.49398 18.684 0.044
5477.54097 18.834 0.061
5479.51016 19.069 0.077
5480.50540 19.177 0.078
5480.56912 19.014 0.066
5481.54163 19.663 0.216
5485.52189 20.500 0.256
5486.50831 20.141 0.210
5487.48807 20.031 0.165
5487.55171 20.310 0.212
5488.54165 20.678 0.283
5489.52979 19.593 0.151
5490.52818 20.668 0.457
5492.52986 19.981 0.234
5494.53507 19.731 0.169
5495.53897 19.823 0.143
5497.53649 20.035 0.165
5502.50494 20.360 0.279
5596.88300 20.178 0.267
5598.86658 20.108 0.146
5599.88228 20.150 0.162
5600.87289 20.111 0.131
5602.86580 20.308 0.260
5604.87399 19.887 0.141
5605.87209 20.447 0.155
5606.86981 18.834 0.047
5607.87413 19.026 0.052
5608.86902 19.752 0.147
5611.85343 20.331 0.294
5612.86865 20.062 0.148
5614.85410 19.982 0.144
5615.86240 19.974 0.126
5616.85545 20.034 0.173
5617.89305 20.324 0.431
5620.84350 20.526 0.242
5621.84632 20.252 0.142
5622.88386 20.122 0.099
5624.83899 20.138 0.114
5625.81814 20.288 0.194
5626.81397 20.178 0.318
5627.84239 20.279 0.149
5628.85312 20.606 0.195
5629.82132 20.419 0.187
5630.79875 19.980 0.133
5631.82599 19.743 0.160
5632.83379 20.629 0.214
5633.79102 20.166 0.131
5634.84588 20.231 0.161
5635.85443 20.333 0.215
5637.81433 19.737 0.181
5638.79322 20.292 0.210
5639.79236 20.057 0.145
5639.86791 20.476 0.164
5640.75719 20.041 0.218
5640.80005 20.170 0.168
5640.83847 20.496 0.261
5640.88704 20.168 0.128
5641.75339 20.076 0.149
5641.79393 20.524 0.198
5641.87350 20.375 0.171
5642.75971 20.210 0.192
5642.79525 20.069 0.125
5642.85426 20.296 0.165
5642.87555 20.508 0.220
5642.91762 19.927 0.251
5643.76977 20.113 0.163
5643.80805 20.917 0.334
5643.86780 20.401 0.153
5643.90903 19.951 0.116
5644.77750 20.336 0.218
5644.81821 19.920 0.158
5644.88878 20.161 0.148
5647.85410 20.038 0.186
5647.87432 20.351 0.240
5647.89028 20.198 0.254
5647.90867 20.165 0.261
5648.75937 20.097 0.141
5648.82479 20.466 0.174
5648.86693 20.523 0.173
5648.91234 19.923 0.136
5649.76579 20.094 0.134
5649.80777 20.274 0.129
5649.87219 20.403 0.151
5649.91052 20.121 0.123
5650.75758 20.120 0.114
5650.82012 20.095 0.105
5650.86416 20.067 0.108
5650.91305 20.290 0.160
5651.77820 20.196 0.121
5651.82124 20.364 0.154
5651.89761 20.190 0.137
5652.75827 20.221 0.116
5652.82157 20.390 0.129
5652.86347 20.466 0.140
5653.78688 20.356 0.128
5653.91731 20.513 0.152
5654.79207 20.232 0.150
5654.83832 19.818 0.103
5654.88247 20.231 0.123
5655.74053 20.072 0.132
5655.77963 20.120 0.135
5655.81757 19.997 0.113
5655.85848 20.200 0.114
5655.90874 20.314 0.132
5656.80003 20.412 0.154
5656.84090 20.217 0.102
5656.92754 20.016 0.222
5657.78882 20.235 0.126
5657.82978 20.545 0.143
5657.87526 20.281 0.111
5657.91965 20.358 0.148
5658.78567 20.121 0.162
5658.84269 20.146 0.121
5658.88113 20.087 0.138
5658.92222 20.207 0.221
5659.73734 20.161 0.116
5659.77496 20.370 0.151
5659.81425 20.402 0.169
5659.85707 20.168 0.167
5659.90471 19.976 0.096
5660.74125 20.779 0.228
5660.78577 20.511 0.187
5660.82747 20.411 0.149
5660.89911 20.120 0.146
5662.73635 19.902 0.128
5662.77677 20.306 0.195
5662.83783 20.102 0.139
5662.87652 20.507 0.169
5662.91790 20.343 0.151
5664.73775 20.375 0.286
5664.78313 19.812 0.123
5664.84330 19.948 0.128
5664.88352 20.068 0.172
5664.92618 20.497 0.273
5665.75020 20.297 0.185
5665.79590 20.202 0.132
5665.86011 20.074 0.115
5665.90778 20.138 0.114
5667.73539 20.084 0.127
5667.74696 19.952 0.109
5667.78800 19.968 0.101
5667.83973 20.300 0.127
5667.89424 20.221 0.112
5668.72180 20.135 0.176
5668.77893 20.024 0.139
5668.84544 20.007 0.146
5668.90042 20.092 0.176
5669.74088 20.069 0.143
5669.78899 20.366 0.149
5669.83802 20.209 0.124
5669.88983 20.157 0.143
5670.72300 20.006 0.140
5670.76346 20.580 0.205
5670.82667 19.896 0.129
5670.86753 20.142 0.123
5670.90893 20.051 0.142
5671.74492 20.528 0.220
5675.70877 20.444 0.170
5675.74723 20.489 0.207
5675.78510 20.476 0.182
5675.82592 20.006 0.130
5675.89535 20.078 0.148
5676.67328 20.101 0.102
5676.71178 20.362 0.099
5676.75092 20.055 0.082
5676.79053 20.301 0.131
5676.85509 20.177 0.110
5676.90116 20.259 0.108
5677.70266 20.080 0.128
5677.74804 20.154 0.111
5677.78940 20.249 0.133
5677.83956 20.464 0.172
5677.89192 20.158 0.101
5679.67054 19.988 0.130
5679.71117 20.787 0.215
5679.75259 20.250 0.131
5679.80469 20.047 0.127
5679.85574 20.647 0.182
5679.89604 20.141 0.116
5680.65814 20.418 0.236
5680.69716 20.165 0.192
5680.73589 20.171 0.144
5680.78538 20.409 0.198
5680.83828 20.411 0.147
5680.88220 20.588 0.165
5680.92247 20.179 0.150
5681.68763 20.184 0.145
5681.72579 20.215 0.128
5681.76555 20.342 0.136
5681.82818 20.590 0.179
5681.87284 20.014 0.132
5681.91280 20.452 0.168
5682.67483 20.290 0.174
5682.71667 20.150 0.133
5682.76427 20.377 0.142
5682.81605 20.134 0.119
5682.89627 20.245 0.134
5682.93526 20.035 0.191
5683.69740 20.147 0.122
5683.76810 20.341 0.154
5683.81659 20.124 0.098
5683.87736 20.514 0.154
5683.91920 20.313 0.129
5684.67954 20.350 0.141
5684.72990 20.139 0.120
5684.78077 20.205 0.137
5684.83288 20.456 0.160
5684.89143 20.755 0.217
5684.93169 20.230 0.202
5685.76721 20.235 0.119
5685.80617 20.357 0.110
5685.85846 20.166 0.094
5685.90251 20.307 0.128
5686.65493 20.054 0.145
5686.71689 20.434 0.139
5686.76227 20.092 0.103
5686.81312 20.204 0.109
5686.86332 20.284 0.181
5686.90259 20.549 0.237
5687.65627 20.194 0.184
5687.70054 20.401 0.229
5687.75239 20.454 0.168
5687.79439 20.338 0.139
5687.84665 19.890 0.097
5688.87015 21.367 0.371
5688.92715 20.044 0.173
5689.69914 20.794 0.210
5689.77396 20.426 0.146
5689.81392 20.148 0.098
5690.64204 20.016 0.142
5690.69222 20.047 0.122
5690.74899 20.245 0.209
5690.79350 20.207 0.150
5690.83973 20.261 0.200
5690.90565 20.053 0.195
5691.66042 20.229 0.159
5691.73135 20.287 0.134
5691.77440 20.400 0.169
5691.82390 20.733 0.212
5691.86388 19.969 0.116
5691.93170 20.910 0.491
5692.66330 19.942 0.134
5692.71875 20.728 0.215
5692.76599 19.907 0.090
5692.80577 20.048 0.126
5692.84470 20.441 0.154
5692.88312 20.556 0.214
5692.92071 20.003 0.138
5693.63376 20.108 0.152
5693.68232 20.084 0.109
5693.75176 20.173 0.113
5693.78953 20.215 0.103
5693.82878 20.353 0.132
5693.86640 20.419 0.169
5693.90433 20.406 0.189
5694.61526 20.555 0.228
5694.64583 20.247 0.172
5694.68375 20.099 0.132
5694.75001 20.077 0.128
5694.79820 20.179 0.131
5694.83701 20.144 0.117
5694.87435 20.981 0.325
5694.91202 20.010 0.139
5695.61911 20.323 0.223
5695.65752 20.201 0.176
5695.73846 19.877 0.137
5695.79419 20.091 0.107
5695.83846 20.100 0.106
5695.87643 20.475 0.160
5695.91398 21.156 0.313
5696.61066 20.057 0.173
5696.64395 19.970 0.134
5696.69353 19.931 0.130
5696.74110 20.226 0.147
5696.78060 20.266 0.178
5696.82454 20.296 0.146
5696.86597 20.660 0.246
5696.92448 20.676 0.262
5697.61397 19.771 0.125
5697.66135 20.136 0.142
5697.70891 20.373 0.171
5697.74758 20.572 0.228
5697.78979 20.171 0.135
5697.82885 20.159 0.118
5697.86913 20.410 0.177
5697.91112 20.878 0.285
5698.64388 20.264 0.265
5698.69456 20.291 0.240
5698.73456 20.225 0.212
5698.77272 20.196 0.219
5698.81504 20.418 0.202
5698.85335 20.159 0.158
5698.89326 19.971 0.190
5698.93771 20.116 0.292
5703.68423 20.222 0.267
5703.71540 20.415 0.331
5703.76306 20.485 0.279
5703.83290 20.342 0.263
5705.71109 20.198 0.220
5705.75341 20.516 0.259
5705.79784 20.609 0.350
5705.85517 20.547 0.241
5705.90186 20.409 0.287
5706.64489 20.460 0.303
5706.74042 20.724 0.354
5706.79215 20.121 0.178
5706.85788 20.027 0.189
5707.59019 19.934 0.130
5707.62834 20.547 0.219
5707.68487 20.015 0.125
5707.72301 20.287 0.176
5707.76219 20.181 0.114
5707.80259 20.478 0.161
5707.84201 20.335 0.137
5707.88177 20.392 0.217
5708.60774 19.999 0.139
5708.66375 20.410 0.187
5708.71415 19.995 0.136
5708.75227 20.178 0.172
5708.80310 20.085 0.158
5708.84675 20.320 0.254
5708.89773 21.019 0.655
5709.58293 19.733 0.121
5709.63589 20.600 0.252
5709.79148 20.090 0.128
5711.69433 20.092 0.130
5712.59558 20.345 0.278
5712.67030 20.371 0.159
5712.68291 20.089 0.125
5712.72204 20.067 0.107
5712.76370 20.280 0.117
5712.80459 19.853 0.091
5712.84401 20.336 0.158
5712.91972 20.224 0.226
5713.77267 20.562 0.152
5713.81935 20.575 0.179
5713.85994 20.819 0.292
5714.59972 20.226 0.244
5714.61415 20.108 0.167
5714.69041 19.879 0.107
5715.56849 20.612 0.205
5715.61986 20.059 0.112
5715.67189 20.275 0.123
5715.71371 20.125 0.109
5715.76330 20.243 0.125
5715.80490 20.467 0.148
5715.84708 20.212 0.140
5715.90333 20.296 0.221
5716.59011 20.686 0.361
5716.60278 19.891 0.129
5716.61749 20.792 0.304
5716.63012 20.059 0.145
5716.69053 20.180 0.164
5716.74396 20.521 0.164
5716.78764 20.690 0.206
5716.82674 19.994 0.129
5716.86750 20.267 0.185
5716.91458 20.715 0.359
5721.63287 20.805 0.276
5721.71115 19.723 0.104
5721.77948 20.156 0.131
5721.81865 20.492 0.199
5721.87072 20.039 0.153
5721.91186 20.269 0.305
5722.60419 19.936 0.134
5722.61779 20.376 0.162
5722.65860 20.165 0.126
5722.67219 20.330 0.141
5722.71336 20.477 0.165
5722.77840 20.246 0.126
5722.81794 20.260 0.161
5723.56043 20.209 0.188
5723.60845 20.186 0.142
5723.65587 20.725 0.254
5723.69651 19.810 0.106
5723.73755 20.334 0.142
5723.77598 19.927 0.108
5723.81497 20.160 0.117
5723.85464 20.220 0.174
5724.55529 19.825 0.219
5724.55801 20.490 0.374
5724.62411 19.921 0.164
5724.63661 20.245 0.228
5724.67469 20.243 0.176
5724.68875 19.852 0.133
5724.73769 19.823 0.115
5724.78625 20.455 0.223
5724.82695 20.274 0.185
5725.57789 20.259 0.140
5725.59134 20.349 0.141
5725.60480 19.988 0.107
5725.64540 19.917 0.110
5725.65968 20.158 0.125
5725.71214 20.176 0.107
5725.75180 20.747 0.208
5725.79156 20.081 0.129
5726.55577 20.035 0.190
5726.60062 20.105 0.191
5726.63848 20.329 0.200
5726.68598 20.424 0.174
5726.72702 20.823 0.512
5726.76633 20.565 0.382
5726.81124 20.272 0.216
5734.65990 20.055 0.218
5734.70281 20.960 0.510
5734.75098 20.582 0.331
5734.79412 20.902 0.334
5734.84283 19.976 0.190
5734.88749 19.930 0.213
5735.67794 20.792 0.351
5735.74273 20.197 0.149
5735.78952 20.038 0.126
5735.83593 20.302 0.188
5735.88057 20.352 0.275
5736.53867 20.193 0.146
5736.57665 20.427 0.175
5736.61881 20.127 0.097
5736.66244 20.012 0.083
5736.70412 20.253 0.097
5736.78418 20.732 0.172
5736.83121 20.479 0.153
5736.87935 20.450 0.214
5737.52189 20.323 0.202
5737.55998 20.075 0.120
5737.61327 20.021 0.096
5737.65583 20.082 0.104
5737.70995 20.107 0.093
5737.75077 20.106 0.097
5737.78991 20.340 0.138
5737.83704 20.385 0.155
5737.87789 20.398 0.181
5738.58937 20.192 0.135
5738.63018 20.505 0.152
5738.69745 20.370 0.130
5738.73697 20.084 0.102
5739.50291 20.354 0.227
5739.52815 19.909 0.124
5739.56641 19.936 0.135
5739.60700 20.367 0.173
5739.65571 20.192 0.116
5739.71364 20.221 0.150
5739.75201 20.211 0.123
5739.79077 20.838 0.262
5739.84561 20.486 0.202
5740.49851 19.758 0.158
5740.54605 20.290 0.228
5740.58714 20.538 0.275
5740.64695 20.476 0.198
5740.71061 20.285 0.157
5740.75014 20.554 0.177
5740.79500 20.279 0.158
5740.83405 19.939 0.149
5740.88146 20.783 0.378
5741.52090 20.421 0.197
5741.56014 19.958 0.115
5741.60432 20.190 0.129
5741.64217 20.540 0.212
5741.70324 20.292 0.156
5741.74230 20.634 0.184
5741.78325 20.307 0.136
5741.82151 20.763 0.233
5741.85949 20.113 0.117
5742.49241 20.143 0.194
5742.53507 20.304 0.174
5742.57743 20.224 0.144
5742.61541 20.266 0.132
5742.67719 20.405 0.128
5742.71602 20.343 0.121
5742.75457 20.295 0.108
5742.79283 20.438 0.140
5742.83084 20.564 0.157
5742.87111 20.210 0.150
5743.62700 20.880 0.328
5743.66677 20.206 0.144
5743.72777 20.129 0.152
5743.76595 19.801 0.110
5743.80401 20.545 0.227
5743.84162 20.362 0.249
5743.87955 20.075 0.220
5744.52366 20.413 0.260
5744.56204 19.987 0.153
5744.60021 20.225 0.199
5744.64869 20.177 0.118
5744.72702 20.027 0.117
5744.77703 20.211 0.125
5744.81875 20.613 0.216
5744.86393 20.270 0.233
5745.51240 21.133 0.417
5745.55858 19.915 0.119
5745.59933 20.092 0.186
5745.63848 20.092 0.139
5745.69903 20.149 0.108
5745.73706 20.212 0.134
5745.77524 20.579 0.220
5745.81315 20.995 0.354
5745.86620 20.399 0.267
5746.56985 20.012 0.157
5746.60960 20.525 0.191
5746.65031 20.336 0.165
5746.71630 20.184 0.151
5746.75409 20.418 0.198
5746.79646 20.598 0.277
5746.84220 20.548 0.283
5747.61270 20.200 0.221
5747.65754 20.296 0.182
5747.70282 20.438 0.241
5747.74655 20.985 0.417
5747.81288 19.853 0.177
5748.63036 19.996 0.105
5748.68773 19.903 0.138
5749.52556 20.215 0.247
5749.56352 20.831 0.289
5749.60289 20.322 0.170
5749.65221 20.692 0.268
5749.69186 20.645 0.283
5749.73014 21.003 0.352
5749.76853 20.429 0.211
5749.80781 20.488 0.255
5752.56993 20.144 0.249
5753.49917 19.974 0.417
5753.55316 21.074 1.267
5753.60372 20.133 0.201
5759.83091 20.111 0.220
5760.49079 20.726 0.437
5760.53242 20.433 0.245
5760.58501 20.194 0.168
5760.64122 20.769 0.295
5760.68460 20.596 0.217
5760.73586 20.147 0.144
5760.77413 20.613 0.225
5760.81180 20.229 0.185
5762.51181 19.963 0.123
5762.55010 20.451 0.192
5762.59176 20.038 0.119
5762.63012 20.172 0.165
5762.66987 20.272 0.162
5762.70609 19.945 0.134
5762.74796 21.265 0.659
5762.76747 20.099 0.241
5763.50213 20.211 0.136
5763.54613 20.364 0.120
5763.58777 20.014 0.091
5763.64468 20.057 0.110
5763.68653 20.179 0.153
5763.73411 20.421 0.203
5763.77207 20.678 0.314
5763.81093 20.094 0.186
5764.50997 20.267 0.141
5764.54980 20.501 0.174
5764.59039 20.383 0.149
5764.63860 20.289 0.148
5764.68762 20.663 0.181
5764.73324 20.265 0.128
5765.46895 20.236 0.174
5765.50896 19.914 0.119
5765.55186 20.597 0.193
5765.61589 20.164 0.105
5765.66089 20.824 0.222
5765.70511 20.475 0.179
5765.75102 20.367 0.202
5766.48134 20.154 0.157
5766.52026 20.346 0.163
5766.58469 20.578 0.183
5766.62454 20.176 0.113
5766.66525 20.263 0.121
5766.70645 20.480 0.175
5766.75013 20.378 0.203
5767.49850 20.488 0.260
5767.54409 20.415 0.196
5767.58743 20.285 0.148
5767.65534 20.149 0.135
5767.71128 21.365 0.437
5767.75202 19.839 0.149
5767.79360 20.628 0.326
5768.48818 20.321 0.163
5768.52804 20.385 0.160
5768.58856 20.071 0.105
5768.63540 20.398 0.131
5768.68002 20.338 0.122
5768.72693 20.137 0.107
5768.76770 20.098 0.132
5769.47238 20.305 0.199
5769.51182 20.035 0.132
5769.56577 20.427 0.156
5769.62357 20.040 0.115
5769.67672 20.968 0.247
5769.72564 20.630 0.227
5769.76784 20.492 0.221
5770.66880 20.070 0.152
5770.75276 20.387 0.201
5775.59508 19.929 0.153
5775.63783 20.205 0.189
5776.53895 20.126 0.220
5776.60617 20.191 0.193
5776.64721 20.177 0.152
5776.72187 20.064 0.199
5777.47873 20.092 0.137
5777.52324 20.256 0.116
5777.57529 20.356 0.134
5777.65570 20.452 0.140
5777.70580 20.743 0.176
5777.77061 20.638 0.224
5778.50347 19.922 0.167
5778.55991 20.497 0.254
5778.60823 20.387 0.228
5779.59828 20.680 0.206
5779.64221 20.113 0.111
5779.69674 20.156 0.143
5779.74132 20.242 0.152
5784.51576 20.419 0.297
5784.60166 20.594 0.255
5784.71899 20.454 0.424
5785.51857 19.805 0.150
5785.57893 20.293 0.226
5785.62547 20.951 0.433
5785.66781 20.025 0.167
5785.70968 20.264 0.253
5786.49204 20.022 0.232
5786.56907 20.258 0.232
5786.61350 20.195 0.207
5786.65613 21.190 0.491
5786.71147 20.052 0.176
5787.47664 20.373 0.208
5787.54777 20.377 0.156
5787.58987 20.091 0.116
5787.63530 20.429 0.161
5787.67424 21.060 0.373
5787.71993 20.281 0.212
5788.49178 20.216 0.178
5788.55544 20.339 0.202
5788.59501 20.293 0.167
5788.63580 20.399 0.203
5788.67656 20.363 0.235
5788.72032 20.781 0.437
5790.47339 20.692 0.350
5790.52083 20.266 0.191
5790.57293 20.120 0.175
5790.61463 19.945 0.149
5790.65532 20.167 0.150
5790.69550 20.329 0.166
5790.73371 20.242 0.179
5791.51159 20.691 0.279
5791.61361 19.993 0.125
5793.51488 20.321 0.157
5793.56800 20.100 0.141
5793.61028 20.151 0.135
5793.64884 20.275 0.178
5793.68782 20.153 0.153
5793.73204 20.217 0.231
5794.50655 20.854 0.324
5794.57380 20.238 0.153
5794.61493 20.128 0.160
5794.65684 19.827 0.116
5794.70368 19.965 0.118
5795.56710 20.141 0.210
5795.62848 20.955 0.389
5795.71021 20.175 0.176
5796.47671 19.923 0.117
5796.52798 20.196 0.136
5796.59666 20.275 0.157
5796.63561 20.301 0.140
5796.67693 20.468 0.217
5796.71892 21.385 0.780
5799.49139 20.249 0.183
5801.53186 20.143 0.181
5801.57112 20.333 0.187
5801.60924 19.895 0.142
5801.65050 20.298 0.181
5801.69056 20.259 0.201
5802.56221 20.380 0.212
5802.64196 20.435 0.240
5803.53585 20.273 0.180
5804.47911 18.371 0.028
5804.54326 18.389 0.033
5804.58374 18.353 0.029
5804.62153 18.418 0.029
5804.66078 18.435 0.044
5805.49072 18.705 0.030
5805.54398 18.795 0.038
5805.58197 18.801 0.037
5805.62533 18.855 0.048
5805.68106 19.037 0.077
5806.53929 19.471 0.099
5806.62422 19.246 0.076
5807.57912 20.274 0.227
5807.62172 19.644 0.098
5807.65949 20.195 0.244
5812.52308 20.663 0.366
5812.56324 20.349 0.272
5812.60391 21.352 0.637
5812.64504 19.788 0.160
5813.47445 20.487 0.349
5813.53634 20.191 0.148
5813.57655 20.153 0.120
5813.61442 20.232 0.130
5813.65226 20.262 0.159
5815.51759 20.422 0.165
5815.55600 20.067 0.115
5815.60325 20.003 0.113
5815.64101 20.740 0.214
5816.47785 20.460 0.205
5816.53619 20.113 0.165
5816.57436 21.043 0.379
5816.61271 20.925 0.372
5817.48059 20.178 0.144
5817.53743 20.337 0.157
5817.57537 20.353 0.213
5817.61444 20.594 0.304
5817.65518 21.279 0.674
5818.51889 20.064 0.155
5818.55697 20.045 0.158
5818.59533 20.385 0.248
5818.63702 20.957 0.537
5819.51848 20.337 0.151
5819.56532 20.325 0.184
5819.60302 20.570 0.223
5819.64289 20.532 0.243
5820.49619 20.459 0.330
5820.54329 19.940 0.127
5820.58098 20.192 0.165
5820.61886 20.149 0.188
5820.65515 20.114 0.234
5822.53829 20.473 0.247
5822.58327 20.549 0.227
5822.62693 20.392 0.236
5823.51499 20.059 0.223
5823.55834 20.241 0.220
5823.60195 19.864 0.135
5824.48243 21.045 0.516
5824.53891 20.222 0.142
5824.57947 20.445 0.183
5824.61942 20.454 0.235
5825.49896 19.782 0.138
5825.55693 20.535 0.224
5825.59542 20.903 0.320
5826.47982 20.711 0.395
5826.51969 20.423 0.254
5826.56719 20.235 0.194
5827.50616 20.108 0.236
5827.54414 20.029 0.196
5827.58662 20.686 0.342
5827.62418 20.552 0.331
5828.51939 21.038 0.311
5828.55737 20.280 0.154
5828.59493 21.346 0.482
5829.48130 20.792 0.432
5829.53033 20.228 0.151
5829.56802 20.157 0.127
5829.60629 20.598 0.218
5830.50525 20.085 0.121
5830.54340 20.214 0.135
5830.58109 20.608 0.267
5831.48356 20.125 0.144
5831.54210 20.161 0.159
5831.57954 19.972 0.126
5831.61523 20.306 0.238
5832.52553 20.482 0.169
5832.56513 20.639 0.244
5832.60339 20.840 0.381
5833.52341 20.331 0.149
5833.56297 20.634 0.213
5833.60090 20.877 0.354
5834.52262 20.255 0.136
5834.56036 20.142 0.135
5834.59652 21.455 0.535
5835.54378 20.267 0.238
5836.50619 20.114 0.213
5836.53940 20.685 0.335
5836.57125 20.160 0.252
5839.49969 19.663 0.154
5839.53815 20.240 0.281
5839.57593 20.034 0.241
5840.52995 20.635 0.267
5840.58240 20.400 0.214
5841.48342 19.677 0.226
5841.52414 20.538 0.321
5841.56745 20.188 0.205
5841.60347 20.168 0.222
5842.52542 20.337 0.322
5842.57415 20.430 0.317
5843.48343 20.951 0.560
5843.52715 20.958 0.376
5843.56764 20.503 0.295
5844.51206 20.314 0.200
5844.55099 20.552 0.277
5844.59057 20.785 0.554
5845.51150 19.852 0.151
5845.55196 20.406 0.263
5845.59220 20.516 0.381
5846.51515 21.577 0.953
5846.55392 19.839 0.185
5847.54211 20.216 0.326
5850.52619 20.435 0.184
5850.56463 20.730 0.245
5851.51518 20.201 0.167
5851.55294 20.456 0.224
5852.50374 20.165 0.243
5852.54627 20.185 0.242
5854.50767 19.944 0.185
5854.54864 20.606 0.364
5855.49024 21.673 1.708
5855.53542 20.725 0.357
5856.49170 20.691 0.492
5856.53996 21.163 0.668
5857.50897 20.076 0.257
5858.50990 20.136 0.321
5859.50639 20.678 0.371
5859.54236 20.192 0.239
5860.52187 20.651 0.334
5861.51563 20.376 0.246
5862.52305 20.469 0.278
5866.50624 20.549 0.467
5866.53156 20.026 0.353
5867.50941 20.059 0.175
5868.50891 20.296 0.309
5868.51075 20.569 0.396
5870.50631 20.309 0.205
5872.50546 21.015 0.532
5873.50665 20.372 0.310
5875.50149 20.887 0.882
5970.87416 18.458 0.035
5971.87552 18.587 0.032
5972.89038 18.630 0.038
5976.87959 18.909 0.041
5977.84068 18.994 0.055
5977.87709 18.987 0.052
5978.84281 19.164 0.066
5978.88738 19.300 0.063
5979.84083 20.148 0.187
5979.87930 19.366 0.102
5980.86069 19.983 0.155
5982.82192 19.609 0.131
5982.86526 19.671 0.114
5983.82663 21.171 0.445
5983.85698 20.324 0.132
5983.90464 20.158 0.160
5984.83918 20.596 0.189
5984.88649 20.359 0.131
5985.82480 20.541 0.259
5985.86141 20.270 0.151
5986.81898 19.831 0.127
5986.83946 20.234 0.145
5986.88739 20.584 0.172
5987.81768 20.377 0.249
5987.85423 19.956 0.110
5987.90420 19.934 0.135
5988.83329 20.178 0.179
5988.88059 20.554 0.161
5989.81080 19.768 0.112
5989.84089 20.352 0.183
5989.88271 20.644 0.262
5990.80914 19.985 0.175
5990.84689 20.507 0.186
5990.88832 20.029 0.112
5991.82197 20.103 0.141
5991.86235 20.282 0.134
5992.81626 20.017 0.133
5992.83896 20.181 0.131
5992.88102 20.196 0.118
5993.80682 19.600 0.121
5993.84601 19.804 0.118
5993.88913 20.061 0.125
5994.80833 20.083 0.161
5994.84009 20.321 0.165
5994.89100 19.913 0.103
5995.80026 20.359 0.175
5995.81978 20.378 0.161
5995.86538 20.135 0.115
5995.90355 20.233 0.151
5996.80799 19.850 0.112
5996.84557 20.120 0.121
5996.89231 20.356 0.120
5997.80140 19.779 0.118
5997.84010 20.119 0.142
5997.88773 20.386 0.160
5998.78829 20.154 0.190
5998.81628 20.295 0.165
5998.86786 20.089 0.128
5998.90558 20.293 0.140
5999.80014 20.448 0.206
5999.84871 20.287 0.152
5999.88691 20.564 0.190
6002.90828 21.013 0.443
6003.86512 19.874 0.131
6004.76562 20.362 0.232
6004.79780 20.319 0.189
6004.85567 19.884 0.107
6004.89329 20.404 0.146
6005.76106 20.304 0.169
6005.80211 20.014 0.118
6005.85067 20.358 0.163
6005.90745 20.022 0.086
6006.77282 20.367 0.150
6006.82567 20.255 0.109
6006.87661 20.574 0.169
6006.91430 20.456 0.174
6007.77865 20.319 0.140
6007.82556 20.229 0.118
6007.87380 20.674 0.202
6007.91142 20.628 0.183
6008.77040 19.685 0.094
6008.81776 20.096 0.117
6008.86704 20.528 0.170
6008.90452 20.294 0.146
6009.76404 20.166 0.129
6009.80647 20.283 0.121
6009.85489 19.976 0.094
6009.89228 20.397 0.140
6010.74766 20.200 0.164
6010.77623 19.778 0.087
6010.82519 20.221 0.127
6010.87442 20.246 0.100
6010.91268 20.212 0.102
6011.76232 20.035 0.132
6011.82280 20.035 0.143
6011.88025 20.133 0.152
6011.91842 19.945 0.156
6012.76641 20.326 0.158
6012.80709 20.368 0.134
6012.86542 19.999 0.085
6012.90328 20.265 0.089
6013.76222 20.258 0.145
6013.80100 20.258 0.123
6013.86247 20.232 0.130
6013.90372 20.349 0.126
6014.73844 20.907 0.295
6014.77731 20.690 0.192
6014.83668 20.344 0.166
6014.87611 20.048 0.135
6014.91577 19.922 0.145
6015.75527 20.071 0.105
6015.79413 19.956 0.079
6015.83258 20.105 0.094
6015.88279 20.217 0.097
6015.92417 20.167 0.235
6016.73174 20.147 0.119
6016.74823 20.651 0.191
6016.76556 19.997 0.095
6016.78801 20.414 0.137
6016.80590 20.057 0.099
6016.82810 20.174 0.105
6016.86864 20.682 0.167
6016.89144 20.364 0.115
6016.90904 20.321 0.101
6017.74087 20.041 0.108
6017.77901 20.263 0.112
6017.81729 20.190 0.099
6017.87575 20.420 0.105
6017.91628 20.150 0.095
6018.76737 20.266 0.176
6018.80623 20.363 0.204
6018.84614 20.264 0.118
6018.91145 20.188 0.083
6019.74293 20.751 0.310
6019.78233 21.006 0.295
6019.83957 20.143 0.108
6019.87738 20.211 0.089
6019.91731 20.051 0.089
6020.72641 20.214 0.160
6020.76493 20.167 0.132
6020.82107 20.234 0.109
6020.85989 20.369 0.117
6020.89950 20.368 0.178
6021.71580 20.193 0.263
6021.74769 20.431 0.203
6021.78668 19.795 0.103
6021.82534 20.316 0.123
6021.88371 20.190 0.114
6021.92413 20.092 0.144
6022.73524 20.461 0.207
6022.77350 20.155 0.125
6022.81176 19.993 0.101
6022.86925 20.273 0.134
6022.91150 20.654 0.199
6023.72925 19.912 0.136
6023.76915 20.014 0.111
6023.80975 20.117 0.132
6023.84988 20.178 0.134
6023.91438 20.160 0.125
6024.72276 20.307 0.212
6024.76373 20.462 0.232
6024.82430 20.065 0.121
6024.86486 20.442 0.159
6024.91513 20.071 0.139
6025.71246 20.144 0.240
6025.75294 20.128 0.186
6025.79276 20.561 0.287
6025.84599 20.155 0.181
6025.89826 20.357 0.180
6026.72649 21.101 0.924
6029.84336 19.982 0.131
6031.76593 19.929 0.130
6031.80537 20.478 0.167
6031.84633 20.585 0.184
6031.88712 20.009 0.153
6032.68226 20.190 0.204
6032.72227 20.352 0.158
6032.77012 20.558 0.158
6032.81855 20.653 0.186
6032.85888 20.436 0.158
6032.90264 20.192 0.104
6033.69432 20.447 0.223
6033.74105 20.580 0.226
6033.78266 20.221 0.171
6033.85370 20.299 0.117
6033.89528 20.181 0.122
6034.69016 20.327 0.160
6034.73683 20.116 0.107
6034.78258 20.420 0.114
6034.83670 20.398 0.134
6034.92494 19.895 0.111
6035.86873 21.305 0.336
6035.93324 19.785 0.184
6036.72726 20.756 0.186
6036.77127 20.431 0.138
6036.84763 20.331 0.102
6036.90208 20.047 0.093
6037.71314 19.977 0.139
6037.75375 19.969 0.128
6037.79745 20.714 0.204
6037.86857 20.185 0.104
6037.90907 20.089 0.139
6038.72205 20.549 0.250
6038.76365 20.430 0.184
6038.82889 20.147 0.106
6038.87399 20.085 0.098
6038.92461 20.191 0.136
6039.74515 20.502 0.294
6039.79139 20.373 0.204
6039.85155 20.148 0.123
6039.89597 20.698 0.191
6039.93423 21.717 0.957
6040.76246 20.026 0.149
6040.80438 20.127 0.129
6040.86744 20.072 0.117
6040.90860 20.005 0.108
6041.71043 20.517 0.240
6041.75518 20.380 0.230
6041.79937 20.073 0.120
6041.86114 20.303 0.128
6041.90146 20.094 0.109
6045.89599 20.431 0.146
6045.93363 20.740 0.284
6046.90722 20.538 0.171
6047.68024 20.045 0.144
6047.71939 20.304 0.152
6047.75889 20.340 0.120
6047.79846 20.408 0.139
6047.87159 20.634 0.193
6047.91292 20.870 0.233
6048.69668 20.460 0.162
6048.73697 20.378 0.142
6048.79804 20.071 0.103
6048.84251 20.167 0.107
6048.88578 20.312 0.122
6048.92687 20.330 0.126
6049.70535 20.611 0.172
6049.75900 20.081 0.087
6049.81760 20.334 0.099
6049.85826 20.479 0.146
6049.89941 20.306 0.119
6050.65752 21.154 0.513
6050.69470 21.006 0.357
6050.73381 20.070 0.128
6050.80417 20.844 0.230
6050.84407 20.163 0.132
6050.88294 20.351 0.152
6050.92167 20.093 0.131
6051.66384 20.354 0.195
6051.75317 20.209 0.122
6052.67908 20.033 0.163
6052.72702 19.905 0.123
6052.77522 20.081 0.122
6052.81431 20.330 0.158
6052.85526 20.492 0.168
6052.89405 21.081 0.276
6052.93259 19.990 0.116
6053.67070 20.169 0.199
6053.71074 19.843 0.121
6053.75822 20.020 0.119
6053.80613 20.475 0.147
6053.86151 20.318 0.144
6053.90247 20.586 0.216
6054.86568 20.206 0.136
6054.89883 20.009 0.123
6057.87757 21.145 0.315
6057.92556 20.201 0.179
6058.67735 21.390 0.655
6058.71736 19.899 0.117
6058.75670 20.185 0.122
6058.80075 20.226 0.122
6058.84740 19.953 0.113
6058.88903 20.259 0.128
6058.92752 20.563 0.238
6059.69487 20.408 0.188
6059.73350 20.245 0.156
6059.77195 20.169 0.121
6059.83210 20.246 0.116
6059.87092 20.383 0.127
6059.90980 20.674 0.187
6060.77757 20.498 0.157
6061.67136 19.978 0.137
6061.71025 19.751 0.107
6061.76032 20.013 0.090
6061.81087 20.403 0.159
6061.84978 20.128 0.113
6061.88803 21.186 0.383
6061.92659 20.323 0.162
6062.66592 20.401 0.191
6062.70876 20.059 0.147
6062.74778 20.329 0.188
6062.79739 20.172 0.141
6062.84857 20.082 0.114
6062.88687 20.444 0.158
6062.92486 20.450 0.196
6063.77661 20.101 0.180
6063.81772 20.400 0.185
6063.86631 20.965 0.362
6063.91355 20.572 0.197
6064.66419 20.245 0.138
6064.74033 20.432 0.119
6064.80205 20.411 0.115
6064.84378 20.695 0.173
6064.88627 19.801 0.086
6064.92472 20.327 0.143
6065.63522 20.046 0.137
6065.67336 20.196 0.130
6065.71186 20.248 0.111
6065.77260 20.074 0.093
6065.81399 20.371 0.154
6065.86111 21.042 0.275
6066.63767 20.452 0.177
6066.67561 20.074 0.109
6066.71363 19.992 0.096
6066.76403 20.503 0.124
6066.81805 20.438 0.149
6066.85866 20.239 0.121
6066.89888 20.606 0.164
6066.93706 20.381 0.132
6067.62193 20.116 0.127
6067.66257 20.413 0.154
6067.70065 20.318 0.127
6067.74958 20.554 0.136
6067.80084 20.337 0.134
6067.83976 20.121 0.095
6067.87863 20.344 0.138
6067.91644 20.080 0.106
6068.61679 20.156 0.142
6068.66578 20.213 0.121
6068.71252 20.181 0.115
6068.76468 20.275 0.109
6068.84041 20.558 0.143
6068.88516 20.400 0.129
6068.93185 20.256 0.144
6069.60450 20.286 0.148
6069.66499 20.138 0.119
6069.70489 20.556 0.151
6069.74437 20.336 0.114
6069.81155 20.236 0.119
6069.85323 20.347 0.109
6069.89378 20.516 0.138
6069.93190 20.761 0.200
6070.61413 20.077 0.187
6070.65228 21.018 0.387
6070.69204 20.445 0.150
6070.73029 20.200 0.112
6070.77909 20.310 0.133
6070.82911 20.628 0.168
6070.86901 20.419 0.155
6070.90750 20.255 0.147
6070.94666 20.249 0.300
6071.61412 20.160 0.127
6071.65333 20.652 0.200
6071.69296 20.349 0.138
6071.73170 19.993 0.085
6071.79508 20.265 0.159
6071.83492 20.333 0.136
6071.87300 19.987 0.101
6071.91097 21.797 0.972
6075.60812 20.950 0.243
6075.64625 20.339 0.119
6075.68452 20.486 0.134
6075.73533 20.558 0.147
6075.79012 20.613 0.133
6075.82964 20.781 0.176
6075.87408 20.468 0.142
6076.59924 20.441 0.189
6076.64087 20.704 0.242
6076.68764 20.308 0.173
6076.73487 20.026 0.088
6076.78389 20.354 0.140
6076.82261 20.008 0.109
6076.87193 20.375 0.181
6076.91763 19.889 0.128
6077.69976 20.329 0.146
6077.75887 20.123 0.132
6077.81785 19.952 0.096
6077.85887 20.690 0.171
6077.90025 20.361 0.152
6077.93889 20.018 0.140
6078.62078 20.371 0.155
6078.65888 19.965 0.123
6078.69735 20.350 0.146
6078.76016 20.472 0.143
6078.80130 20.145 0.098
6078.83950 20.318 0.127
6078.88366 20.372 0.143
6079.58600 20.287 0.141
6079.62525 20.599 0.183
6079.66321 20.209 0.115
6079.71658 20.490 0.149
6079.77685 20.189 0.129
6079.81601 20.071 0.116
6079.86665 20.426 0.119
6079.90653 20.188 0.151
6080.59570 20.283 0.220
6080.63382 20.504 0.217
6080.67683 20.371 0.160
6080.72215 20.294 0.127
6080.76224 20.156 0.146
6080.80155 20.579 0.170
6080.85886 20.179 0.135
6080.89979 20.600 0.202
6080.94159 20.327 0.186
6081.59143 20.769 0.310
6081.62922 20.111 0.147
6081.67027 20.434 0.187
6081.71565 20.281 0.141
6081.75495 20.302 0.163
6081.80967 20.475 0.162
6081.85291 20.002 0.133
6081.89155 19.823 0.145
6081.93955 21.053 0.550
6082.66236 19.951 0.252
6082.71309 19.865 0.183
6082.78439 20.564 0.343
6082.82876 20.586 0.352
6082.86577 20.989 0.515
6082.91045 20.436 0.388
6085.58653 19.953 0.157
6085.63643 19.620 0.099
6085.67270 19.921 0.125
6085.71662 21.701 0.807
6085.75953 20.356 0.179
6085.79833 20.145 0.141
6085.83717 21.335 0.515
6085.87700 20.603 0.447
6085.91735 21.725 0.880
6086.56991 20.121 0.155
6086.61032 20.278 0.178
6086.65345 20.111 0.123
6086.69243 20.619 0.168
6086.75554 20.526 0.155
6086.79383 20.250 0.166
6086.83923 20.245 0.137
6086.88572 21.165 0.428
6086.92710 20.610 0.346
6087.72639 20.265 0.175
6087.78275 20.039 0.110
6087.83377 20.543 0.224
6088.56163 19.969 0.138
6088.59946 20.167 0.134
6088.63785 20.449 0.156
6088.67565 20.334 0.109
6089.64169 20.390 0.151
6089.68048 20.164 0.116
6089.74162 20.649 0.195
6089.79200 20.235 0.146
6089.85314 20.424 0.173
6089.92818 20.087 0.186
6092.59782 20.736 0.224
6092.63590 19.762 0.157
6092.67625 20.558 0.203
6092.80568 20.377 0.150
6092.87525 20.362 0.198
6093.55061 20.304 0.181
6093.59217 20.265 0.153
6093.63023 20.251 0.130
6093.66823 19.903 0.117
6093.72870 20.167 0.106
6093.79067 20.319 0.181
6093.83066 20.583 0.233
6093.87116 19.841 0.149
6094.64165 20.823 0.288
6094.67915 20.178 0.149
6094.72897 20.224 0.145
6094.77616 20.167 0.143
6094.81518 20.320 0.159
6094.85444 20.210 0.173
6094.90441 21.214 0.620
6096.60290 20.460 0.196
6096.64848 20.345 0.146
6096.68780 20.022 0.124
6096.76243 20.303 0.167
6096.80176 20.384 0.196
6096.84265 19.890 0.118
6096.88475 20.960 0.451
6097.67659 20.158 0.144
6097.74925 20.598 0.286
6097.78798 20.473 0.201
6097.82562 19.938 0.123
6097.86528 20.589 0.237
6097.90396 19.851 0.156
6098.58302 20.177 0.175
6098.62270 21.131 0.366
6098.66030 20.016 0.136
6098.71191 20.686 0.245
6098.76196 20.549 0.163
6098.80246 20.181 0.136
6098.84120 19.834 0.110
6098.87914 20.277 0.175
6099.63924 20.063 0.195
6099.75012 20.106 0.184
6100.51400 20.266 0.217
6100.56995 19.910 0.158
6100.60988 20.128 0.139
6100.64753 20.075 0.120
6100.70750 20.212 0.107
6100.74675 20.210 0.123
6100.78453 20.290 0.231
6100.83495 21.671 0.559
6101.51096 20.129 0.164
6101.54900 20.166 0.155
6101.58656 20.820 0.270
6101.62470 20.085 0.116
6101.66433 20.550 0.145
6101.72609 20.145 0.103
6101.76504 20.043 0.108
6101.80402 20.365 0.161
6101.85156 20.053 0.183
6102.59929 21.234 0.380
6102.64651 20.828 0.230
6102.68607 20.437 0.165
6102.72615 20.130 0.101
6102.76508 20.451 0.133
6102.80488 20.264 0.136
6102.84482 20.455 0.184
6102.88409 20.867 0.356
6103.51697 20.458 0.237
6103.55631 20.271 0.151
6103.59746 20.572 0.193
6103.64685 20.385 0.131
6103.69586 20.126 0.132
6103.73670 19.979 0.110
6103.80218 20.765 0.222
6103.85038 20.224 0.174
6104.51834 20.253 0.149
6104.55625 20.714 0.172
6104.59384 20.295 0.122
6104.62987 20.341 0.116
6104.67935 20.287 0.091
6104.72140 20.338 0.110
6104.76017 20.124 0.099
6104.79981 20.196 0.119
6104.84583 21.017 0.295
6105.50069 20.372 0.234
6105.52869 20.294 0.191
6105.56633 20.577 0.258
6105.62444 20.340 0.155
6105.67944 20.405 0.148
6105.71847 20.421 0.139
6105.75831 20.277 0.177
6106.62427 20.437 0.216
6106.69266 20.027 0.194
6108.52845 19.910 0.129
6108.56733 20.201 0.146
6108.61994 19.763 0.115
6108.67096 20.671 0.178
6108.71358 20.280 0.120
6108.75315 20.211 0.114
6108.79201 20.736 0.225
6108.83395 20.233 0.134
6108.87058 20.066 0.147
6109.68201 21.218 0.489
6109.71840 21.409 0.490
6109.75628 20.935 0.363
6109.79913 20.940 0.373
6109.83929 20.479 0.261
6113.53552 20.120 0.218
6113.57778 20.018 0.159
6113.61542 20.342 0.186
6113.65657 20.157 0.166
6113.69733 20.128 0.152
6113.73627 19.907 0.143
6113.77402 20.279 0.161
6113.81188 21.031 0.367
6113.85050 20.516 0.286
6114.58608 20.238 0.232
6114.62209 20.811 0.320
6114.67149 20.102 0.163
6114.71989 20.330 0.154
6114.75750 20.470 0.207
6114.79654 20.018 0.129
6114.83805 20.375 0.236
6115.48331 19.992 0.137
6115.52253 20.451 0.191
6115.55983 20.381 0.162
6115.61002 20.080 0.109
6115.66658 20.448 0.187
6115.71047 20.145 0.187
6115.77564 20.246 0.207
6116.48141 20.065 0.138
6116.52300 20.122 0.112
6116.56308 20.558 0.164
6116.61122 20.538 0.143
6116.65983 20.395 0.130
6116.69784 20.238 0.127
6116.74510 19.950 0.103
6116.78385 20.590 0.194
6116.82584 20.255 0.151
6117.50334 20.545 0.212
6117.54079 20.436 0.189
6117.57813 20.087 0.123
6117.63006 20.562 0.161
6117.68082 20.564 0.161
6117.71966 20.159 0.122
6117.75883 20.452 0.164
6117.79633 20.514 0.193
6117.83433 20.503 0.241
6118.49337 20.030 0.133
6118.53162 20.195 0.136
6118.57192 20.307 0.128
6118.62224 20.330 0.116
6118.67785 20.372 0.134
6118.71983 20.299 0.112
6118.75861 20.787 0.202
6118.79583 20.576 0.191
6118.83349 20.192 0.143
6119.48165 20.228 0.193
6119.52083 20.530 0.226
6119.56103 20.175 0.162
6119.60836 19.981 0.123
6119.66038 20.179 0.117
6119.69914 20.427 0.130
6119.72650 20.096 0.109
6119.76605 20.402 0.179
6119.80433 19.898 0.132
6120.50974 21.048 0.412
6120.54925 20.561 0.257
6120.60424 20.051 0.114
6120.66531 20.686 0.180
6120.70451 20.346 0.174
6120.74593 20.180 0.116
6120.79165 20.444 0.187
6120.83139 20.148 0.199
6121.50157 20.533 0.153
6121.53931 20.239 0.132
6121.57688 20.141 0.084
6121.64419 20.678 0.147
6121.68224 20.455 0.110
6121.70841 20.390 0.116
6121.74648 20.474 0.117
6121.78600 20.481 0.132
6123.51425 20.263 0.195
6123.55266 20.326 0.171
6123.59977 20.334 0.150
6123.65068 20.145 0.119
6123.69023 20.726 0.183
6123.72797 20.243 0.135
6123.76921 20.522 0.214
6123.80820 20.261 0.166
6124.49816 20.488 0.242
6124.53786 20.210 0.134
6124.59886 20.447 0.163
6124.66884 20.335 0.145
6124.70857 20.215 0.120
6124.74918 20.778 0.226
6124.78947 20.961 0.358
6124.82933 20.374 0.186
6125.55334 20.387 0.165
6125.61512 20.252 0.144
6125.67016 20.057 0.124
6125.71271 20.236 0.143
6125.75799 20.874 0.229
6125.79864 20.255 0.147
6126.49092 21.013 0.310
6126.54229 20.137 0.126
6126.58766 20.533 0.230
6126.64678 19.992 0.121
6126.70548 20.323 0.151
6126.74982 20.520 0.171
6127.49123 20.278 0.179
6127.53316 19.951 0.136
6127.61774 20.303 0.180
6127.72000 20.753 0.238
6127.78819 20.590 0.193
6128.54232 20.306 0.125
6128.58174 21.018 0.259
6128.63066 20.275 0.119
6128.68117 20.897 0.243
6129.66050 20.294 0.117
6130.71633 20.696 0.234
6131.51731 20.487 0.224
6131.56503 20.023 0.124
6131.63117 20.140 0.117
6131.67643 20.662 0.186
6131.74593 21.275 0.412
6132.49787 20.694 0.280
6132.56758 20.016 0.205
6132.65419 20.908 0.318
6132.74059 20.450 0.166
6132.77712 20.246 0.164
6133.55127 20.299 0.178
6133.59972 21.198 0.360
6133.66179 20.138 0.124
6133.70493 20.713 0.235
6133.75358 20.316 0.166
6134.51983 19.952 0.147
6134.56294 19.907 0.172
6134.60641 20.364 0.237
6134.67326 20.248 0.177
6135.50371 20.108 0.162
6135.54542 20.305 0.220
6135.60574 19.998 0.133
6135.67267 20.599 0.246
6135.72523 20.851 0.242
6135.76718 20.626 0.215
6135.80867 19.949 0.145
6136.59524 19.956 0.176
6136.62140 21.638 0.870
6136.65188 20.289 0.230
6136.73010 20.554 0.364
6140.50600 19.824 0.156
6140.55434 19.995 0.168
6140.60735 20.729 0.358
6140.64521 20.160 0.213
6140.68436 20.493 0.270
6140.72752 21.531 0.946
6141.49363 20.265 0.182
6141.53130 20.337 0.185
6141.57957 20.573 0.267
6141.62913 20.385 0.203
6141.66679 20.163 0.150
6141.70771 20.277 0.187
6141.74625 20.106 0.158
6141.78272 21.052 0.475
6142.53487 20.607 0.305
6142.57738 20.512 0.341
6142.68403 20.368 0.311
6143.71781 20.761 0.401
6147.50472 21.216 0.460
6147.56518 20.604 0.224
6147.60739 20.310 0.218
6147.64868 20.390 0.214
6147.70253 20.613 0.293
6148.49671 20.161 0.107
6148.53490 20.425 0.126
6148.59490 20.341 0.139
6148.63871 20.077 0.090
6148.68062 20.841 0.205
6149.55993 20.229 0.152
6149.60523 20.207 0.156
6150.48298 20.184 0.206
6150.53595 20.255 0.160
6150.58830 20.436 0.219
6150.63848 20.390 0.168
6150.67839 20.219 0.157
6151.53980 20.717 0.346
6151.58090 20.615 0.229
6151.62131 20.719 0.258
6151.66081 20.237 0.156
6151.70221 20.090 0.176
6151.74030 20.604 0.228
6152.51151 20.674 0.229
6152.54985 19.842 0.101
6152.60450 20.025 0.109
6152.65448 20.386 0.143
6153.69330 20.704 0.277
6154.50008 20.363 0.168
6154.54008 20.542 0.193
6154.60938 20.981 0.318
6154.69280 20.490 0.206
6157.64766 20.079 0.161
6157.69099 20.421 0.226
6158.48786 20.592 0.173
6158.53829 20.696 0.176
6158.58877 20.452 0.169
6158.63061 20.566 0.178
6158.67004 20.394 0.179
6158.70949 20.233 0.134
6159.49534 20.490 0.246
6159.55035 21.109 0.365
6159.59126 20.181 0.148
6159.66231 21.207 0.418
6160.51911 20.588 0.175
6160.59091 20.359 0.132
6160.63246 20.141 0.125
6160.67257 19.904 0.111
6160.72541 20.375 0.181
6161.51495 20.720 0.337
6161.55642 20.462 0.222
6161.60709 20.097 0.143
6161.67958 20.326 0.223
6164.49238 20.159 0.127
6164.55538 20.325 0.210
6164.59410 20.500 0.229
6164.65118 20.611 0.257
6164.70463 20.221 0.309
6167.53673 20.455 0.304
6167.58686 20.706 0.438
6167.63933 20.773 0.440
6167.68178 20.215 0.311
6168.53884 20.674 0.181
6168.60346 20.476 0.164
6168.65981 21.092 0.299
6168.69722 20.197 0.158
6168.70440 20.082 0.150
6169.53094 20.201 0.158
6169.58134 20.358 0.152
6169.62179 19.915 0.121
6169.66164 20.513 0.212
6169.69941 20.551 0.325
6171.53515 19.980 0.109
6171.58418 20.296 0.163
6171.62583 20.197 0.169
6171.67292 20.431 0.235
6172.49410 20.372 0.096
6172.54541 20.422 0.142
6172.59445 20.427 0.146
6172.63435 20.796 0.209
6172.67636 20.443 0.246
6174.60012 20.686 0.359
6174.63398 19.817 0.165
6175.49723 20.101 0.116
6175.54558 20.612 0.186
6175.58386 20.061 0.130
6175.62220 20.102 0.153
6175.66870 21.092 0.436
6179.50000 20.120 0.193
6179.55892 20.658 0.268
6179.60067 21.316 0.577
6179.64149 20.252 0.222
6180.48740 20.385 0.341
6180.54684 19.052 0.063
6180.58469 18.844 0.061
6180.62584 18.785 0.052
6180.66122 18.765 0.060
6181.49182 19.216 0.064
6181.54584 18.983 0.043
6181.58754 18.972 0.042
6181.62661 19.047 0.052
6182.49220 20.005 0.122
6182.54709 19.915 0.109
6182.59529 19.814 0.092
6182.64041 19.717 0.127
6183.48933 20.042 0.173
6183.59232 20.269 0.131
6183.63141 19.660 0.084
6184.52719 20.016 0.095
6184.58566 19.995 0.093
6184.63147 20.443 0.173
6185.49404 20.082 0.096
6185.55289 20.273 0.115
6185.59221 20.114 0.109
6185.64254 19.661 0.104
6186.50685 20.411 0.234
6186.56390 20.332 0.195
6186.60959 20.473 0.204
6190.50386 20.264 0.176
6190.56077 20.236 0.124
6190.60125 20.346 0.149
6191.50079 20.486 0.252
6191.55657 20.515 0.209
6191.59929 20.013 0.136
6191.64253 20.080 0.137
6195.51789 20.415 0.169
6195.55853 20.257 0.156
6195.59721 20.047 0.124
6195.63505 20.286 0.192
6196.51698 19.957 0.143
6196.55555 20.445 0.221
6196.59631 21.217 0.498
6196.63212 20.655 0.334
6197.51866 20.125 0.161
6197.55730 21.292 0.522
6197.59805 20.039 0.192
6198.56370 20.500 0.268
6199.52771 19.790 0.155
6200.59710 20.216 0.275
6200.62024 19.887 0.184
6201.54457 20.622 0.349
6202.57682 20.164 0.247
6203.51642 19.965 0.152
6203.56720 19.905 0.152
6203.60787 20.924 0.576
6204.52068 20.060 0.136
6204.55931 21.347 0.478
6204.59713 20.460 0.228
6205.50061 20.540 0.220
6205.54355 20.076 0.111
6205.58162 20.385 0.168
6208.51319 19.972 0.141
6209.57699 20.361 0.260
6210.51454 20.014 0.123
6210.55271 19.846 0.112
6210.59184 19.960 0.145
6211.51611 19.981 0.106
6211.55831 20.217 0.137
6211.59674 20.795 0.335
6212.51550 20.168 0.142
6212.55430 20.499 0.197
6213.49052 21.552 0.739
6213.53067 20.490 0.189
6213.56917 20.027 0.178
6214.52352 20.998 0.405
6214.55914 20.173 0.190
6215.53499 21.268 0.678
6216.52626 20.173 0.153
6216.56512 20.828 0.269
6217.52084 20.331 0.142
6217.55892 20.422 0.159
6218.49579 20.238 0.173
6218.53426 20.372 0.279
6218.57244 20.577 0.304
6219.52861 20.271 0.158
6219.56727 21.130 0.503
6223.50915 20.568 0.316
6223.56015 20.979 0.488
6224.49617 19.974 0.233
6226.49933 19.449 0.113
6227.51558 19.858 0.153
6231.51852 20.355 0.289
6233.49943 19.510 0.173
6233.54899 20.356 0.244
6238.53404 20.052 0.206
6242.51164 19.911 0.228
6326.88207 19.776 0.209
6329.88112 20.706 0.397
6334.87640 20.446 0.180
6335.85670 20.664 0.307
6337.86779 20.534 0.249
6338.84630 19.854 0.128
6338.88989 19.899 0.129
6339.87262 20.442 0.167
6340.85244 20.749 0.225
6340.88276 20.187 0.128
6341.89118 21.233 0.501
6343.85548 20.134 0.176
6343.89102 20.260 0.193
6344.85473 20.347 0.139
6344.89828 20.080 0.217
6345.86349 20.996 0.276
6347.82677 21.101 0.391
6347.86673 20.234 0.140
6348.81880 20.232 0.171
6348.86031 20.128 0.126
6349.83020 19.665 0.111
6349.86576 20.492 0.219
6350.81937 20.245 0.194
6350.86585 19.835 0.124
6351.81797 20.242 0.209
6351.86628 20.208 0.178
6352.81573 19.854 0.114
6352.86215 20.151 0.117
6353.79693 19.847 0.113
6353.83753 20.262 0.150
6353.89357 20.295 0.139
6354.87025 20.004 0.115
6355.85539 20.245 0.195
6358.82579 20.349 0.143
6358.87022 20.954 0.263
6360.79223 20.319 0.121
6360.82962 20.072 0.085
6360.87722 20.795 0.201
6361.81525 20.381 0.147
6361.85258 20.806 0.212
6361.89571 20.126 0.148
6362.80064 20.242 0.185
6362.83803 20.175 0.120
6362.88936 20.387 0.155
6363.80698 19.806 0.105
6363.86195 20.134 0.120
6367.81721 20.521 0.145
6367.86557 20.427 0.122
6367.90400 20.127 0.093
6368.80228 20.119 0.123
6368.85539 20.329 0.119
6368.89544 19.836 0.081
6369.78294 20.619 0.221
6369.82254 20.081 0.102
6369.87745 20.488 0.141
6370.76782 19.879 0.098
6370.81260 20.508 0.146
6370.85592 20.311 0.150
6370.89520 20.177 0.107
6371.77725 20.286 0.130
6371.82625 20.169 0.110
6371.86502 20.503 0.134
6371.90845 20.285 0.126
6372.76999 20.543 0.178
6372.81871 20.049 0.096
6372.85856 20.150 0.105
6372.90118 20.006 0.096
6373.77009 21.054 0.439
6373.82428 20.400 0.143
6373.86373 19.843 0.096
6373.90333 20.274 0.148
6374.76914 20.685 0.270
6374.81867 20.314 0.136
6374.85905 20.491 0.161
6374.89992 19.884 0.086
6375.76680 20.525 0.168
6375.81565 20.594 0.158
6375.83392 20.304 0.132
6375.87396 20.339 0.118
6375.91464 20.309 0.131
6376.77759 20.296 0.154
6376.82996 20.165 0.104
6376.86912 20.191 0.113
6376.91171 20.536 0.143
6377.79213 20.172 0.111
6377.84187 20.406 0.122
6377.88269 20.297 0.095
6378.74929 20.121 0.158
6378.78843 20.165 0.125
6378.83714 20.153 0.101
6378.87848 20.462 0.126
6378.91825 20.673 0.198
6379.77306 19.971 0.120
6379.82224 20.258 0.137
6379.86176 20.200 0.129
6379.90757 20.293 0.113
6380.76272 20.434 0.150
6380.80116 20.614 0.171
6380.82475 20.208 0.127
6380.86547 20.443 0.142
6380.91148 20.281 0.117
6381.77038 20.527 0.190
6381.81949 20.397 0.130
6381.85826 20.272 0.100
6381.89816 20.027 0.089
6382.76480 21.330 0.570
6382.80319 20.238 0.159
6382.84239 20.056 0.132
6382.88307 20.346 0.183
6386.80891 20.269 0.143
6386.85521 19.889 0.099
6386.90640 19.995 0.141
6387.72871 21.319 0.519
6387.77084 20.039 0.098
6387.81517 20.513 0.167
6387.85414 20.284 0.121
6387.89589 20.660 0.222
6388.73076 20.507 0.215
6388.79325 20.567 0.175
6388.83240 20.302 0.120
6388.90639 20.003 0.094
6389.72908 20.216 0.189
6389.77008 20.628 0.207
6389.81131 20.631 0.179
6389.84978 20.227 0.135
6389.88931 20.297 0.134
6390.71406 20.484 0.209
6390.75416 20.119 0.119
6390.79600 19.954 0.097
6390.84045 20.096 0.106
6390.88534 20.279 0.118
6390.92589 20.369 0.248
6391.73049 19.678 0.116
6391.78150 19.882 0.147
6391.82141 20.008 0.139
6391.87432 21.637 0.622
6393.71878 20.282 0.173
6393.76464 19.855 0.111
6393.80390 20.381 0.172
6393.85627 20.536 0.167
6393.89957 20.683 0.233
6394.71910 19.077 0.074
6394.77173 18.567 0.040
6394.81919 18.546 0.038
6394.85827 18.625 0.031
6394.92292 18.512 0.032
6395.72280 18.785 0.037
6395.77141 18.814 0.033
6395.82107 18.688 0.026
6395.86009 18.809 0.027
6395.90412 18.788 0.029
6396.70828 19.166 0.050
6396.75516 19.246 0.039
6396.80495 19.326 0.042
6396.84765 19.484 0.046
6396.88864 19.472 0.055
6396.92821 19.468 0.085
6397.72131 19.904 0.087
6397.77213 19.879 0.073
6397.82103 20.143 0.094
6397.85890 20.101 0.093
6397.89762 19.902 0.078
6398.68980 19.703 0.091
6398.72874 20.177 0.104
6398.79055 20.187 0.111
6398.82856 20.185 0.109
6398.86890 20.187 0.125
6398.90955 20.024 0.102
6399.69562 19.985 0.125
6399.73443 19.943 0.120
6399.78328 20.131 0.104
6399.83111 19.973 0.098
6399.86968 20.076 0.117
6400.68184 19.918 0.131
6400.73050 20.511 0.181
6400.79509 20.077 0.110
6400.85095 20.119 0.113
6400.89889 20.350 0.140
6401.69969 19.943 0.137
6401.74381 20.176 0.113
6401.78542 20.078 0.105
6401.83271 20.449 0.137
6401.87441 20.098 0.092
6401.91276 20.531 0.142
6402.70603 21.048 0.369
6402.74389 20.001 0.145
6402.79106 20.199 0.158
6402.83977 20.381 0.192
6402.87981 20.279 0.154
6402.92149 19.831 0.178
6403.70943 20.123 0.103
6403.74701 20.134 0.108
6403.78631 20.190 0.094
6403.83326 20.118 0.092
6403.87317 20.329 0.127
6403.92988 19.998 0.128
6404.72910 20.422 0.153
6404.76853 21.217 0.331
6404.81776 20.269 0.123
6404.85691 20.469 0.141
6404.90575 21.018 0.302
6405.81317 20.569 0.247
6405.86074 20.790 0.172
6405.90282 20.109 0.089
6406.76030 19.757 0.115
6406.82118 20.246 0.215
6406.87644 20.334 0.215
6406.92263 20.498 0.143
6407.70035 19.922 0.175
6407.73817 19.944 0.140
6407.77637 20.124 0.120
6407.81584 20.494 0.197
6407.86574 20.145 0.136
6407.91392 20.180 0.151
6408.72815 20.159 0.414
6408.76902 20.290 0.223
6408.80888 20.246 0.183
6409.78406 20.460 0.281
6409.82785 19.569 0.113
6409.88364 20.578 0.268
6409.92178 19.763 0.105
6415.70707 18.864 0.071
6415.76210 18.705 0.040
6415.80274 18.982 0.067
6415.84614 18.815 0.067
6415.90405 18.668 0.033
6416.64436 18.735 0.046
6416.68910 18.768 0.053
6416.75239 18.751 0.031
6416.79055 18.724 0.028
6416.84089 18.668 0.030
6416.90604 18.723 0.029
6417.67732 18.858 0.064
6417.71480 18.496 0.034
6417.75300 18.530 0.035
6417.79988 18.833 0.042
6417.84067 18.768 0.040
6417.88865 18.801 0.041
6417.92805 18.858 0.042
6418.66050 18.738 0.040
6418.69806 18.971 0.048
6418.73556 18.843 0.039
6418.77315 19.029 0.041
6418.82178 18.820 0.033
6418.86219 18.876 0.034
6418.90953 18.963 0.040
6419.65866 19.072 0.073
6419.70938 19.066 0.045
6419.74743 18.923 0.037
6419.78632 19.154 0.053
6419.83752 18.857 0.040
6419.88514 18.904 0.039
6419.92316 18.954 0.038
6420.65157 19.156 0.049
6420.68917 19.211 0.044
6420.72702 19.106 0.039
6420.76290 19.102 0.037
6420.82250 19.069 0.036
6420.86136 19.027 0.036
6420.91034 19.124 0.040
6421.79077 19.801 0.087
6421.83148 19.506 0.060
6421.89005 19.772 0.112
6422.68292 20.077 0.117
6422.73514 20.215 0.119
6422.77299 19.899 0.078
6422.88457 19.434 0.114
6423.64514 19.793 0.112
6423.69284 19.814 0.103
6423.75005 20.337 0.175
6423.81413 19.899 0.088
6423.85265 20.235 0.134
6423.89133 20.700 0.213
6423.92935 20.064 0.136
6424.65287 19.821 0.098
6424.69334 20.010 0.104
6424.75268 20.236 0.114
6424.80294 19.924 0.076
6424.84701 19.927 0.095
6424.88849 19.710 0.080
6424.94135 20.478 0.272
6426.64089 20.141 0.132
6426.68156 19.847 0.091
6426.77678 20.130 0.112
6426.84008 20.096 0.099
6426.88119 20.275 0.149
6426.92195 20.258 0.127
6427.72391 20.040 0.112
6427.88465 20.833 0.268
6428.64315 19.829 0.152
6428.69260 19.863 0.126
6428.73410 20.350 0.175
6428.78466 19.938 0.105
6428.83861 20.452 0.184
6428.88118 20.051 0.124
6428.92153 20.398 0.227
6431.63499 20.931 0.560
6431.68169 20.412 0.264
6431.73222 20.438 0.166
6431.78379 20.230 0.132
6431.82599 20.474 0.155
6431.86629 20.016 0.115
6431.90700 20.495 0.252
6432.64118 19.870 0.114
6432.66336 20.193 0.171
6432.70631 20.004 0.106
6432.76565 20.014 0.106
6432.80754 20.076 0.113
6432.84758 20.130 0.116
6432.88831 19.947 0.152
6432.92881 20.332 0.165
6433.61183 20.421 0.292
6433.65229 20.263 0.199
6433.69293 19.892 0.128
6433.74281 19.940 0.127
6433.79439 21.005 0.460
6433.84695 21.269 0.305
6434.60344 20.248 0.283
6434.64222 20.210 0.243
6434.68427 20.363 0.205
6434.73371 20.146 0.139
6434.78459 20.239 0.129
6434.82682 19.864 0.117
6434.86703 19.876 0.094
6434.94068 20.662 0.390
6435.63077 19.835 0.130
6435.67283 20.076 0.130
6435.71504 19.913 0.098
6435.77487 20.233 0.114
6435.81729 20.389 0.157
6435.86073 20.104 0.122
6435.90399 20.075 0.109
6435.94410 20.229 0.220
6436.61682 20.085 0.163
6436.65971 20.387 0.204
6436.70175 20.255 0.136
6436.75401 19.878 0.105
6436.80782 20.726 0.248
6436.84921 20.201 0.145
6436.89101 20.518 0.196
6436.93295 20.524 0.240
6437.72341 20.838 0.521
6437.82760 20.226 0.251
6437.86339 19.640 0.134
6437.90533 20.017 0.216
6437.94582 20.808 0.731
6441.64061 20.119 0.284
6441.72437 20.036 0.163
6441.77636 20.066 0.173
6441.82925 19.801 0.132
6441.87270 20.952 0.411
6441.91424 19.975 0.225
6442.57247 20.097 0.123
6442.60931 20.339 0.150
6442.64934 19.956 0.104
6442.68941 20.335 0.139
6442.75093 20.134 0.096
6442.79323 20.471 0.132
6442.83361 20.233 0.115
6442.87344 20.145 0.110
6442.91325 20.114 0.137
6443.59150 19.692 0.145
6443.67045 20.306 0.185
6443.75269 20.369 0.189
6443.82147 20.839 0.425
6444.68970 20.324 0.293
6444.75933 20.232 0.145
6444.81249 20.092 0.123
6444.85336 20.273 0.136
6444.89516 19.841 0.106
6444.94556 20.966 0.536
6445.61391 20.836 0.310
6445.65852 20.230 0.132
6445.71558 20.714 0.212
6445.76293 20.123 0.119
6445.81993 20.772 0.224
6445.86520 20.023 0.183
6445.91278 19.846 0.138
6446.56078 20.211 0.130
6446.60359 20.187 0.119
6446.64598 20.268 0.125
6446.69562 20.397 0.123
6446.75097 20.563 0.147
6446.79362 20.109 0.090
6446.83574 20.264 0.103
6446.90182 20.241 0.147
6446.94235 20.327 0.196
6447.58088 20.066 0.134
6447.62014 20.267 0.145
6447.65989 20.430 0.161
6447.71014 20.746 0.202
6447.76533 20.632 0.179
6447.80715 20.070 0.101
6447.84722 20.356 0.147
6447.88774 20.387 0.132
6447.92838 19.961 0.109
6448.56812 20.278 0.213
6448.60992 19.905 0.106
6448.65027 19.998 0.129
6448.69141 20.209 0.152
6448.75164 20.380 0.111
6448.79430 20.598 0.157
6448.83618 20.321 0.140
6448.87682 20.297 0.205
6448.91909 20.090 0.203
6449.56660 20.751 0.264
6449.60995 20.574 0.194
6449.65320 20.962 0.326
6449.69348 20.532 0.164
6449.74537 20.192 0.142
6449.79559 20.322 0.156
6449.83690 20.891 0.241
6449.87740 20.898 0.287
6449.92034 20.803 0.407
6450.56046 20.348 0.203
6450.60317 19.778 0.096
6450.64580 20.389 0.135
6450.69556 20.134 0.099
6450.74589 20.111 0.091
6450.78695 20.130 0.105
6450.82800 20.182 0.114
6450.87365 20.249 0.136
6450.91747 20.758 0.247
6451.56320 20.006 0.157
6451.60865 20.280 0.169
6451.64909 20.006 0.120
6451.69159 20.805 0.211
6451.75301 19.953 0.113
6451.79379 20.737 0.210
6451.83453 20.706 0.204
6451.87524 20.138 0.140
6451.91763 19.946 0.151
6452.57032 19.897 0.111
6452.61302 20.275 0.107
6452.65378 20.547 0.140
6452.70886 20.250 0.104
6452.80565 20.469 0.111
6452.84820 20.485 0.125
6452.88948 20.125 0.127
6454.54950 20.241 0.193
6454.58022 20.075 0.132
6454.62278 20.141 0.126
6454.66326 20.591 0.212
6454.71402 20.332 0.116
6454.76648 20.415 0.145
6454.84809 20.394 0.186
6454.88915 19.964 0.117
6455.54391 20.256 0.155
6455.57997 20.355 0.159
6455.68619 20.822 0.287
6455.78516 20.251 0.168
6456.54796 20.041 0.120
6456.58889 20.172 0.083
6456.63002 20.297 0.105
6456.68122 20.168 0.079
6456.73370 20.185 0.092
6456.77519 20.574 0.152
6456.81584 20.152 0.114
6456.89175 20.811 0.207
6457.69922 20.411 0.134
6457.76208 19.996 0.087
6457.80321 20.388 0.131
6457.84461 20.433 0.158
6457.88510 20.083 0.135
6458.54649 20.848 0.328
6458.58657 21.614 0.662
6458.62827 19.937 0.144
6458.66888 20.015 0.113
6458.72030 20.932 0.321
6458.77159 20.190 0.117
6458.81266 20.203 0.110
6458.85346 20.328 0.173
6458.89803 21.532 0.583
6459.54051 19.915 0.145
6459.57992 19.930 0.110
6459.62283 20.649 0.200
6459.66489 20.324 0.122
6459.72977 20.352 0.115
6459.77165 20.411 0.129
6459.81263 20.284 0.132
6459.85374 20.173 0.120
6459.89442 20.874 0.305
6460.59263 20.362 0.175
6460.64342 20.004 0.116
6460.71777 19.930 0.096
6460.79238 20.147 0.138
6460.88889 20.299 0.162
6461.56870 19.994 0.110
6461.61041 19.971 0.115
6461.65197 19.899 0.112
6461.70086 20.155 0.152
6461.76933 20.386 0.139
6461.82220 20.218 0.139
6461.87346 20.083 0.118
6462.60849 20.475 0.299
6462.65056 20.037 0.118
6462.70235 20.278 0.175
6462.82958 20.484 0.192
6462.87053 20.039 0.149
6463.52297 21.442 0.797
6463.56446 19.958 0.134
6463.60360 20.723 0.303
6463.64482 20.183 0.154
6463.69935 20.138 0.129
6463.75360 20.537 0.192
6463.79494 20.362 0.167
6463.83612 20.286 0.151
6463.88033 20.155 0.158
6464.57287 19.873 0.177
6464.61238 20.379 0.226
6464.65280 20.720 0.290
6464.69964 20.438 0.171
6464.75263 20.095 0.147
6464.80349 20.196 0.176
6464.84515 20.220 0.187
6464.88759 20.017 0.153
6468.55921 19.978 0.157
6468.60020 21.287 0.489
6468.64116 20.459 0.232
6468.71034 20.583 0.270
6468.75430 20.322 0.193
6468.81409 20.146 0.176
6469.54198 19.713 0.114
6469.58241 20.781 0.301
6469.62251 20.773 0.238
6469.68595 19.972 0.121
6469.72956 20.162 0.133
6469.76988 20.413 0.158
6469.84276 19.481 0.137
6471.60645 20.940 0.384
6471.64800 20.517 0.249
6471.78092 19.524 0.183
6471.85129 19.367 0.154
6472.60489 20.340 0.236
6472.64391 20.503 0.245
6472.69650 20.714 0.221
6472.74830 20.302 0.156
6472.78889 20.099 0.143
6472.82952 19.778 0.163
6473.54923 19.977 0.140
6473.59150 20.077 0.117
6473.63185 20.141 0.095
6473.68373 20.373 0.151
6473.73477 20.438 0.149
6473.77581 20.158 0.134
6473.81622 20.270 0.159
6473.85684 20.573 0.290
6474.49382 20.986 0.471
6474.53834 20.344 0.243
6474.57853 21.135 0.384
6474.62386 20.099 0.169
6474.66457 20.133 0.128
6474.71941 20.484 0.183
6474.76921 20.243 0.152
6474.80954 20.485 0.243
6474.84976 20.911 0.370
6475.48550 20.019 0.181
6475.52736 19.999 0.134
6475.57042 19.781 0.131
6475.63161 20.314 0.140
6475.68267 20.171 0.127
6475.73185 20.317 0.151
6475.77216 20.187 0.139
6475.81424 20.068 0.145
6475.85711 20.312 0.235
6476.49836 20.453 0.264
6476.53908 20.481 0.218
6476.57990 20.891 0.312
6476.62131 20.391 0.162
6476.68677 20.264 0.148
6476.72761 20.213 0.152
6476.76839 20.319 0.158
6476.80891 21.233 0.368
6477.53242 20.108 0.136
6477.57357 20.803 0.252
6477.61427 20.137 0.147
6477.68011 20.646 0.228
6477.72086 20.210 0.135
6477.76139 21.041 0.394
6477.80251 20.079 0.184
6478.52994 21.152 0.395
6478.57022 19.932 0.130
6478.61042 20.267 0.139
6478.66601 20.390 0.202
6479.56472 20.313 0.185
6479.60564 20.498 0.177
6479.64733 20.439 0.152
6479.70179 20.272 0.182
6479.75968 19.886 0.120
6479.82435 20.631 0.298
6479.85174 20.192 0.228
6480.56177 20.120 0.150
6480.60237 20.368 0.211
6480.65329 20.127 0.112
6480.70523 20.115 0.155
6480.74566 20.227 0.154
6480.78613 19.511 0.080
6480.82787 20.096 0.207
6481.49918 20.104 0.177
6481.54049 20.281 0.145
6481.58407 20.179 0.150
6481.64191 20.255 0.171
6481.74259 19.865 0.118
6481.78513 20.319 0.185
6481.82755 21.192 0.536
6482.80207 20.683 0.387
6483.61136 20.162 0.113
6483.81376 19.477 0.095
6484.49352 19.769 0.114
6484.53400 21.388 0.540
6485.46698 20.045 0.189
6485.51270 20.139 0.148
6485.55947 20.530 0.204
6485.63814 20.457 0.147
6485.70127 20.019 0.095
6485.74408 20.043 0.092
6485.79015 20.225 0.144
6486.47058 20.068 0.167
6486.51306 19.924 0.110
6486.55939 20.520 0.185
6486.60469 20.093 0.124
6486.67052 20.318 0.135
6486.72339 20.239 0.155
6486.76777 20.312 0.134
6486.81050 20.443 0.162
6487.46879 20.819 0.257
6487.51292 20.145 0.122
6487.55905 19.926 0.092
6487.60021 20.296 0.108
6487.67296 20.519 0.133
6487.71377 20.227 0.097
6487.75746 20.286 0.115
6487.80275 20.096 0.103
6490.48218 20.229 0.180
6490.52312 20.592 0.194
6490.56377 20.166 0.136
6490.62178 20.914 0.259
6490.66904 20.848 0.233
6490.70974 20.246 0.122
6490.75047 20.372 0.155
6491.46999 20.003 0.165
6491.51303 20.422 0.211
6491.55800 20.811 0.279
6491.61827 21.095 0.389
6491.68996 20.472 0.172
6491.73189 20.423 0.154
6491.77419 20.282 0.165
6491.81807 21.379 0.622
6492.50201 19.819 0.144
6492.54850 20.804 0.280
6492.59880 20.122 0.146
6492.66371 20.495 0.272
6492.70252 20.148 0.160
6492.73560 19.897 0.141
6492.77937 20.256 0.236
6496.48724 20.220 0.254
6496.52771 20.313 0.248
6496.56769 20.485 0.287
6496.62828 20.074 0.213
6497.58222 19.745 0.136
6497.63467 20.208 0.187
6497.68523 19.935 0.149
6497.72637 19.956 0.145
6497.76711 20.569 0.266
6498.46793 20.085 0.120
6498.51151 20.197 0.112
6498.55642 20.784 0.182
6498.60055 20.366 0.128
6498.64805 19.984 0.131
6498.69095 20.200 0.155
6498.73428 20.035 0.107
6498.77983 20.718 0.272
6499.48215 20.001 0.133
6499.52584 20.634 0.184
6499.56870 20.202 0.116
6500.53798 20.317 0.240
6500.60190 20.220 0.240
6500.67941 20.374 0.212
6500.73045 20.600 0.255
6501.55802 19.975 0.136
6501.61865 20.200 0.122
6501.66409 19.852 0.092
6501.70649 20.101 0.116
6501.74943 21.307 0.498
6501.78787 21.358 0.698
6504.63930 20.302 0.175
6504.68156 20.262 0.140
6504.72403 19.974 0.132
6505.47555 20.809 0.359
6505.53534 20.816 0.272
6505.57990 20.111 0.158
6505.65128 21.087 0.322
6505.69221 20.406 0.177
6505.73510 21.091 0.406
6505.77746 21.307 0.657
6506.56870 20.292 0.201
6506.64910 19.603 0.106
6506.70995 20.046 0.166
6506.75183 19.932 0.145
6507.63999 20.384 0.207
6507.70897 20.095 0.224
6507.75997 20.387 0.330
6508.51837 20.030 0.121
6508.56972 20.442 0.208
6508.61785 20.325 0.126
6508.65996 20.365 0.134
6508.70158 20.099 0.108
6508.76148 20.408 0.143
6509.52297 20.045 0.098
6509.58369 20.183 0.095
6509.62543 20.567 0.136
6509.66711 20.306 0.124
6509.70843 21.615 0.460
6509.75104 20.642 0.253
6510.48945 20.160 0.115
6510.55221 20.736 0.191
6510.59914 20.351 0.112
6510.64172 20.213 0.106
6510.71162 21.546 0.520
6510.75559 21.688 0.897
6511.52176 20.121 0.145
6511.60024 20.476 0.185
6511.65495 20.958 0.253
6511.70469 20.146 0.131
6511.75747 19.886 0.122
6514.52050 20.102 0.168
6514.59319 20.454 0.145
6514.65869 20.618 0.172
6514.71386 20.832 0.207
6515.47734 20.401 0.139
6515.54518 20.381 0.141
6515.61086 20.456 0.138
6515.67472 20.485 0.146
6515.75390 20.280 0.157
6516.52039 20.849 0.346
6516.60272 20.696 0.206
6516.65458 19.910 0.112
6518.49018 20.227 0.141
6518.56212 20.309 0.118
6519.49592 19.937 0.098
6519.56828 20.404 0.155
6519.61676 20.113 0.112
6519.66827 20.828 0.232
6519.71567 20.035 0.134
6523.50405 20.141 0.143
6523.54237 20.133 0.131
6523.57837 20.347 0.150
6523.61745 20.615 0.234
6523.65809 20.761 0.298
6523.69948 20.125 0.219
6524.52092 20.142 0.126
6524.56962 20.262 0.140
6524.61776 20.332 0.165
6524.66636 20.554 0.245
6525.52370 18.690 0.048
6525.57162 18.667 0.048
6525.62375 18.755 0.060
6525.67396 18.801 0.070
6526.66539 19.144 0.070
6526.69613 19.178 0.077
6527.62682 19.720 0.175
6529.55415 20.202 0.202
6529.59729 20.311 0.197
6529.63987 20.681 0.277
6531.50681 19.925 0.119
6531.58275 20.242 0.141
6531.63030 20.319 0.171
6531.67834 20.315 0.165
6532.50839 20.071 0.134
6532.61240 20.306 0.146
6532.67377 20.220 0.187
6533.52390 20.918 0.321
6533.59443 20.093 0.129
6533.65553 20.631 0.222
6534.54755 20.445 0.167
6534.59840 20.376 0.163
6534.63865 20.354 0.188
6535.53282 19.998 0.175
6536.47775 19.981 0.170
6536.56959 20.272 0.107
6536.62008 20.466 0.175
6538.51603 20.012 0.103
6538.56870 20.024 0.118
6538.61111 20.546 0.212
6539.51816 20.135 0.116
6539.56403 20.285 0.168
6539.62190 20.148 0.135
6541.51399 20.372 0.161
6541.57379 19.945 0.089
6541.61945 20.112 0.091
6543.53160 20.824 0.244
6543.58308 19.726 0.094
6543.62742 19.867 0.117
6544.51894 19.900 0.102
6544.56954 20.094 0.145
6545.48143 19.818 0.102
6545.52696 20.492 0.140
6545.57205 20.815 0.238
6545.61795 20.101 0.112
6546.48938 20.232 0.206
6546.55711 19.925 0.186
6546.60931 21.080 0.414
6547.56858 20.554 0.306
6547.61571 19.972 0.225
6551.56283 21.187 0.620
6552.55464 20.174 0.212
6553.58757 19.958 0.251
6555.58594 19.666 0.110
6555.63751 19.961 0.190
6556.64852 20.299 0.238
6558.52624 20.428 0.146
6558.56680 20.673 0.209
6558.61974 19.796 0.130
6559.51210 20.280 0.207
6559.56589 20.598 0.212
6559.61897 20.090 0.175
6560.52653 19.959 0.111
6560.57019 20.738 0.247
6560.62601 20.537 0.280
6561.53060 20.669 0.263
6561.57099 20.633 0.250
6562.52944 21.272 0.428
6562.57655 20.062 0.121
6562.62003 20.452 0.188
6563.54525 20.086 0.192
6563.59122 21.342 0.488
6563.62875 19.646 0.126
6564.52416 19.881 0.131
6564.56570 20.546 0.229
6565.49281 20.083 0.165
6565.53691 19.932 0.138
6565.59091 20.487 0.205
6567.53392 20.912 0.425
6567.57608 20.812 0.375
6568.52987 19.735 0.159
6568.57067 20.445 0.219
6568.61355 20.604 0.278
6569.52109 20.168 0.110
6569.56206 20.909 0.250
6569.60319 20.687 0.268
6571.48624 19.890 0.183
6571.54694 20.568 0.267
6571.59613 20.772 0.329
6572.51944 20.611 0.306
6572.57809 20.340 0.208
6573.50000 20.180 0.158
6573.54070 20.335 0.166
6573.58738 20.840 0.297
6577.52390 20.187 0.336
6578.50645 20.506 0.272
6578.56144 20.842 0.372
6579.54544 20.239 0.220
6580.50343 20.176 0.246
6581.50492 19.777 0.114
6581.56179 19.985 0.162
6582.51659 20.844 0.358
6582.56899 20.406 0.222
6583.52747 20.523 0.367
6583.56480 21.453 1.068
6585.52352 20.746 0.388
6585.56138 21.117 0.596
6590.52246 21.247 0.660
6590.54360 20.040 0.173
6593.49825 20.816 0.420
6593.51114 20.692 0.324
6595.52027 20.295 0.224
