2127.49565 20.191 0.245
2130.52846 21.552 0.512
2133.54262 21.149 0.350
2136.66381 20.884 0.358
2141.65460 20.957 0.497
2165.57705 20.320 0.236
2171.64410 20.666 0.302
2179.53444 20.513 0.301
2189.52945 20.826 0.491
2212.55423 21.675 1.094
2214.51151 20.619 0.469
2337.84145 20.587 0.242
2352.85895 20.314 0.197
2361.85339 20.723 0.315
2373.80823 21.039 0.391
2384.84405 20.441 0.188
2388.84339 20.356 0.165
2390.88173 20.896 0.367
2393.87561 20.758 0.417
2400.82300 20.295 0.159
2402.92970 20.277 0.213
2406.87246 19.950 0.163
2411.73050 20.169 0.157
2415.90578 19.879 0.181
2417.87656 20.435 0.221
2425.90846 20.378 0.383
2428.88663 20.257 0.233
2436.85190 20.727 0.286
2438.83573 20.205 0.171
2448.74151 19.690 0.251
2454.76825 20.619 0.370
2460.73548 19.771 0.158
2463.61888 19.206 0.059
2466.59210 20.321 0.155
2468.77661 20.107 0.154
2470.76057 20.535 0.215
2481.63307 19.921 0.207
2484.69524 20.279 0.220
2496.56174 20.033 0.099
2498.59980 20.341 0.122
2500.62592 20.516 0.180
2502.64412 20.746 0.303
2510.54368 20.282 0.297
2516.50448 20.328 0.244
2517.55138 21.390 0.698
2520.66012 19.482 0.090
2529.52661 20.451 0.196
2538.57584 20.065 0.206
2542.56481 19.768 0.108
2548.53002 20.672 0.335
2552.56739 20.409 0.300
2557.53164 20.664 0.300
2561.52758 20.662 0.429
2562.48403 21.460 1.343
2563.49391 20.552 0.260
2568.56213 22.360 2.613
2708.87957 21.013 0.368
2719.88576 20.729 0.258
2729.91124 21.238 0.500
2734.88479 19.374 0.074
2747.76893 20.644 0.371
2754.77918 20.430 0.209
2757.84421 20.051 0.166
2763.79735 21.081 0.367
2767.88963 20.564 0.327
2775.79511 20.206 0.258
2776.75000 22.609 2.899
2783.88411 20.322 0.186
2785.75049 20.360 0.221
2788.62996 20.098 0.177
2790.77632 20.411 0.209
2793.70303 20.324 0.223
2795.66295 20.786 0.261
2797.67411 20.610 0.168
2809.79421 20.036 0.166
2811.71467 20.866 0.389
2812.84395 21.413 0.576
2813.88768 20.659 0.307
2815.86846 20.227 0.219
2817.76696 20.303 0.181
2819.67734 20.603 0.203
2821.72652 21.447 0.567
2830.69877 21.000 0.653
2835.70827 20.825 0.305
2837.71870 22.314 2.218
2839.77846 20.680 0.341
2841.79962 20.749 0.302
2843.72693 20.027 0.157
2845.71658 19.904 0.115
2850.61264 19.370 0.067
2852.62393 19.773 0.152
2854.62098 20.602 0.269
2857.52773 20.986 0.349
2858.73999 20.356 0.201
2862.65105 20.899 0.442
2865.63116 20.592 0.215
2868.62744 20.261 0.164
2871.70814 20.952 0.352
2876.70912 19.988 0.150
2879.67446 21.188 0.521
2884.70566 20.452 0.267
2893.58209 20.266 0.174
2895.60942 20.347 0.176
2900.52370 20.442 0.264
2905.65640 20.505 0.363
2911.57765 20.660 0.272
2921.52732 19.433 0.118
2931.57837 20.570 0.266
3052.88814 20.596 0.227
3059.87409 20.192 0.157
3064.88542 20.829 0.325
3068.83848 20.440 0.226
3071.89106 19.596 0.101
3073.90018 19.497 0.085
3077.79032 19.894 0.408
3080.83946 21.277 0.466
3083.78574 21.041 0.275
3085.89759 20.453 0.169
3087.83221 20.518 0.202
3089.84893 20.364 0.139
3091.85000 20.699 0.257
3097.83259 20.298 0.161
3099.85861 21.485 0.661
3101.82789 20.204 0.183
3102.86024 20.751 0.284
3104.77585 19.542 0.187
3106.92243 19.664 0.133
3108.81256 19.369 0.065
3109.92653 19.533 0.114
3110.90241 20.159 0.154
3112.85940 20.604 0.210
3114.85437 20.159 0.142
3116.84198 21.429 0.546
3122.85783 20.570 0.337
3126.81146 20.289 0.158
3127.89749 20.561 0.243
3128.88679 19.780 0.152
3130.76434 20.137 0.201
3131.62966 19.904 0.266
3134.89977 20.784 0.826
3135.78467 20.211 0.159
3137.83662 19.524 0.127
3138.72181 19.547 0.100
3140.69356 20.584 0.213
3140.92737 20.652 0.285
3141.75867 21.065 0.339
3142.83294 20.521 0.216
3144.85089 20.657 0.234
3146.91731 20.235 0.132
3147.93377 20.295 0.208
3151.82491 20.849 0.372
3152.82461 20.611 0.246
3153.82314 20.736 0.324
3154.91702 20.454 0.283
3157.89711 20.981 0.443
3158.70962 20.599 0.394
3162.86093 21.577 0.650
3163.82327 20.289 0.171
3164.80900 21.459 0.506
3164.91645 20.147 0.206
3165.66225 20.462 0.154
3167.67182 20.453 0.274
3168.82211 20.256 0.158
3169.84805 20.140 0.173
3170.87758 20.440 0.165
3171.72383 20.199 0.129
3172.52259 20.341 0.233
3172.61567 20.451 0.155
3172.71308 20.127 0.134
3172.81478 21.426 0.522
3173.70096 20.792 0.327
3173.76190 21.103 0.391
3173.80931 20.812 0.320
3173.82742 20.055 0.153
3174.50662 21.242 0.541
3174.60169 20.469 0.178
3174.77657 20.742 0.247
3175.53540 20.746 0.314
3175.85752 20.342 0.195
3176.53947 21.055 0.575
3176.69324 20.649 0.305
3177.69649 22.131 1.525
3177.79406 20.872 0.481
3177.83316 20.677 0.413
3178.55267 22.501 1.903
3179.57604 20.503 0.192
3179.87786 21.240 0.454
3180.79441 20.763 0.204
3182.85468 21.079 0.375
3183.81047 20.127 0.201
3184.76909 19.961 0.122
3185.62396 19.174 0.054
3193.61924 20.732 0.215
3194.51893 20.323 0.246
3194.80968 20.496 0.195
3195.74280 20.510 0.175
3196.59569 20.469 0.210
3196.83849 20.663 0.260
3197.78419 20.827 0.309
3199.78072 20.449 0.246
3201.82790 20.889 0.340
3202.77527 20.109 0.129
3203.60440 20.486 0.134
3204.75245 20.955 0.281
3205.68278 20.340 0.135
3206.78926 20.237 0.221
3210.56634 20.237 0.231
3211.74628 21.035 0.395
3217.72217 20.955 0.387
3218.77328 20.166 0.299
3223.72223 20.001 0.168
3224.76673 20.350 0.241
3226.71413 19.501 0.132
3228.68774 20.757 0.300
3229.71850 20.700 0.267
3230.73439 20.382 0.196
3231.67917 22.292 1.415
3232.67712 21.086 0.550
3238.68621 20.414 0.236
3240.53539 20.275 0.163
3241.71904 20.646 0.349
3245.64803 20.475 0.269
3247.50933 20.754 0.278
3249.62173 21.350 0.538
3254.60630 22.505 1.667
3257.54428 20.145 0.120
3260.58975 20.670 0.372
3265.54270 21.264 0.478
3267.60095 20.381 0.230
3273.49998 21.981 1.589
3277.51932 20.688 0.322
3280.52020 20.133 0.218
3282.59092 20.994 0.282
3289.52505 20.665 0.334
3294.52033 19.375 0.075
3296.51944 20.146 0.197
3302.51662 20.396 0.326
3418.85924 20.380 0.194
3423.88730 19.613 0.077
3427.84100 20.091 0.177
3430.82643 20.821 0.313
3436.87304 20.314 0.213
3443.84416 20.294 0.124
3445.87263 20.866 0.208
3447.91700 20.815 0.394
3450.79660 20.902 0.225
3453.84001 19.218 0.074
3455.90554 19.183 0.076
3458.87526 19.538 0.085
3459.89046 19.889 0.120
3468.87393 20.619 0.212
3469.87662 20.712 0.185
3472.86155 21.924 0.586
3474.79515 20.534 0.220
3476.77170 20.808 0.198
3478.86709 20.588 0.195
3480.88273 19.922 0.134
3483.81761 20.472 0.181
3496.91098 20.228 0.206
3497.89795 20.449 0.199
3500.90701 20.119 0.164
3502.89125 20.762 0.250
3503.87209 20.336 0.158
3506.93149 20.410 0.199
3508.90884 22.150 1.315
3509.89166 20.674 0.212
3511.91520 20.614 0.210
3512.90508 21.015 0.371
3520.66733 20.927 0.324
3521.79806 20.364 0.182
3522.86571 20.085 0.172
3524.85695 19.799 0.111
3527.64025 19.697 0.102
3527.72571 20.435 0.126
3528.88462 22.189 1.342
3529.92342 20.606 0.210
3530.86293 20.784 0.176
3530.89431 21.611 0.441
3538.85245 20.263 0.175
3541.88661 20.983 0.361
3547.85144 20.973 0.378
3550.82826 20.410 0.183
3551.84026 21.139 0.343
3552.83563 20.179 0.197
3554.83862 19.454 0.124
3556.84669 19.468 0.120
3558.62361 19.414 0.064
3559.63200 19.205 0.054
3560.70840 19.833 0.106
3561.61561 20.572 0.207
3562.66300 20.395 0.171
3563.72768 20.469 0.181
3569.65563 20.269 0.337
3573.78606 20.443 0.257
3574.75829 21.624 0.677
3575.70023 20.763 0.222
3576.76686 20.240 0.194
3578.74131 21.066 0.294
3579.68987 20.416 0.162
3580.73644 20.879 0.357
3581.73939 20.595 0.231
3582.68833 20.332 0.140
3583.70651 20.076 0.135
3584.71045 20.031 0.116
3585.70903 20.263 0.120
3586.76310 20.463 0.162
3589.75258 21.091 0.356
3590.47630 21.848 0.706
3590.56090 20.231 0.141
3590.63980 20.584 0.206
3590.74876 20.070 0.165
3591.48938 20.610 0.196
3591.54463 20.379 0.121
3591.64243 20.690 0.179
3591.73037 20.873 0.246
3591.76513 19.923 0.116
3592.47507 20.611 0.254
3592.54263 20.324 0.138
3592.65952 20.407 0.136
3592.70158 20.532 0.163
3593.46870 21.620 0.614
3593.51878 21.630 0.443
3593.54768 20.919 0.279
3594.50613 20.789 0.335
3594.58876 20.574 0.151
3594.66518 20.472 0.178
3594.74891 20.379 0.206
3602.72532 23.446 4.795
3603.72031 20.340 0.228
3607.70426 20.722 0.308
3608.69694 20.141 0.139
3615.65464 21.670 0.710
3617.61627 21.330 0.506
3619.61338 20.677 0.231
3621.65508 20.353 0.182
3629.53930 20.408 0.179
3631.56816 21.316 0.611
3633.59313 19.194 0.103
3640.52651 20.396 0.220
3644.60236 20.796 0.297
3649.57835 21.078 0.420
3652.55227 20.013 0.195
3656.54506 20.433 0.268
3660.54926 20.288 0.263
3665.53208 20.574 0.300
3670.52218 19.951 0.226
3778.84179 20.702 0.393
3783.88067 21.225 0.321
3785.89164 20.865 0.301
3788.89567 19.980 0.170
3792.88584 21.576 0.450
3794.88497 20.187 0.123
3796.87675 20.379 0.214
3797.87640 20.895 0.243
3800.85744 20.137 0.176
3802.80437 20.390 0.181
3803.83697 20.974 0.295
3804.88413 20.280 0.169
3806.89666 19.214 0.058
3808.88163 19.042 0.050
3810.79763 19.573 0.115
3812.78379 20.169 0.196
3814.77468 21.176 0.457
3818.83961 20.698 0.241
3819.89904 20.589 0.166
3820.89128 20.658 0.196
3821.90263 20.485 0.164
3822.91448 20.684 0.235
3824.90953 20.170 0.192
3825.90160 20.308 0.165
3826.92506 20.578 0.318
3827.90077 20.334 0.136
3828.91288 20.747 0.257
3829.90877 20.936 0.245
3830.87520 21.201 0.373
3832.90298 20.390 0.180
3833.89138 20.095 0.119
3834.81658 20.415 0.142
3835.86899 20.311 0.122
3836.87847 19.990 0.126
3837.85723 21.162 0.308
3838.86137 20.296 0.162
3839.88043 20.573 0.324
3840.86443 20.280 0.161
3841.84779 20.040 0.132
3842.76163 20.096 0.149
3842.92265 19.727 0.186
3845.85215 20.146 0.211
3846.85608 20.187 0.121
3847.89796 20.448 0.245
3848.87166 21.298 0.477
3849.90089 20.382 0.196
3850.82094 20.836 0.294
3851.82723 21.232 0.487
3852.81934 20.824 0.253
3853.80864 20.558 0.169
3856.79727 20.291 0.163
3858.86130 19.940 0.121
3860.85266 20.793 0.385
3861.86794 20.582 0.198
3862.81112 20.436 0.142
3863.78935 20.432 0.160
3864.81327 20.465 0.143
3865.77557 20.739 0.273
3866.74073 20.386 0.153
3867.74809 20.572 0.245
3868.74348 20.866 0.386
3869.72522 20.952 0.371
3873.72870 19.799 0.115
3874.77549 19.435 0.092
3875.75815 19.645 0.068
3877.71710 19.761 0.102
3880.78384 20.557 0.187
3881.79241 20.642 0.184
3882.72736 21.892 0.762
3883.77914 21.371 0.511
3886.74272 20.790 0.268
3887.72247 20.336 0.141
3889.88422 20.435 0.199
3891.61586 21.094 0.495
3892.75150 20.571 0.191
3893.78234 20.507 0.280
3894.81936 19.965 0.168
3896.76979 19.931 0.200
3900.66654 20.184 0.244
3901.67206 20.152 0.155
3902.68960 20.407 0.174
3903.83060 20.510 0.218
3904.66945 20.567 0.144
3905.68013 20.721 0.201
3906.65796 20.501 0.196
3907.72400 20.953 0.488
3908.66393 20.095 0.105
3909.66205 20.882 0.183
3912.66614 20.149 0.093
3913.66633 20.521 0.150
3914.71409 19.415 0.068
3915.66320 19.249 0.052
3916.74494 19.046 0.069
3917.76212 19.273 0.079
3918.76244 19.064 0.052
3919.69260 19.473 0.062
3920.64629 20.157 0.160
3921.65476 21.155 0.573
3930.71641 20.240 0.141
3931.63261 20.516 0.229
3932.59646 20.349 0.136
3933.64366 20.617 0.150
3934.61038 20.750 0.193
3934.81553 20.479 0.235
3935.59135 20.694 0.206
3936.57641 20.664 0.261
3937.65522 21.016 0.320
3938.62066 20.210 0.140
3940.76546 20.687 0.178
3942.51366 20.488 0.280
3944.48380 19.991 0.134
3944.60196 21.291 0.446
3944.70185 21.068 0.277
3944.77866 19.896 0.144
3945.47758 20.192 0.188
3945.68179 21.208 0.320
3945.77077 20.133 0.165
3946.48332 20.047 0.171
3946.64859 20.683 0.223
3946.69595 20.189 0.156
3946.74700 20.609 0.226
3946.76234 20.901 0.307
3946.78180 20.187 0.181
3950.66410 20.511 0.186
3951.67490 21.757 0.918
3959.63573 19.813 0.115
3960.62684 21.032 0.280
3963.63222 21.130 0.313
3964.66836 20.650 0.180
3965.64324 20.466 0.148
3966.63770 20.837 0.251
3967.66113 20.397 0.154
3968.62064 19.957 0.138
3969.63112 20.901 0.358
3970.63787 21.749 0.686
3971.66923 20.280 0.142
3973.69743 20.304 0.202
3974.63498 20.925 0.321
3975.62757 20.446 0.183
3976.62150 20.699 0.260
3979.65669 20.687 0.316
3982.68940 20.856 0.650
3986.67001 23.067 3.315
3987.61878 20.672 0.236
3988.65091 20.153 0.144
3989.56905 21.487 0.675
3991.57048 19.354 0.114
3995.51831 20.440 0.192
4001.58864 21.830 0.720
4002.62425 20.204 0.168
4003.57872 20.433 0.156
4011.56205 21.382 0.711
4015.59100 19.821 0.192
4017.56470 20.981 0.400
4019.57288 20.757 0.316
4023.55563 19.529 0.152
4025.50718 19.207 0.076
4027.51495 19.266 0.086
4030.50698 20.283 0.239
4151.89739 20.320 0.313
4155.86138 20.259 0.199
4158.82316 18.973 0.066
4160.88649 19.177 0.103
4162.87389 19.402 0.108
4165.85830 20.524 0.344
4167.85122 20.073 0.274
4169.85357 20.237 0.171
4174.86764 20.330 0.190
4176.84492 20.381 0.197
4177.90182 20.212 0.160
4179.79613 20.192 0.180
4180.86469 20.438 0.246
4182.77304 20.650 0.203
4183.81000 20.288 0.188
4185.78575 20.340 0.213
4190.88378 20.327 0.163
4192.88800 19.626 0.093
4193.89901 19.488 0.085
4196.87864 20.173 0.157
4202.89028 20.801 0.256
4203.87844 20.262 0.142
4204.88526 20.361 0.147
4205.87407 20.300 0.168
4207.89799 20.202 0.141
4208.90749 20.668 0.270
4213.87900 20.794 0.221
4215.91313 20.764 0.250
4216.83760 20.283 0.171
4217.85986 20.550 0.158
4218.90422 20.674 0.222
4220.88835 21.476 0.856
4222.84806 20.255 0.172
4228.85203 20.763 0.371
4229.81745 20.324 0.184
4230.79860 20.516 0.168
4231.84091 20.551 0.226
4232.86186 20.965 0.525
4234.79655 20.414 0.180
4234.83402 20.296 0.162
4235.82043 19.727 0.091
4237.63729 19.330 0.110
4238.82500 19.539 0.128
4240.61871 19.958 0.206
4243.87130 20.427 0.248
4244.87805 20.388 0.227
4244.88690 20.988 0.391
4244.90986 20.716 0.292
4245.91247 20.249 0.209
4246.92536 20.366 0.279
4247.58247 20.483 0.218
4250.91170 21.510 0.868
4256.81003 22.310 1.530
4257.69393 20.410 0.258
4258.79685 20.366 0.221
4268.57791 23.455 4.681
4269.71771 20.120 0.128
4272.63956 19.576 0.085
4273.68700 19.358 0.080
4274.67084 19.009 0.061
4275.72764 19.301 0.086
4277.56851 19.305 0.096
4278.70160 19.520 0.111
4283.64864 20.073 0.150
4284.63007 20.663 0.288
4285.63707 22.017 1.187
4286.73081 20.615 0.399
4289.68052 21.702 0.879
4290.75972 21.010 0.487
4291.75793 20.279 0.231
4292.61548 20.601 0.198
4293.64323 20.549 0.171
4294.68447 20.322 0.192
4295.64448 20.354 0.153
4296.62364 20.547 0.175
4297.55518 20.675 0.209
4298.78668 20.334 0.222
4299.75684 20.681 0.188
4300.68683 20.632 0.230
4301.55613 20.554 0.208
4302.79007 20.618 0.289
4306.54712 21.088 0.597
4307.56874 20.942 0.305
4311.58964 20.371 0.293
4312.65689 20.225 0.148
4317.64398 19.479 0.097
4319.65293 19.860 0.140
4326.66214 20.517 0.215
4327.69730 21.207 0.555
4328.63210 20.694 0.268
4329.62334 20.625 0.287
4330.63675 20.716 0.235
4331.63216 20.792 0.285
4332.68684 20.274 0.201
4333.63595 21.052 0.514
4334.64942 20.448 0.384
4338.66904 20.962 0.510
4339.63902 20.246 0.218
4340.70219 20.035 0.233
4341.67975 20.667 0.396
4342.68006 21.391 0.610
4343.64988 20.668 0.282
4345.64977 20.791 0.438
4346.65493 21.357 0.704
4347.66905 20.944 0.362
4349.64410 20.935 0.317
4350.66865 20.812 0.314
4351.63955 21.113 0.400
4354.64828 20.390 0.237
4357.58636 19.235 0.082
4359.55986 19.207 0.076
4365.60127 20.248 0.272
4368.60432 21.475 0.949
4370.55994 19.998 0.127
4372.59278 20.547 0.225
4377.55349 20.801 0.346
4381.59586 22.210 1.837
4515.89691 20.752 0.409
4520.87591 20.521 0.323
4523.85945 20.361 0.276
4525.85417 20.680 0.416
4532.88233 19.945 0.142
4534.90343 20.596 0.305
4537.79446 20.905 0.410
4538.90786 20.467 0.276
4539.79925 20.494 0.234
4541.83113 20.218 0.186
4543.82084 19.519 0.085
4544.81773 20.054 0.169
4545.83522 19.517 0.090
4547.80908 19.946 0.142
4550.80809 20.444 0.264
4552.79811 20.321 0.229
4556.88987 20.330 0.146
4557.91554 20.855 0.238
4558.88206 20.371 0.181
4559.87998 20.679 0.232
4560.88017 20.896 0.236
4561.86921 20.507 0.162
4564.87334 20.345 0.137
4565.86301 20.710 0.163
4566.86421 20.254 0.129
4567.86979 21.062 0.254
4568.90174 20.694 0.231
4569.88496 20.162 0.164
4570.89350 20.795 0.251
4571.85524 20.350 0.147
4572.89360 20.335 0.211
4573.86884 20.559 0.173
4574.87738 20.367 0.182
4575.88560 20.540 0.192
4583.85207 20.670 0.327
4585.84261 19.168 0.063
4586.86139 19.087 0.059
4587.87329 19.021 0.084
4588.76348 19.268 0.066
4589.73285 19.338 0.077
4590.81249 19.859 0.109
4591.72531 19.640 0.095
4592.79888 20.456 0.252
4593.78431 20.146 0.144
4594.81267 20.577 0.215
4595.80350 20.283 0.152
4596.75916 20.268 0.137
4597.82097 20.347 0.172
4598.79048 20.721 0.168
4599.76971 20.945 0.269
4600.79209 20.737 0.171
4601.78069 20.253 0.125
4602.78434 20.532 0.152
4606.83803 20.699 0.262
4611.76180 20.358 0.224
4616.75394 20.106 0.120
4616.93984 20.373 0.305
4618.65835 20.715 0.272
4622.73708 20.859 0.313
4623.81014 20.571 0.259
4624.74889 20.731 0.269
4625.73186 21.225 0.477
4626.79394 20.618 0.270
4627.71116 20.296 0.133
4628.70002 20.085 0.130
4629.76952 20.705 0.205
4630.70872 20.690 0.223
4631.72398 20.533 0.146
4632.75844 20.151 0.132
4633.89389 20.350 0.317
4639.84655 20.003 0.237
4640.85099 20.712 0.416
4641.88858 20.367 0.296
4642.53441 20.577 0.337
4643.69084 20.872 0.307
4644.78095 20.771 0.265
4645.69330 20.536 0.206
4646.66051 20.129 0.118
4647.68190 20.934 0.299
4649.66701 20.401 0.181
4650.70505 21.087 0.323
4651.70570 20.620 0.233
4652.63826 20.947 0.300
4653.63322 20.426 0.188
4654.67025 21.397 0.580
4655.64148 20.388 0.151
4656.63760 20.662 0.255
4658.79484 21.647 0.986
4661.62725 20.338 0.142
4666.49847 20.889 0.515
4670.72996 23.614 4.408
4671.68356 20.474 0.184
4672.64334 19.763 0.120
4674.67125 19.465 0.093
4675.79614 19.122 0.085
4677.71546 19.406 0.081
4681.69936 20.542 0.244
4682.69700 20.248 0.154
4683.65302 20.905 0.357
4684.67178 20.020 0.163
4684.76497 21.140 0.476
4685.69761 20.542 0.224
4686.77018 20.970 0.358
4687.68588 21.174 0.496
4688.63175 20.582 0.215
4697.64066 21.106 0.456
4698.65874 21.287 0.495
4700.65398 20.483 0.205
4701.63729 20.592 0.227
4702.65173 21.138 0.423
4708.67338 20.879 0.365
4715.63444 21.149 0.556
4720.64013 21.378 1.103
4721.64758 21.075 0.636
4722.63814 21.565 0.850
4725.61102 21.145 0.601
4733.60033 20.598 0.322
4750.54244 20.272 0.286
4757.54931 20.736 0.326
4763.52559 20.703 0.341
4876.89322 20.350 0.313
4883.87946 22.030 1.324
4886.84618 20.471 0.237
4890.81867 20.942 0.419
4894.86965 19.302 0.086
4898.86295 19.666 0.095
4900.84843 19.580 0.101
4901.90003 21.254 0.378
4902.82566 19.920 0.129
4903.88831 20.633 0.222
4904.85382 20.734 0.250
4906.90686 20.238 0.220
4911.88902 20.081 0.109
4913.90242 20.779 0.236
4924.89748 20.829 0.248
4926.74825 20.485 0.244
4928.80420 20.480 0.239
4930.73965 19.763 0.136
4931.88181 20.606 0.262
4932.78967 20.303 0.166
4934.83549 19.585 0.104
4938.84399 20.443 0.224
4940.78873 21.110 0.354
4941.84056 20.386 0.185
4942.86599 20.332 0.163
4943.72317 20.176 0.140
4944.78805 20.364 0.147
4949.80252 20.446 0.162
4951.82746 21.152 0.473
4953.73207 20.510 0.191
4954.84958 20.434 0.184
5260.89027 20.680 0.200
5261.82120 20.185 0.179
5265.87731 20.282 0.182
5266.82356 20.431 0.213
5267.85080 20.458 0.219
5268.85321 20.589 0.192
5269.81691 20.601 0.168
5270.82255 20.357 0.151
5271.81811 20.542 0.189
5272.82322 20.337 0.165
5273.80823 20.457 0.192
5274.82678 20.220 0.135
5275.81307 20.662 0.260
5276.79124 20.296 0.169
5277.84729 20.406 0.207
5278.82334 20.802 0.294
5279.82460 20.698 0.274
5280.83122 20.370 0.135
5281.81116 20.426 0.154
5282.83390 20.272 0.143
5283.79392 20.551 0.260
5283.88535 20.354 0.161
5284.79960 20.409 0.218
5285.79039 20.297 0.217
5285.92090 19.963 0.208
5286.80608 20.613 0.354
5287.85925 20.220 0.148
5288.78461 20.458 0.219
5289.83650 20.311 0.224
5293.86445 19.710 0.089
5294.82506 19.179 0.044
5295.82831 19.328 0.060
5296.86758 19.453 0.051
5297.90376 19.670 0.072
5299.73660 20.393 0.150
5300.84535 20.354 0.139
5301.85368 20.747 0.245
5306.83919 20.417 0.129
5307.83931 20.658 0.183
5308.82888 20.410 0.138
5309.88375 20.557 0.155
5310.89210 20.362 0.139
5312.74868 20.279 0.198
5313.78510 20.586 0.322
5314.71320 20.207 0.271
5314.92484 20.430 0.231
5315.85362 20.232 0.193
5316.80893 20.124 0.269
5320.64373 20.283 0.220
5320.85038 20.640 0.261
5321.79364 20.433 0.197
5323.67997 20.276 0.197
5323.90434 20.352 0.194
5324.83776 20.382 0.197
5325.75113 20.882 0.247
5326.63688 19.572 0.117
5326.87775 19.316 0.065
5327.82564 19.256 0.063
5328.75488 19.425 0.060
5329.70974 19.505 0.085
5334.87669 20.654 0.237
5335.84238 20.377 0.177
5336.93766 20.763 0.311
5337.93889 20.864 0.452
5340.65590 20.235 0.231
5340.91432 20.807 0.589
5341.84556 20.402 0.206
5342.67295 20.448 0.271
5342.86909 20.739 0.395
5343.69309 20.720 0.305
5343.89936 20.664 0.314
5348.83393 20.472 0.219
5349.74420 20.225 0.206
5350.72288 20.689 0.275
5351.88138 20.211 0.191
5352.88763 20.206 0.174
5353.81064 20.224 0.128
5354.83158 20.332 0.172
5355.76331 20.426 0.213
5357.76403 20.212 0.181
5359.72690 20.630 0.247
5361.67357 21.015 0.460
5364.52608 20.778 0.371
5365.58836 20.412 0.223
5368.61938 20.312 0.197
5376.64646 20.517 0.327
5376.84084 20.835 0.412
5377.53555 20.778 0.348
5377.77833 20.349 0.186
5378.68572 20.456 0.156
5379.49555 20.549 0.268
5379.80889 20.174 0.154
5380.50697 20.315 0.193
5380.70100 20.448 0.152
5381.55286 20.056 0.154
5381.76664 20.567 0.351
5382.64127 20.850 0.354
5383.69506 20.211 0.249
5383.75328 20.628 0.308
5385.85119 20.211 0.130
5386.54536 20.389 0.206
5386.62688 20.439 0.204
5386.71130 20.336 0.172
5387.50714 20.296 0.129
5388.47095 20.260 0.276
5388.81084 20.328 0.173
5389.76036 20.498 0.280
5391.54635 20.344 0.223
5392.48358 20.464 0.252
5392.81350 20.726 0.230
5393.79019 20.363 0.247
5396.77285 20.491 0.203
5403.52165 20.371 0.172
5403.71750 20.204 0.177
5404.58551 20.441 0.241
5404.79033 20.474 0.272
5405.79786 20.284 0.239
5407.65467 20.445 0.283
5408.58240 19.233 0.077
5408.77473 19.151 0.106
5409.77688 19.348 0.080
5410.78124 19.409 0.083
5412.51490 19.965 0.149
5412.73709 19.840 0.144
5414.47641 20.666 0.244
5416.63397 20.669 0.257
5418.70080 20.575 0.224
5421.71698 20.332 0.208
5423.52981 20.421 0.133
5426.54585 19.954 0.140
5430.61661 20.483 0.271
5431.61405 20.045 0.169
5432.62962 20.371 0.284
5434.58206 20.712 0.285
5435.55145 20.169 0.178
5436.65110 20.438 0.182
5438.64321 20.853 0.265
5439.64780 20.456 0.251
5443.66638 20.803 0.299
5445.48308 20.878 0.262
5446.57910 21.015 0.336
5447.61271 20.343 0.149
5449.51954 20.156 0.162
5450.60848 20.658 0.294
5453.58388 20.692 0.290
5458.47990 19.100 0.090
5459.52592 19.204 0.072
5460.54117 19.289 0.111
5461.56815 19.563 0.209
5463.49102 20.644 0.282
5464.48329 20.286 0.248
5465.56072 20.404 0.301
5469.55528 20.216 0.158
5471.59056 20.767 0.253
5473.52069 20.855 0.381
5478.51421 20.418 0.193
5480.56271 20.403 0.243
5485.56320 20.980 0.483
5487.54814 20.589 0.284
5489.55102 20.396 0.342
5494.51930 19.737 0.212
5497.54274 20.301 0.257
5621.90142 20.211 0.216
5624.89257 20.586 0.175
5626.86381 20.646 0.240
5628.82323 19.890 0.116
5629.84991 20.355 0.208
5631.87920 19.551 0.076
5633.83317 20.114 0.132
5635.86604 21.014 0.385
5637.90880 19.931 0.165
5638.86686 20.463 0.212
5639.82039 20.632 0.274
5639.89597 20.431 0.183
5640.81718 20.513 0.278
5640.90517 20.482 0.200
5641.82548 20.552 0.218
5641.86366 21.018 0.331
5642.78541 20.476 0.233
5642.90749 20.584 0.304
5643.80943 20.389 0.211
5643.91041 20.180 0.166
5647.75398 20.287 0.194
5647.79442 20.454 0.207
5647.83101 20.675 0.421
5647.86284 20.557 0.207
5647.91425 20.012 0.268
5648.82619 20.512 0.186
5648.91372 20.307 0.222
5649.80917 20.582 0.182
5649.91191 20.624 0.223
5650.82151 20.413 0.141
5650.91444 20.295 0.181
5651.82263 20.446 0.173
5652.75966 20.404 0.168
5652.86485 20.286 0.126
5653.92019 20.525 0.194
5654.84122 20.087 0.128
5655.75532 20.683 0.258
5655.83163 20.822 0.221
5656.78624 20.574 0.192
5656.87422 20.497 0.153
5657.83117 20.511 0.150
5657.92105 20.238 0.174
5658.84409 20.398 0.159
5658.92361 20.672 0.499
5659.77636 20.782 0.253
5659.85892 20.499 0.248
5660.74572 20.497 0.225
5660.83191 20.499 0.178
5662.74080 20.959 0.364
5662.84226 20.773 0.268
5662.92235 20.246 0.153
5664.78756 20.438 0.253
5664.89024 20.590 0.259
5665.76741 20.117 0.227
5665.88509 20.613 0.159
5667.78940 20.568 0.179
5668.78034 20.427 0.239
5669.79038 20.251 0.150
5670.76488 19.868 0.128
5671.74633 19.271 0.079
5675.83329 19.230 0.095
5676.75233 19.352 0.048
5677.70470 19.745 0.104
5677.89334 19.684 0.071
5679.80609 20.542 0.216
5680.69856 20.707 0.330
5680.88360 20.501 0.156
5681.76697 20.179 0.122
5682.67623 21.007 0.391
5682.89768 20.609 0.191
5683.83394 20.602 0.164
5684.74535 20.265 0.124
5685.65791 20.827 0.317
5685.91796 20.601 0.193
5686.83583 20.610 0.196
5687.71702 20.664 0.257
5688.88511 20.864 0.256
5690.63216 19.966 0.131
5690.82275 20.426 0.197
5691.76105 20.722 0.251
5692.65277 19.920 0.187
5692.83481 20.538 0.184
5693.66159 21.007 0.354
5693.85681 20.392 0.150
5694.67283 20.657 0.221
5694.86483 20.509 0.197
5695.69633 20.544 0.254
5695.90444 20.312 0.149
5696.73160 20.286 0.171
5696.90588 20.416 0.176
5697.73686 21.039 0.386
5697.90161 20.089 0.139
5698.89623 20.464 0.307
5703.86874 20.540 0.449
5705.88866 20.712 0.373
5706.84468 20.638 0.332
5707.71190 20.511 0.187
5707.87068 20.385 0.194
5708.69328 20.405 0.173
5708.88283 21.154 0.617
5711.69787 21.190 0.311
5712.77966 20.868 0.229
5714.85852 19.365 0.077
5715.73347 19.429 0.058
5715.91973 19.398 0.094
5716.80238 19.499 0.087
5721.65219 21.000 0.363
5721.88506 20.173 0.190
5722.71484 20.429 0.173
5723.60994 20.703 0.245
5723.77747 20.387 0.171
5724.62559 20.210 0.229
5724.63810 20.423 0.284
5724.82841 21.102 0.417
5725.75329 20.174 0.131
5726.65265 20.351 0.258
5734.81249 20.888 0.417
5735.75844 20.549 0.198
5736.51139 20.880 0.472
5736.67668 20.479 0.141
5736.89820 20.985 0.356
5737.51044 20.484 0.302
5737.70007 20.284 0.105
5737.86821 20.458 0.199
5738.72614 20.162 0.117
5739.59500 20.375 0.180
5739.78122 20.158 0.150
5740.57591 19.865 0.167
5740.77950 19.746 0.092
5741.54949 19.430 0.078
5741.73224 19.531 0.068
5741.88871 19.859 0.103
5742.66487 19.665 0.064
5742.82142 19.914 0.090
5743.70892 20.156 0.158
5743.86996 21.058 0.450
5744.62867 20.665 0.238
5744.85450 20.296 0.194
5745.62871 20.258 0.207
5745.80363 20.469 0.238
5746.65183 20.370 0.198
5746.84372 20.973 0.453
5747.73616 21.119 0.467
5749.51615 21.029 0.593
5749.68189 20.255 0.206
5752.56026 20.455 0.273
5753.64608 21.082 0.457
5759.84329 19.881 0.219
5762.51488 20.776 0.280
5762.67291 20.475 0.201
5763.54920 20.386 0.144
5763.73716 20.916 0.350
5764.55287 20.301 0.162
5764.73631 20.478 0.168
5765.61897 20.640 0.184
5766.48441 19.763 0.120
5766.66832 19.512 0.070
5767.54714 19.221 0.081
5767.75508 19.388 0.092
5768.60511 19.329 0.064
5768.78207 19.251 0.059
5769.63799 19.366 0.055
5770.72706 19.694 0.106
5776.57654 20.498 0.275
5777.49601 20.367 0.160
5777.74761 20.453 0.193
5778.62566 21.018 0.449
5785.59387 20.496 0.287
5786.52478 20.411 0.323
5786.73078 20.227 0.240
5787.58037 20.337 0.176
5788.47557 19.926 0.198
5788.66611 20.458 0.299
5790.56321 20.917 0.483
5790.72407 20.564 0.277
5793.57114 20.648 0.235
5793.73516 20.194 0.212
5794.64629 20.408 0.201
5795.70003 20.489 0.223
5796.62595 20.662 0.212
5801.54795 20.210 0.188
5802.52393 20.999 0.387
5804.53210 20.381 0.177
5804.69267 20.288 0.202
5805.66196 20.304 0.204
5807.61042 20.521 0.316
5812.59288 20.233 0.281
5813.57818 20.098 0.152
5815.54620 20.403 0.174
5816.51746 20.514 0.203
5817.51866 20.542 0.206
5818.50950 20.343 0.204
5819.49778 20.512 0.234
5820.48636 20.309 0.266
5820.64738 20.214 0.216
5822.58642 20.857 0.305
5823.60507 20.943 0.350
5824.54205 20.315 0.174
5824.62256 20.598 0.251
5825.56007 20.665 0.268
5826.48297 20.578 0.335
5826.57033 20.310 0.232
5827.58979 20.726 0.348
5828.52255 20.549 0.196
5828.59806 20.131 0.146
5829.53346 20.337 0.175
5829.60942 21.081 0.347
5830.54657 20.489 0.180
5831.51863 20.310 0.146
5831.59356 20.248 0.169
5832.53965 20.730 0.228
5833.48607 20.550 0.335
5833.57729 20.431 0.201
5834.53678 20.193 0.132
5835.51777 20.461 0.324
5836.52036 20.775 0.385
5839.54128 20.735 0.505
5840.48562 20.069 0.266
5840.58709 20.326 0.220
5841.51367 19.898 0.182
5841.59627 20.806 0.439
5842.55980 20.581 0.337
5843.51724 19.957 0.159
5843.59855 20.182 0.245
5844.54100 19.448 0.107
5845.50190 19.270 0.107
5845.58206 19.306 0.127
5846.54378 19.236 0.114
5850.56776 19.548 0.092
5851.53093 20.152 0.179
5852.56065 20.822 0.528
5854.55176 20.537 0.345
5855.54009 20.623 0.347
5856.54592 20.933 0.466
5858.51303 20.615 0.437
5859.54767 20.365 0.279
5861.52025 20.314 0.218
5862.52769 20.954 0.403
5866.51998 20.210 0.377
5869.51542 20.465 0.304
5870.52107 20.005 0.162
5978.85405 20.753 0.294
5979.84375 20.542 0.278
5980.86362 20.880 0.438
5982.86820 19.639 0.088
5983.86142 19.713 0.079
5984.85496 20.136 0.118
5985.83883 20.195 0.199
5986.82339 20.536 0.237
5986.90608 20.277 0.244
5987.87332 20.480 0.182
5988.86316 21.134 0.344
5989.84378 20.108 0.162
5990.81355 20.855 0.299
5990.89273 20.874 0.282
5991.86675 20.644 0.188
5992.84337 20.379 0.170
5993.82537 20.743 0.364
5994.80670 20.699 0.324
5994.88440 20.638 0.252
5995.81469 20.414 0.205
5995.89700 20.132 0.141
5996.83901 20.643 0.241
5997.79688 20.651 0.319
5997.88127 20.846 0.245
5998.82223 20.030 0.144
5998.91155 20.458 0.245
5999.85468 20.426 0.188
6003.82684 20.510 0.347
6004.87131 20.414 0.179
6005.78991 19.991 0.119
6005.89681 20.538 0.127
6006.82707 20.787 0.195
6006.91569 19.977 0.118
6007.82845 19.984 0.112
6007.91433 21.108 0.331
6008.82226 20.509 0.175
6008.90987 20.583 0.233
6009.82488 20.378 0.143
6009.90931 20.560 0.190
6010.81659 20.299 0.132
6010.90414 20.477 0.124
6011.79664 20.181 0.158
6011.91029 20.570 0.251
6012.81153 19.307 0.059
6012.90773 19.293 0.040
6013.80543 19.284 0.061
6013.90819 19.270 0.047
6014.78176 19.133 0.051
6014.88054 19.139 0.071
6015.75971 19.159 0.049
6016.73953 19.338 0.062
6016.81990 19.295 0.057
6017.72939 19.679 0.107
6017.80586 19.717 0.068
6017.90336 19.810 0.062
6018.79465 20.159 0.137
6018.87630 20.070 0.092
6019.77284 20.140 0.145
6019.86933 20.342 0.117
6020.72779 20.654 0.276
6020.82244 20.670 0.188
6020.90089 20.450 0.204
6021.75101 20.324 0.206
6021.82826 20.744 0.210
6021.92703 20.169 0.236
6022.77639 20.671 0.225
6022.87219 20.586 0.175
6023.73214 20.491 0.229
6023.81266 20.707 0.235
6023.91779 20.248 0.188
6024.76971 20.822 0.277
6024.87387 20.728 0.243
6025.75434 19.709 0.133
6025.84739 20.895 0.426
6031.86233 19.916 0.139
6032.80867 20.014 0.117
6033.72758 21.012 0.377
6033.92418 20.431 0.269
6034.91533 20.529 0.192
6036.77268 20.215 0.111
6037.75515 20.366 0.223
6038.72346 20.341 0.199
6038.92601 20.499 0.238
6039.91065 20.369 0.178
6040.89727 20.448 0.180
6041.83691 20.202 0.151
6046.89469 20.672 0.222
6047.78607 19.511 0.067
6048.72600 19.349 0.064
6048.91704 19.336 0.064
6049.84780 19.598 0.075
6050.72390 19.745 0.111
6050.91173 20.186 0.168
6052.73008 20.497 0.229
6052.89714 21.070 0.318
6053.76124 20.137 0.135
6054.86918 20.152 0.159
6058.78534 20.437 0.157
6059.68522 21.026 0.398
6059.86104 20.437 0.154
6061.73922 20.136 0.123
6061.91686 21.161 0.391
6062.79883 20.284 0.170
6063.77805 20.637 0.340
6064.66562 19.827 0.110
6064.88771 20.727 0.225
6065.71330 20.451 0.153
6066.65177 20.587 0.219
6066.83256 20.240 0.137
6067.63607 20.132 0.111
6067.81565 20.658 0.195
6068.60753 20.996 0.389
6068.61522 20.894 0.296
6068.63229 20.725 0.240
6068.65815 20.102 0.129
6068.67376 20.726 0.216
6068.69848 20.349 0.152
6068.72060 20.482 0.165
6068.74266 20.669 0.199
6068.76610 20.375 0.126
6068.77732 20.392 0.125
6068.80474 20.239 0.116
6068.81850 20.380 0.125
6068.83273 20.453 0.124
6068.84702 20.514 0.139
6068.86144 20.685 0.174
6068.87596 20.266 0.121
6068.89172 20.345 0.126
6068.90601 20.197 0.116
6068.92150 20.144 0.112
6068.94017 20.049 0.135
6069.61124 20.807 0.302
6069.69723 20.146 0.123
6069.78663 21.055 0.236
6069.86075 20.395 0.129
6070.60275 20.384 0.263
6070.67172 20.101 0.135
6070.76748 20.666 0.195
6070.84851 20.552 0.197
6070.93533 20.790 0.266
6071.66018 20.385 0.174
6071.73316 20.620 0.174
6071.82724 20.523 0.175
6075.60194 20.398 0.151
6075.71617 20.333 0.152
6076.58966 20.425 0.185
6076.66899 20.686 0.199
6076.77381 20.210 0.141
6076.94567 20.129 0.339
6077.70507 20.392 0.166
6077.80498 19.825 0.108
6077.89068 20.291 0.163
6078.68756 20.648 0.196
6078.78254 20.522 0.160
6078.87400 20.570 0.181
6079.59252 21.265 0.402
6079.66468 20.440 0.156
6079.76893 20.369 0.136
6079.86810 20.782 0.172
6080.71457 20.530 0.181
6080.89219 19.939 0.130
6081.59291 20.737 0.358
6081.64980 20.018 0.145
6081.75641 20.609 0.241
6081.84531 20.515 0.240
6081.94100 20.781 0.436
6082.59903 19.161 0.131
6082.67899 19.404 0.182
6082.78586 19.255 0.112
6082.85738 19.351 0.127
6085.58801 19.523 0.118
6085.76100 19.434 0.088
6085.91882 19.503 0.121
6086.69392 19.141 0.050
6086.88720 19.181 0.078
6087.78424 19.496 0.077
6088.63934 19.476 0.061
6089.74312 19.891 0.101
6092.59931 20.881 0.269
6092.87674 21.181 0.568
6093.66972 20.484 0.193
6093.87265 20.451 0.259
6094.73045 20.437 0.208
6094.90591 21.023 0.519
6096.75127 20.739 0.268
6096.90968 20.652 0.376
6097.84126 20.954 0.442
6098.63676 20.652 0.293
6098.81747 21.175 0.404
6099.78204 20.222 0.209
6100.67308 19.989 0.109
6100.85075 19.865 0.177
6101.61518 20.201 0.145
6101.79408 20.262 0.142
6102.58938 20.435 0.193
6102.75453 20.575 0.175
6103.50309 20.816 0.375
6103.68284 20.512 0.170
6104.50047 20.675 0.303
6104.66819 20.374 0.117
6104.83487 20.238 0.144
6105.58463 20.689 0.256
6105.77564 20.739 0.344
6108.58302 20.512 0.236
6108.76880 20.524 0.188
6109.69746 20.717 0.269
6109.75781 20.504 0.328
6109.83079 20.572 0.299
6113.56666 19.778 0.187
6113.72424 19.355 0.089
6114.57511 19.736 0.164
6114.74666 19.686 0.098
6115.51157 20.143 0.159
6115.69930 20.410 0.218
6116.55210 20.480 0.170
6116.73252 20.331 0.147
6117.52981 20.583 0.220
6117.70772 20.525 0.182
6118.48451 20.982 0.345
6118.66618 20.858 0.213
6118.82254 20.401 0.193
6119.60988 21.204 0.454
6119.76760 20.160 0.160
6120.65377 20.517 0.157
6120.82197 20.653 0.215
6121.62314 20.456 0.122
6121.77506 20.799 0.186
6123.66571 20.478 0.168
6123.82117 20.451 0.182
6124.67200 20.596 0.207
6124.83257 20.010 0.154
6126.49410 19.934 0.135
6126.70869 20.835 0.218
6128.60113 20.420 0.174
6130.74296 20.473 0.239
6131.67966 20.400 0.159
6131.74914 21.161 0.404
6132.74384 20.560 0.198
6133.66500 20.862 0.279
6134.56612 20.920 0.435
6135.53486 20.739 0.305
6135.75775 20.953 0.299
6136.70689 20.354 0.196
6140.53443 21.059 0.625
6140.71805 20.444 0.486
6141.55988 19.378 0.089
6141.73654 19.574 0.118
6142.64906 19.564 0.155
6147.62162 21.047 0.390
6148.56034 20.223 0.123
6149.58113 19.622 0.087
6150.60273 20.835 0.338
6151.59701 20.933 0.342
6151.75319 21.230 0.439
6152.65609 20.977 0.284
6154.61098 20.876 0.354
6158.48947 20.704 0.224
6158.67165 20.429 0.207
6159.59288 21.199 0.410
6160.59250 20.248 0.134
6161.49074 19.976 0.160
6161.69410 20.534 0.275
6164.68199 20.209 0.226
6168.67564 19.380 0.071
6169.65029 19.426 0.087
6171.61465 19.216 0.065
6172.57238 19.329 0.063
6175.53448 20.140 0.157
6179.50163 20.503 0.284
6180.49069 20.544 0.395
6180.66284 20.273 0.264
6181.62988 20.240 0.153
6182.64368 20.533 0.250
6184.55992 20.246 0.132
6185.64416 20.631 0.234
6190.50549 20.621 0.286
6191.55820 20.709 0.258
6195.52106 21.204 0.403
6195.60036 20.272 0.173
6196.52015 19.915 0.161
6196.59947 19.488 0.094
6197.52180 19.576 0.110
6197.60119 19.446 0.124
6200.62490 20.901 0.574
6202.58147 19.867 0.251
6203.58292 20.283 0.244
6204.53654 20.243 0.174
6204.61328 20.834 0.428
6205.55940 20.424 0.185
6209.56695 21.095 0.530
6210.53031 20.780 0.285
6210.60311 20.720 0.321
6211.56146 20.007 0.116
6211.59986 20.307 0.191
6212.55743 20.299 0.173
6213.50947 20.087 0.198
6213.57773 20.631 0.332
6214.56383 20.356 0.218
6216.56675 19.805 0.131
6217.51293 19.450 0.071
6218.49742 19.524 0.105
6218.57406 19.355 0.099
6219.50487 19.748 0.128
6223.55033 20.956 0.462
6233.52110 19.620 0.144
6334.86223 20.558 0.252
6335.85119 20.118 0.168
6337.89178 20.956 0.368
6338.87157 19.767 0.100
6340.84224 19.104 0.061
6341.87977 19.451 0.085
6343.84463 20.533 0.300
6344.84756 20.681 0.218
6345.86641 20.953 0.299
6347.86965 19.958 0.124
6348.86628 19.966 0.122
6349.87170 20.323 0.199
6350.88492 20.304 0.164
6352.88259 20.885 0.245
6353.85821 20.601 0.222
6354.87617 20.360 0.158
6360.79667 20.424 0.182
6360.88165 20.129 0.117
6361.85702 20.433 0.168
6362.89384 20.537 0.188
6363.86642 20.187 0.134
6367.87011 19.640 0.059
6368.80685 20.006 0.108
6368.89998 19.661 0.080
6369.82870 20.081 0.115
6370.78457 20.183 0.140
6370.87509 20.296 0.140
6371.79643 20.509 0.152
6371.88598 20.081 0.091
6372.78911 20.171 0.137
6372.87797 20.304 0.130
6373.80589 20.154 0.146
6374.82167 20.421 0.163
6374.90290 20.290 0.136
6375.81862 20.170 0.124
6375.83690 20.375 0.145
6375.91776 20.184 0.140
6376.83295 20.568 0.186
6376.91468 20.477 0.159
6377.84484 20.374 0.124
6378.75226 20.277 0.197
6378.84014 20.381 0.141
6379.74980 20.712 0.301
6379.83675 19.902 0.114
6379.92259 20.104 0.211
6380.84116 20.305 0.142
6381.75467 20.328 0.181
6381.84840 20.503 0.141
6382.75248 20.238 0.257
6382.83266 20.073 0.142
6386.74811 20.067 0.178
6386.84494 20.163 0.136
6387.74666 20.336 0.137
6387.82944 20.473 0.159
6388.74653 20.607 0.234
6388.85768 20.310 0.140
6388.87374 20.385 0.161
6389.73517 20.178 0.168
6389.82868 20.357 0.154
6389.91122 20.064 0.125
6390.78621 20.320 0.146
6390.87074 19.291 0.085
6393.78085 19.551 0.081
6394.73524 19.352 0.085
6395.70353 19.316 0.110
6395.87684 19.236 0.045
6396.83550 19.139 0.040
6397.77518 19.048 0.039
6398.69283 19.466 0.075
6398.87318 19.294 0.061
6399.78632 19.458 0.064
6400.69592 19.867 0.106
6400.70861 19.976 0.110
6400.72269 19.845 0.095
6400.73897 19.699 0.095
6400.75175 20.020 0.117
6400.76849 20.874 0.283
6400.78247 19.890 0.109
6400.78714 20.437 0.161
6400.78862 20.115 0.124
6400.79169 20.029 0.111
6400.79806 19.958 0.115
6400.80353 20.219 0.140
6400.80966 19.627 0.085
6400.82394 20.069 0.114
6400.84321 19.726 0.084
6400.85266 19.961 0.106
6400.86445 19.912 0.101
6400.87790 20.101 0.122
6400.89112 19.873 0.094
6400.90553 19.954 0.105
6400.92031 19.745 0.101
6401.71071 20.592 0.227
6401.85258 20.060 0.092
6401.88903 19.856 0.089
6402.81430 20.305 0.142
6403.72351 20.462 0.155
6403.90471 20.581 0.183
6404.83232 20.496 0.160
6405.81130 19.990 0.161
6405.82406 21.168 0.435
6406.85954 20.500 0.224
6407.77779 20.727 0.242
6408.72955 20.403 0.530
6409.82927 20.236 0.241
6415.79156 20.211 0.205
6416.67771 20.429 0.245
6416.89241 20.597 0.206
6417.77955 20.078 0.121
6418.65098 20.598 0.261
6418.80161 20.389 0.152
6419.69966 20.725 0.207
6419.86636 20.177 0.148
6420.71750 20.970 0.224
6420.90019 20.606 0.161
6421.93349 20.218 0.248
6423.84282 19.587 0.087
6424.68307 19.425 0.069
6424.87785 19.455 0.065
6426.77831 19.852 0.094
6427.93063 20.082 0.162
6428.77410 20.658 0.232
6431.77233 20.325 0.155
6431.93786 21.092 0.540
6432.79683 20.282 0.190
6433.60350 19.986 0.217
6433.78393 20.156 0.176
6434.68584 20.423 0.231
6434.86902 20.025 0.137
6435.71661 20.361 0.158
6435.90555 21.148 0.312
6436.70331 20.546 0.211
6436.89258 20.043 0.136
6437.82916 20.200 0.264
6441.74094 20.504 0.301
6441.93220 20.402 0.295
6442.71559 20.238 0.125
6442.89006 20.313 0.171
6443.65415 20.523 0.272
6443.87442 20.524 0.326
6444.72422 20.417 0.206
6444.91214 20.349 0.196
6445.73223 20.761 0.250
6446.71282 20.170 0.107
6446.91854 19.721 0.089
6447.67577 19.399 0.067
6447.86234 19.080 0.050
6448.62500 19.638 0.088
6448.81004 19.574 0.066
6449.58407 19.651 0.086
6449.77020 19.744 0.100
6449.93205 19.647 0.106
6450.71049 20.089 0.090
6450.85348 20.039 0.112
6450.88878 19.942 0.111
6450.91906 20.022 0.131
6451.55775 20.727 0.398
6451.58710 20.068 0.163
6451.65067 20.174 0.148
6451.68342 20.152 0.141
6451.74484 20.348 0.143
6451.83612 20.227 0.160
6451.88254 20.316 0.167
6452.61461 20.048 0.088
6452.84979 20.443 0.138
6454.62437 20.779 0.277
6454.80923 20.436 0.187
6455.58157 20.275 0.171
6456.59050 20.426 0.114
6456.77679 20.057 0.108
6457.74079 20.193 0.104
6457.91405 19.819 0.118
6458.70774 20.328 0.159
6458.88603 20.436 0.175
6459.65246 20.346 0.144
6459.84189 20.522 0.162
6460.69689 19.940 0.105
6461.59870 20.303 0.181
6461.80689 20.456 0.175
6462.66785 20.390 0.167
6463.53974 19.379 0.127
6463.72971 20.692 0.245
6463.89538 20.645 0.263
6464.72813 20.660 0.287
6468.53323 20.180 0.254
6468.72863 19.726 0.135
6469.59749 20.757 0.277
6469.78455 19.725 0.121
6472.77701 20.253 0.159
6473.55260 20.205 0.193
6473.73814 20.381 0.158
6474.66924 20.050 0.136
6474.85317 20.336 0.216
6475.65206 20.348 0.141
6476.59690 20.041 0.152
6476.78525 20.265 0.129
6477.59049 20.230 0.145
6477.77833 20.514 0.256
6478.63870 20.221 0.183
6479.70584 20.405 0.253
6480.60403 20.840 0.362
6481.59946 20.537 0.220
6481.61411 21.110 0.363
6482.77512 21.012 0.486
6484.51035 19.131 0.081
6485.57708 19.310 0.063
6485.80994 19.573 0.105
6486.54415 19.227 0.065
6486.75736 19.187 0.059
6487.54384 19.061 0.057
6487.74709 19.066 0.043
6489.58186 19.291 0.083
6489.78499 19.390 0.086
6490.62346 19.699 0.088
6491.47166 19.842 0.160
6491.69164 20.706 0.246
6492.50367 19.993 0.181
6492.70420 20.140 0.202
6496.52940 20.467 0.313
6498.63744 20.442 0.171
6499.47131 20.551 0.237
6500.57127 20.401 0.276
6501.60711 20.363 0.177
6501.78132 20.277 0.244
6505.51419 20.426 0.220
6505.72184 20.576 0.250
6506.65081 21.018 0.450
6507.71066 19.633 0.149
6508.61953 20.641 0.180
6509.52468 20.201 0.124
6509.71014 19.953 0.097
6510.60084 19.337 0.055
6511.52347 19.480 0.083
6511.75919 19.728 0.105
6514.66038 20.629 0.188
6515.61256 20.490 0.175
6518.61712 20.395 0.157
6519.56999 20.478 0.179
6523.50577 20.744 0.269
6523.65982 20.460 0.235
6524.60404 20.182 0.146
6525.60966 20.473 0.326
6529.68051 19.981 0.202
6531.66335 20.832 0.289
6534.52465 20.256 0.170
6535.60925 20.070 0.214
6538.55492 20.798 0.256
6539.60700 20.029 0.115
6541.60659 20.892 0.236
6543.65759 19.274 0.068
6545.55851 19.497 0.067
6556.61944 20.938 0.523
6560.55860 19.804 0.135
6563.56217 20.303 0.212
6564.49275 20.503 0.320
6564.58609 20.414 0.213
6565.55390 20.976 0.348
6568.53653 20.767 0.379
6569.48685 20.974 0.370
6569.57935 20.409 0.169
6571.56529 20.084 0.169
6572.52480 20.689 0.325
6573.50339 20.388 0.210
6573.59077 20.264 0.167
6577.55542 19.032 0.115
6578.54070 19.427 0.110
6579.50936 19.651 0.115
6580.53026 19.378 0.141
6581.56517 19.630 0.131
6582.57961 19.633 0.116
6583.56819 20.831 0.525
6585.56660 20.384 0.283
6590.53842 20.995 0.521
6590.56382 19.723 0.183
6593.52917 20.957 0.479
