2118.74701 18.962 0.088
2125.51297 18.976 0.130
2129.59852 18.785 0.068
2132.54321 18.876 0.071
2135.67470 18.923 0.065
2140.63856 18.482 0.056
2144.52558 18.570 0.077
2158.56769 18.701 0.078
2167.52291 19.010 0.075
2172.53867 19.042 0.110
2175.55043 19.517 0.279
2187.48939 18.931 0.105
2205.54847 18.564 0.137
2330.86266 19.007 0.077
2344.85818 18.919 0.082
2355.82356 18.871 0.063
2371.90370 19.020 0.079
2382.88115 19.151 0.100
2386.83392 18.799 0.077
2390.76372 18.490 0.068
2397.78818 18.537 0.051
2397.84134 18.607 0.066
2401.75445 18.759 0.063
2403.81050 18.743 0.054
2405.77884 18.915 0.074
2415.84672 18.887 0.103
2424.72357 18.994 0.129
2428.68786 18.915 0.069
2434.62791 19.042 0.098
2435.85457 18.975 0.083
2437.79606 18.989 0.096
2439.73667 18.947 0.062
2441.69257 18.952 0.063
2444.82033 19.002 0.104
2446.82658 18.918 0.085
2453.78296 18.903 0.078
2458.83488 19.003 0.091
2462.56425 18.987 0.070
2464.68550 18.926 0.063
2467.58859 18.874 0.071
2469.60305 18.960 0.058
2471.66283 19.062 0.065
2473.56387 18.904 0.083
2483.64460 18.957 0.070
2486.62789 18.930 0.077
2490.59489 19.011 0.088
2493.55413 18.968 0.079
2495.62869 18.864 0.067
2497.68338 19.027 0.077
2499.73120 19.000 0.071
2501.74966 18.907 0.086
2508.56591 18.999 0.093
2512.52594 18.906 0.088
2517.69604 19.072 0.121
2520.48275 18.962 0.090
2526.57894 19.047 0.077
2535.57994 19.064 0.138
2541.55811 18.944 0.094
2547.49810 19.090 0.110
2551.53193 18.914 0.104
2556.48631 18.576 0.092
2563.52197 18.799 0.074
2574.49963 18.905 0.120
2705.85047 19.203 0.110
2713.90454 18.944 0.062
2728.84581 18.888 0.082
2733.82788 18.916 0.087
2744.80067 18.857 0.063
2752.87221 18.952 0.094
2756.84523 18.934 0.080
2760.81121 18.823 0.091
2766.84475 18.925 0.076
2770.75080 18.913 0.085
2783.78537 18.966 0.073
2786.84796 18.932 0.100
2789.65308 18.896 0.071
2791.61507 18.904 0.076
2794.77154 19.027 0.091
2796.71993 18.952 0.063
2802.83378 19.074 0.216
2808.86168 19.183 0.158
2810.78119 18.871 0.069
2811.83026 19.018 0.094
2813.62676 18.956 0.112
2815.74850 18.884 0.068
2817.70135 18.674 0.071
2818.76355 18.757 0.072
2820.63387 18.670 0.069
2826.62589 18.405 0.047
2834.67489 18.892 0.144
2835.80443 18.862 0.090
2837.53915 19.049 0.111
2839.57536 18.894 0.105
2841.58559 18.862 0.088
2843.52105 18.915 0.098
2845.56064 18.839 0.092
2849.71103 18.931 0.089
2851.72533 18.817 0.073
2853.73116 18.907 0.084
2856.61133 18.908 0.099
2858.59510 19.026 0.128
2859.63377 18.986 0.142
2860.72154 18.886 0.142
2863.60416 18.969 0.107
2866.69292 19.049 0.100
2869.63361 19.037 0.087
2872.60762 18.856 0.059
2883.54412 18.905 0.066
2892.56545 19.009 0.126
2896.58722 18.856 0.070
2902.52734 19.013 0.118
2907.52567 18.992 0.110
2916.59985 19.020 0.155
2928.54330 18.916 0.099
3050.87785 18.956 0.087
3058.82496 19.044 0.095
3061.88936 18.984 0.077
3067.82579 19.082 0.090
3069.89948 19.081 0.083
3072.86431 18.938 0.062
3074.90379 18.899 0.072
3079.81072 18.924 0.083
3082.77710 18.959 0.070
3084.77035 19.038 0.085
3086.76517 19.024 0.065
3087.87653 18.946 0.074
3089.78609 18.932 0.071
3091.74812 19.019 0.085
3096.77504 18.907 0.087
3098.78429 18.997 0.075
3100.89569 18.968 0.082
3102.77500 19.005 0.084
3107.77493 19.059 0.076
3108.84502 18.998 0.072
3109.91476 18.907 0.074
3110.76426 18.961 0.079
3111.82177 19.051 0.086
3113.80090 18.923 0.070
3114.73922 18.976 0.062
3115.80110 18.928 0.062
3118.85778 18.926 0.087
3122.80812 18.929 0.100
3125.78559 18.869 0.089
3126.79577 18.837 0.063
3127.72553 19.038 0.084
3128.74512 18.907 0.078
3129.72794 18.941 0.104
3130.89941 18.988 0.109
3134.69823 19.564 0.296
3137.74446 18.974 0.097
3138.85196 18.913 0.075
3139.78776 18.972 0.065
3140.79998 18.846 0.063
3142.65858 18.877 0.068
3142.91473 18.892 0.076
3144.72215 19.105 0.080
3146.68558 19.050 0.090
3151.68077 19.038 0.096
3152.68559 18.942 0.076
3152.89713 19.022 0.109
3153.68717 18.956 0.092
3156.67827 18.793 0.066
3158.77588 18.973 0.111
3162.73374 18.943 0.093
3163.69759 18.987 0.072
3164.66481 18.908 0.067
3165.83283 19.138 0.077
3167.88009 18.973 0.106
3168.67830 19.100 0.086
3169.64994 19.058 0.075
3170.72403 18.859 0.058
3171.67797 19.007 0.067
3172.65781 19.022 0.069
3174.64218 18.984 0.061
3175.64406 18.936 0.064
3176.67817 18.925 0.088
3178.70660 19.163 0.099
3179.74363 19.005 0.079
3180.63525 18.931 0.054
3182.69781 19.069 0.080
3183.64691 18.928 0.077
3184.61772 19.046 0.067
3185.78302 19.236 0.109
3193.46073 19.058 0.213
3193.80135 18.885 0.073
3194.66752 19.024 0.094
3195.59871 18.956 0.066
3196.67488 18.975 0.089
3197.67755 19.081 0.086
3199.70922 18.883 0.070
3202.69701 19.081 0.090
3203.74221 18.971 0.066
3204.73786 18.991 0.069
3205.61630 19.005 0.064
3206.59331 18.978 0.067
3210.70447 18.947 0.078
3211.60939 19.057 0.084
3212.59501 19.048 0.122
3217.58423 19.291 0.218
3218.58339 18.929 0.094
3223.58009 19.032 0.118
3224.58885 18.900 0.066
3226.54367 18.853 0.068
3228.67294 19.020 0.100
3229.55674 18.942 0.074
3230.59570 18.957 0.061
3231.49657 19.039 0.093
3240.70520 18.920 0.107
3241.58955 19.232 0.210
3244.68698 19.017 0.154
3246.57354 18.716 0.080
3248.59836 19.003 0.094
3250.58566 18.986 0.081
3253.57744 18.948 0.064
3256.55297 19.064 0.117
3259.55373 18.858 0.088
3262.56532 18.744 0.076
3266.57894 18.444 0.074
3271.51760 18.912 0.217
3274.55838 18.524 0.072
3278.50870 18.851 0.083
3281.53643 19.299 0.137
3287.54143 18.980 0.093
3292.53013 19.274 0.116
3415.86481 18.913 0.061
3420.86498 19.159 0.088
3424.89781 18.734 0.053
3428.84602 18.729 0.069
3430.88281 18.673 0.049
3442.81923 19.074 0.098
3444.87321 19.135 0.076
3446.90194 18.910 0.081
3449.79165 18.906 0.061
3452.82014 18.966 0.070
3454.87373 18.958 0.077
3457.80841 19.018 0.078
3458.80250 19.036 0.090
3458.85179 18.858 0.066
3467.85986 19.022 0.073
3469.76552 18.969 0.062
3471.85547 18.903 0.096
3472.92280 18.883 0.057
3473.76023 18.861 0.063
3475.78335 18.820 0.058
3477.87045 18.973 0.070
3479.81969 19.056 0.061
3481.71911 19.005 0.084
3483.87872 18.982 0.068
3496.85214 19.058 0.102
3497.72115 18.959 0.093
3500.78018 19.012 0.070
3501.77383 18.920 0.055
3502.80459 18.782 0.055
3503.76615 18.776 0.053
3504.78262 19.068 0.071
3506.91730 19.200 0.120
3508.87017 19.101 0.124
3509.81743 18.925 0.065
3510.83287 18.946 0.068
3511.78143 18.887 0.071
3512.65606 18.912 0.096
3520.64600 19.036 0.073
3521.75172 18.905 0.074
3522.66323 19.071 0.074
3523.70330 18.999 0.055
3524.74650 18.944 0.077
3525.72396 18.961 0.059
3525.80131 18.923 0.063
3526.81053 18.854 0.059
3527.90094 19.034 0.113
3528.76269 19.179 0.103
3530.58554 18.885 0.056
3538.83205 19.193 0.097
3541.87224 19.126 0.094
3547.69150 19.061 0.098
3550.78141 18.918 0.059
3551.75508 19.086 0.070
3552.77528 19.042 0.095
3553.67538 18.816 0.066
3554.75494 19.190 0.094
3556.63813 18.940 0.066
3558.65486 18.978 0.059
3559.73509 18.939 0.062
3560.80956 19.055 0.077
3561.66387 19.088 0.071
3562.51692 19.056 0.061
3563.57085 18.862 0.059
3564.65816 18.969 0.078
3569.76710 18.751 0.087
3573.56846 18.653 0.083
3574.62343 18.543 0.074
3575.61244 18.581 0.049
3576.58685 18.474 0.046
3577.65239 18.478 0.048
3578.59912 18.435 0.042
3579.52753 18.417 0.034
3580.56625 18.470 0.043
3581.60655 18.564 0.051
3582.55458 18.536 0.044
3583.50440 18.598 0.054
3584.58026 18.598 0.045
3585.57099 18.627 0.045
3586.55965 18.706 0.052
3587.70428 18.795 0.074
3589.60968 18.757 0.041
3590.57811 18.859 0.058
3592.59778 18.851 0.062
3593.60131 18.870 0.061
3601.56172 19.088 0.076
3602.56084 19.087 0.093
3603.56709 19.003 0.084
3607.56772 19.001 0.072
3608.56852 18.926 0.078
3619.53491 18.943 0.068
3620.64331 18.936 0.065
3629.57413 19.180 0.125
3632.49712 18.940 0.108
3634.55518 19.068 0.083
3640.50434 19.160 0.118
3643.55161 19.442 0.199
3649.49798 19.001 0.094
3658.51403 19.266 0.146
3661.50983 19.335 0.187
3666.52120 18.872 0.074
3775.83815 18.925 0.101
3780.87001 19.142 0.093
3786.86380 18.969 0.095
3787.88462 18.924 0.069
3788.86764 19.148 0.130
3791.86280 19.086 0.098
3794.84239 19.072 0.083
3796.83016 19.040 0.087
3797.83409 18.998 0.071
3798.88204 18.979 0.070
3801.80564 18.797 0.068
3803.79468 19.083 0.081
3804.84200 18.923 0.080
3805.88239 19.061 0.075
3807.87069 18.989 0.078
3808.90542 19.066 0.082
3811.86369 18.983 0.076
3812.89536 19.022 0.088
3817.88209 19.025 0.082
3818.90276 18.899 0.074
3820.84882 18.996 0.064
3821.85880 18.923 0.060
3822.74836 18.958 0.106
3823.86708 18.996 0.069
3824.86369 18.986 0.075
3826.86813 18.967 0.076
3828.87048 18.885 0.065
3829.85722 18.814 0.062
3830.91043 19.005 0.064
3832.85750 19.021 0.077
3833.82741 18.834 0.049
3834.87628 19.076 0.068
3835.81964 18.920 0.053
3836.82526 19.020 0.076
3837.81464 18.980 0.084
3838.81862 18.872 0.083
3839.83081 18.928 0.072
3840.82178 18.865 0.071
3841.80065 18.922 0.069
3845.80215 18.799 0.083
3846.81372 19.016 0.065
3848.82920 19.045 0.070
3849.84247 18.987 0.066
3850.77852 18.888 0.062
3851.78491 18.912 0.082
3852.77333 18.862 0.071
3853.76601 18.943 0.047
3856.75481 18.865 0.066
3858.81870 19.092 0.089
3860.80954 18.758 0.079
3861.82016 19.029 0.059
3862.76781 19.004 0.068
3863.70751 18.926 0.066
3864.76864 19.074 0.065
3865.73188 18.874 0.070
3866.76147 18.911 0.061
3867.69835 19.008 0.075
3868.76380 19.083 0.100
3869.75078 18.869 0.082
3873.75094 18.992 0.073
3874.79620 19.149 0.089
3875.71121 19.043 0.063
3877.74086 19.017 0.057
3880.73812 18.915 0.067
3881.74625 19.022 0.069
3882.68435 19.143 0.079
3883.72576 18.934 0.061
3886.69660 18.954 0.066
3887.67970 18.945 0.060
3889.83798 18.841 0.066
3891.56695 18.729 0.071
3892.83316 18.617 0.054
3893.72075 18.701 0.071
3894.76615 18.546 0.063
3896.71128 18.356 0.049
3900.61731 18.469 0.046
3901.62923 18.523 0.048
3902.64710 18.686 0.048
3903.76278 18.641 0.052
3904.62676 18.733 0.053
3905.63376 18.907 0.058
3906.61527 19.009 0.080
3907.67636 19.107 0.100
3908.61495 18.958 0.058
3909.61937 18.894 0.054
3912.61579 18.927 0.051
3913.61724 19.057 0.057
3914.63132 19.072 0.073
3915.61412 18.999 0.072
3916.69584 18.845 0.065
3917.70855 18.878 0.069
3918.70954 18.859 0.066
3919.64279 19.308 0.143
3920.59493 19.025 0.082
3921.60833 18.917 0.092
3930.65569 18.915 0.070
3931.58976 19.025 0.089
3931.72721 19.068 0.079
3932.61725 19.035 0.065
3933.59695 18.941 0.053
3934.56759 18.993 0.061
3935.64478 19.001 0.102
3936.59634 19.015 0.086
3936.78462 18.963 0.093
3937.71310 18.833 0.070
3938.57401 19.029 0.084
3940.71413 18.934 0.063
3944.65898 18.806 0.053
3945.60735 18.923 0.068
3946.59663 19.094 0.098
3950.60615 18.967 0.069
3951.63424 18.997 0.081
3956.64116 19.023 0.122
3957.59386 19.065 0.111
3958.66109 19.218 0.100
3959.59140 19.050 0.086
3960.57969 18.939 0.063
3963.54869 18.984 0.071
3964.61190 19.045 0.069
3965.59760 18.882 0.058
3966.58862 19.047 0.073
3967.61790 18.940 0.074
3968.57514 19.054 0.086
3969.58277 18.767 0.061
3970.59565 18.881 0.073
3971.62565 18.885 0.097
3973.65517 19.080 0.085
3974.58983 19.002 0.089
3975.58139 18.948 0.062
3976.57923 18.994 0.072
3979.59952 18.907 0.109
3982.63427 19.057 0.105
3987.57543 18.996 0.080
3988.59267 18.894 0.054
3990.56302 19.105 0.099
3994.52663 18.982 0.098
3995.65433 18.875 0.086
3996.50238 18.882 0.090
4000.58790 18.785 0.077
4001.61133 19.108 0.099
4002.58190 18.954 0.065
4003.53640 19.007 0.068
4005.63221 19.063 0.092
4006.60112 18.962 0.072
4011.51519 19.082 0.105
4015.54398 19.076 0.122
4017.52223 19.085 0.087
4019.52395 19.157 0.103
4021.52658 19.447 0.195
4024.55618 18.988 0.091
4026.55175 19.052 0.096
4029.51046 19.485 0.191
4143.85824 18.779 0.124
4149.85445 18.912 0.093
4154.89203 19.037 0.080
4157.86285 19.158 0.097
4159.87908 18.987 0.107
4162.82645 18.903 0.109
4164.86625 18.897 0.077
4166.88203 18.937 0.113
4169.79653 18.962 0.101
4174.80413 18.953 0.110
4176.79709 18.982 0.086
4177.85082 19.053 0.083
4178.89361 18.917 0.075
4180.79100 19.017 0.093
4181.88057 19.050 0.080
4183.76263 19.008 0.078
4184.81101 18.929 0.078
4187.90080 19.072 0.099
4190.82210 19.043 0.091
4191.92224 19.066 0.138
4192.84085 18.984 0.089
4193.85174 18.994 0.083
4194.87338 19.011 0.091
4196.86189 19.067 0.087
4202.84317 19.063 0.078
4203.83132 18.937 0.066
4204.82677 18.849 0.062
4205.82184 18.907 0.065
4207.82395 18.943 0.068
4208.84743 18.988 0.078
4213.82267 18.924 0.062
4215.82892 18.943 0.074
4216.78668 18.933 0.076
4217.79446 18.934 0.056
4218.84940 18.971 0.076
4219.88242 18.984 0.100
4220.81937 18.961 0.093
4222.78522 19.066 0.108
4224.90176 19.000 0.107
4228.77956 18.983 0.086
4229.76426 18.993 0.083
4230.74800 19.080 0.092
4231.75037 18.850 0.075
4232.76188 19.139 0.103
4234.65962 18.897 0.085
4235.72363 18.963 0.071
4238.77362 19.096 0.108
4239.75276 19.049 0.077
4240.89643 18.970 0.088
4243.79254 18.920 0.085
4244.76744 19.027 0.080
4245.75826 18.948 0.068
4246.81594 18.985 0.081
4250.84131 18.923 0.092
4256.67822 19.076 0.120
4258.68744 19.023 0.092
4267.65273 18.874 0.072
4268.82340 18.930 0.084
4269.63118 18.964 0.070
4272.68173 19.021 0.070
4273.73085 19.069 0.093
4274.52750 19.119 0.151
4275.68231 19.006 0.099
4277.63972 19.063 0.083
4278.65569 19.075 0.095
4283.60098 19.157 0.111
4284.58499 19.055 0.101
4285.59165 18.932 0.110
4286.58784 18.983 0.080
4289.62274 19.028 0.113
4290.65418 18.997 0.090
4291.70898 18.932 0.079
4292.57039 18.946 0.066
4293.59709 19.011 0.066
4294.56952 19.060 0.074
4295.59470 18.999 0.074
4296.57831 19.023 0.070
4297.64250 19.012 0.071
4298.61637 19.024 0.078
4299.58671 19.005 0.074
4300.48516 19.021 0.094
4301.66544 18.967 0.071
4302.64773 19.021 0.086
4304.61255 19.092 0.127
4306.61344 19.022 0.129
4310.71423 19.056 0.128
4312.60839 18.855 0.075
4315.61853 18.991 0.108
4316.63962 18.984 0.093
4317.53804 19.052 0.084
4319.60113 18.973 0.084
4320.69408 19.179 0.120
4326.61695 18.948 0.069
4327.64232 19.087 0.111
4328.58448 19.050 0.072
4329.57696 18.931 0.083
4330.61941 18.929 0.069
4331.58408 19.020 0.099
4332.65516 18.876 0.074
4333.58481 19.068 0.111
4334.55223 19.008 0.182
4338.61525 19.028 0.110
4339.58434 19.002 0.096
4340.68143 18.938 0.101
4341.58630 18.955 0.106
4342.62260 18.908 0.083
4343.60189 19.067 0.084
4344.65134 18.993 0.100
4345.60175 19.208 0.116
4346.60375 18.857 0.080
4347.61765 19.137 0.116
4349.58955 18.903 0.065
4350.65132 19.034 0.091
4351.59162 18.905 0.082
4353.61147 18.955 0.106
4354.63101 18.975 0.092
4355.64396 19.021 0.112
4356.61445 19.035 0.108
4358.61809 19.027 0.096
4359.63723 19.032 0.117
4362.56601 18.989 0.129
4368.58690 18.954 0.129
4371.60575 19.193 0.136
4373.59949 18.888 0.093
4381.57862 18.945 0.132
4398.57443 18.780 0.122
4506.86601 19.137 0.137
4512.88092 19.045 0.072
4514.89924 18.991 0.098
4518.88341 19.275 0.161
4521.85375 18.974 0.096
4524.86310 18.911 0.078
4530.85114 18.875 0.063
4533.89010 19.072 0.087
4535.91245 19.037 0.136
4537.83925 18.955 0.071
4539.78255 18.964 0.099
4540.91019 18.897 0.087
4541.90691 19.014 0.075
4542.87032 18.935 0.080
4543.89643 19.010 0.076
4544.89402 18.968 0.072
4545.81862 19.072 0.090
4546.87278 18.919 0.084
4547.88794 18.999 0.089
4550.88771 18.938 0.089
4551.88080 19.113 0.113
4552.87402 18.852 0.076
4556.84195 18.924 0.073
4557.86826 19.089 0.080
4558.86473 18.979 0.073
4559.83241 18.895 0.062
4560.83270 19.008 0.063
4561.82160 18.939 0.058
4564.82591 18.903 0.060
4565.81486 18.927 0.056
4566.81688 18.831 0.052
4567.81722 18.963 0.071
4568.83960 19.004 0.075
4569.83351 18.919 0.075
4570.82420 18.872 0.072
4571.80789 18.838 0.068
4572.84573 18.636 0.072
4573.82141 18.620 0.049
4574.82359 18.524 0.058
4575.83233 18.619 0.064
4583.69250 18.998 0.119
4585.89657 18.953 0.086
4586.84443 18.956 0.080
4587.82508 18.846 0.071
4588.80809 18.917 0.062
4589.65376 19.030 0.112
4590.75832 19.036 0.081
4591.64612 19.002 0.099
4592.75147 18.939 0.091
4593.73676 18.924 0.081
4594.76533 18.981 0.071
4595.75305 18.989 0.090
4596.74223 18.951 0.071
4597.77347 19.075 0.080
4598.74285 18.843 0.054
4599.71863 19.114 0.085
4600.72782 18.993 0.059
4601.73240 18.981 0.062
4602.72655 18.983 0.067
4606.74032 18.948 0.076
4610.83419 19.218 0.153
4611.71406 19.027 0.100
4611.90061 18.854 0.082
4615.89070 18.999 0.114
4616.69952 19.012 0.078
4617.81548 18.999 0.113
4622.67820 19.066 0.091
4623.75822 18.978 0.080
4624.69347 19.027 0.097
4625.67856 19.083 0.106
4626.72862 18.983 0.087
4627.65771 19.005 0.066
4628.65202 19.052 0.106
4629.71717 18.893 0.067
4630.65402 18.879 0.080
4631.67553 18.915 0.059
4632.67546 18.927 0.072
4633.73253 19.037 0.095
4639.77792 18.988 0.100
4640.67788 18.912 0.085
4641.83441 19.078 0.112
4642.67631 18.882 0.073
4643.64229 18.998 0.078
4644.70934 19.015 0.076
4645.64087 19.043 0.077
4646.61263 19.069 0.068
4647.62299 18.901 0.067
4649.61714 19.054 0.083
4650.64551 18.987 0.070
4651.66043 18.977 0.085
4652.58956 19.012 0.085
4653.58347 18.953 0.093
4654.62262 19.021 0.082
4655.58684 19.101 0.104
4656.58990 19.080 0.080
4658.74727 19.260 0.138
4660.69683 18.866 0.093
4661.57939 18.914 0.067
4665.74114 19.009 0.112
4666.64657 18.891 0.088
4670.71202 18.957 0.099
4671.63601 19.009 0.073
4672.59564 18.997 0.073
4674.60245 18.983 0.096
4677.57465 18.951 0.081
4681.59023 19.010 0.085
4682.60749 18.984 0.077
4683.60445 19.059 0.115
4684.62248 19.005 0.083
4685.59016 18.829 0.077
4686.71896 19.018 0.095
4687.63740 19.006 0.089
4688.58358 18.954 0.097
4694.65886 19.438 0.199
4697.58482 18.988 0.084
4698.61101 18.966 0.075
4700.60611 19.077 0.085
4701.58897 19.035 0.104
4702.60393 19.007 0.101
4703.67118 19.065 0.100
4708.60469 18.942 0.098
4710.63988 19.088 0.097
4716.67663 19.441 0.240
4720.62218 18.962 0.102
4721.59104 18.966 0.120
4724.60304 19.025 0.120
4726.58225 18.772 0.099
4731.63182 19.145 0.118
4738.50775 18.942 0.090
4740.61191 18.913 0.116
4748.57669 18.942 0.118
4755.53046 19.017 0.127
4759.52410 19.091 0.147
4875.85988 19.103 0.118
4878.89014 18.966 0.078
4885.87184 18.843 0.068
4888.82357 19.005 0.099
4892.81922 19.036 0.113
4897.89797 19.010 0.086
4901.84114 18.927 0.074
4903.84050 19.050 0.085
4904.89874 18.785 0.067
4906.89024 19.044 0.111
4910.89674 18.834 0.075
4912.88332 18.904 0.054
4914.86463 18.924 0.064
4925.79758 19.063 0.074
4927.85149 18.921 0.081
4929.82018 18.952 0.078
4930.85355 18.868 0.095
4931.79733 19.001 0.097
4932.75260 18.936 0.092
4933.80089 19.097 0.105
4938.77593 19.203 0.101
4939.80130 18.926 0.082
4941.75535 18.935 0.072
4942.79613 18.986 0.068
4943.78868 19.000 0.070
4949.67017 18.979 0.077
4950.80132 19.012 0.074
4951.79745 19.001 0.081
4952.82831 18.869 0.063
4953.79290 19.000 0.077
4954.75474 18.963 0.071
5260.86715 18.704 0.053
5261.80200 18.711 0.043
5262.84044 18.530 0.091
5264.82510 18.535 0.042
5264.87819 18.538 0.038
5264.89554 18.570 0.038
5265.80111 18.578 0.039
5266.78918 18.605 0.036
5267.83099 18.666 0.035
5268.80224 18.746 0.038
5269.79712 18.736 0.033
5270.84149 18.850 0.040
5271.79655 18.830 0.038
5272.80340 18.922 0.045
5273.85801 18.969 0.044
5274.80674 18.893 0.044
5275.79249 18.828 0.045
5276.82739 18.938 0.038
5277.79353 18.836 0.046
5278.80358 18.919 0.051
5279.80483 18.882 0.045
5280.85638 18.914 0.036
5281.79132 18.897 0.040
5282.77183 18.846 0.045
5283.77297 18.887 0.058
5284.77498 19.027 0.063
5285.77068 18.920 0.060
5285.90009 18.922 0.057
5286.76186 18.872 0.053
5287.83149 18.838 0.046
5288.76484 18.843 0.047
5292.83500 18.840 0.077
5293.84293 18.831 0.046
5294.76337 18.856 0.035
5295.76486 18.909 0.041
5296.80845 18.922 0.035
5297.83963 18.918 0.031
5298.87880 18.913 0.035
5299.86276 18.995 0.035
5301.79151 18.923 0.036
5306.72452 18.933 0.042
5307.75257 18.841 0.043
5308.74267 18.864 0.043
5309.81390 18.886 0.038
5310.79144 19.017 0.049
5311.89757 18.915 0.047
5313.91468 18.946 0.055
5314.86284 18.962 0.061
5315.78834 18.932 0.049
5316.74436 18.965 0.071
5320.78225 18.825 0.048
5321.72915 18.948 0.047
5323.84069 19.004 0.048
5324.77127 18.938 0.044
5325.68896 18.859 0.038
5326.81398 18.980 0.039
5327.76112 18.961 0.041
5328.62459 18.843 0.049
5328.88438 18.920 0.042
5334.81019 18.943 0.039
5335.77608 18.892 0.044
5336.84752 18.870 0.041
5337.87531 18.958 0.055
5338.90356 18.832 0.068
5339.90938 18.865 0.084
5340.85089 18.983 0.060
5341.74567 18.849 0.043
5342.61047 18.899 0.066
5342.80606 19.012 0.058
5343.63038 18.966 0.071
5343.82328 18.917 0.057
5348.77064 18.907 0.046
5349.60718 18.941 0.070
5350.65940 18.832 0.055
5351.74987 18.872 0.043
5352.76551 18.910 0.039
5353.73319 18.882 0.036
5354.67847 18.830 0.044
5355.61945 18.874 0.058
5357.61719 18.758 0.048
5358.76528 18.856 0.047
5359.63867 18.746 0.043
5359.87436 18.739 0.051
5362.80509 18.630 0.040
5364.76988 18.699 0.037
5364.88739 18.707 0.047
5365.84589 18.640 0.042
5369.80254 18.555 0.049
5376.77746 18.850 0.048
5377.70479 18.875 0.040
5378.54119 18.950 0.044
5378.82930 18.914 0.047
5379.74585 18.846 0.036
5380.56010 18.881 0.038
5380.82785 18.914 0.061
5381.70297 18.846 0.047
5382.56654 18.896 0.072
5382.77333 18.792 0.070
5385.56927 18.896 0.034
5386.50175 18.934 0.051
5386.58386 18.839 0.043
5386.66813 18.837 0.043
5388.71571 18.942 0.044
5389.58574 18.901 0.039
5390.56787 18.970 0.055
5390.82478 18.884 0.047
5391.81073 18.886 0.046
5392.70623 18.872 0.041
5393.71913 18.860 0.051
5396.61586 18.928 0.047
5397.67859 18.970 0.061
5402.68351 18.905 0.147
5403.65106 18.882 0.045
5404.52218 18.883 0.051
5404.71944 18.995 0.067
5405.73506 18.806 0.046
5407.58873 18.918 0.051
5408.50459 18.977 0.053
5408.71171 18.844 0.045
5409.66836 18.869 0.031
5410.67178 18.952 0.047
5411.70732 18.891 0.033
5412.64542 18.867 0.045
5413.70023 18.924 0.041
5414.74719 18.828 0.043
5418.61423 18.777 0.033
5421.64272 18.927 0.040
5422.71880 18.887 0.037
5425.55186 18.922 0.038
5430.55173 18.981 0.059
5431.54698 18.954 0.044
5434.51134 19.000 0.065
5435.48296 18.921 0.052
5436.48090 18.992 0.065
5438.51618 18.915 0.059
5439.58436 18.975 0.057
5443.59862 18.861 0.044
5444.62391 18.919 0.056
5446.50561 18.867 0.041
5447.52211 18.991 0.051
5448.62047 18.925 0.046
5450.53453 18.983 0.059
5451.66433 18.842 0.046
5457.55991 18.806 0.035
5458.59005 18.908 0.054
5459.62119 18.690 0.044
5461.50331 18.541 0.044
5462.51816 18.582 0.037
5465.52427 18.627 0.052
5467.50410 18.625 0.034
5468.57762 18.671 0.049
5470.52849 18.818 0.044
5471.53583 18.844 0.045
5471.60059 18.863 0.044
5472.56727 18.899 0.047
5473.51741 18.810 0.066
5476.50696 18.785 0.041
5478.49507 18.784 0.046
5479.52266 19.018 0.061
5480.51892 18.958 0.059
5481.48774 18.900 0.088
5485.53459 18.870 0.056
5486.52093 19.019 0.068
5487.50391 18.932 0.049
5488.48785 18.961 0.090
5488.55413 18.825 0.071
5489.54476 18.769 0.081
5490.54079 18.885 0.078
5492.53758 18.879 0.082
5495.49118 18.833 0.073
5497.49388 19.044 0.113
5499.49830 18.937 0.094
5502.51049 18.894 0.062
5598.87579 18.972 0.058
5599.88395 18.984 0.053
5600.87453 18.893 0.040
5616.89161 18.980 0.063
5622.89088 18.899 0.031
5625.82454 18.834 0.044
5627.81749 18.979 0.047
5628.90066 18.950 0.042
5629.82804 18.966 0.045
5631.85674 18.930 0.044
5632.90734 18.861 0.049
5633.81182 19.066 0.042
5634.80556 18.962 0.044
5637.84084 18.950 0.072
5639.80502 18.981 0.054
5639.88053 18.836 0.039
5640.77773 18.857 0.060
5640.85414 18.948 0.051
5641.76907 18.889 0.050
5641.89388 18.893 0.048
5642.83341 18.827 0.045
5643.76020 18.950 0.052
5643.85824 18.986 0.044
5644.76410 18.958 0.091
5644.87908 18.889 0.044
5648.74991 18.847 0.070
5648.85646 18.901 0.039
5649.75573 19.099 0.068
5649.86237 18.948 0.042
5650.74780 18.899 0.061
5650.84923 18.933 0.038
5651.76846 18.975 0.040
5651.88186 18.874 0.040
5652.81005 18.949 0.034
5653.77850 18.897 0.036
5654.78147 18.975 0.041
5654.87162 18.975 0.039
5655.78280 19.067 0.049
5655.86561 18.827 0.033
5656.81685 18.858 0.036
5657.77922 19.014 0.036
5657.86335 18.920 0.042
5658.77442 18.971 0.066
5658.87122 18.897 0.038
5659.72803 19.015 0.047
5659.80489 18.881 0.039
5659.89389 18.959 0.038
5660.77749 18.997 0.045
5660.87651 18.965 0.069
5662.76959 18.990 0.057
5662.86960 18.921 0.038
5663.77220 18.755 0.038
5664.81546 18.828 0.040
5664.91953 18.997 0.048
5665.80211 18.937 0.038
5665.91395 18.975 0.037
5667.88010 18.881 0.034
5668.88848 18.907 0.056
5669.87834 18.919 0.045
5670.85615 18.866 0.049
5675.92599 18.939 0.054
5676.82905 18.926 0.036
5677.77836 18.905 0.038
5679.69916 18.823 0.069
5679.88491 18.820 0.035
5680.77322 18.782 0.043
5681.67655 18.928 0.047
5681.85999 19.000 0.075
5682.75199 18.888 0.037
5683.69899 18.987 0.043
5683.92080 18.863 0.034
5684.83447 18.994 0.043
5685.80774 18.884 0.029
5686.71848 18.965 0.039
5686.90419 18.930 0.050
5687.79641 18.848 0.040
5689.70224 19.021 0.042
5690.70623 19.015 0.043
5691.62538 18.963 0.079
5691.84135 18.875 0.039
5692.74405 18.985 0.044
5692.89877 18.918 0.043
5693.76786 18.856 0.032
5693.92414 18.949 0.051
5694.76842 18.908 0.044
5694.92746 18.869 0.048
5695.81537 19.030 0.044
5696.62010 18.834 0.054
5696.79960 18.957 0.045
5697.62940 18.853 0.052
5697.80700 18.998 0.050
5698.63461 18.948 0.075
5698.80413 18.989 0.062
5703.73295 18.955 0.076
5705.76916 18.922 0.047
5706.66051 18.947 0.066
5707.60458 19.037 0.054
5707.77798 18.923 0.045
5708.57739 18.858 0.071
5708.77151 18.786 0.041
5709.61385 18.866 0.048
5709.62651 18.975 0.049
5712.67182 18.769 0.038
5712.68442 18.946 0.042
5712.84553 18.949 0.045
5713.86145 18.687 0.040
5715.62142 18.402 0.024
5715.80642 18.356 0.022
5716.69208 18.344 0.026
5716.86902 18.373 0.030
5721.78100 18.322 0.023
5722.59222 18.357 0.042
5722.80648 18.462 0.028
5723.68532 18.510 0.032
5723.84307 18.513 0.028
5724.72502 18.448 0.031
5725.63328 18.506 0.032
5726.54970 18.489 0.048
5726.72852 18.410 0.040
5734.70665 18.927 0.062
5734.89047 19.029 0.083
5735.83892 18.884 0.045
5736.57962 18.875 0.041
5736.78865 18.854 0.035
5737.57750 18.961 0.051
5737.76646 18.914 0.035
5738.60577 18.873 0.046
5739.69032 18.955 0.042
5739.86424 18.842 0.051
5740.66640 18.940 0.049
5740.84980 18.725 0.053
5741.61983 18.926 0.039
5741.79908 18.929 0.036
5742.55191 18.789 0.041
5743.60438 19.013 0.062
5743.78155 18.951 0.048
5744.53928 18.971 0.055
5744.75166 18.936 0.041
5745.52879 18.855 0.050
5745.71484 18.812 0.036
5746.54554 18.823 0.070
5746.74291 19.038 0.049
5747.63219 19.027 0.058
5748.60784 18.987 0.051
5749.57898 18.867 0.047
5749.74593 18.957 0.048
5753.78874 18.974 0.075
5759.84013 18.999 0.079
5760.51863 18.799 0.052
5760.72619 19.032 0.053
5762.57839 18.854 0.048
5762.73475 18.884 0.049
5763.80025 18.987 0.066
5764.62874 18.931 0.035
5765.49821 18.904 0.044
5765.69350 18.928 0.044
5766.56447 18.910 0.043
5768.48959 18.938 0.045
5768.68143 18.912 0.032
5769.51324 18.860 0.042
5769.72707 18.893 0.043
5775.59649 18.975 0.051
5776.65015 18.948 0.047
5777.57821 19.017 0.047
5778.50637 18.847 0.055
5779.64514 18.965 0.039
5783.56734 18.793 0.075
5784.59134 18.906 0.048
5785.67072 18.923 0.058
5786.61639 18.990 0.054
5787.65076 18.864 0.043
5788.57183 18.776 0.045
5790.63010 18.975 0.054
5791.52757 18.901 0.048
5793.48271 18.933 0.058
5793.54821 18.886 0.040
5793.60289 18.933 0.045
5793.63882 18.867 0.044
5793.69601 18.868 0.050
5793.73036 18.944 0.060
5794.48567 18.928 0.056
5794.53988 18.994 0.047
5794.63591 18.945 0.042
5795.53036 19.014 0.062
5796.50366 18.930 0.063
5796.69562 18.813 0.048
5801.61212 18.915 0.048
5802.64489 18.930 0.059
5804.59789 18.789 0.034
5805.55963 18.948 0.035
5806.55677 19.049 0.070
5812.50024 18.953 0.070
5812.65944 19.062 0.103
5813.64111 18.955 0.044
5815.61881 19.033 0.046
5816.59033 18.968 0.056
5817.59219 18.885 0.051
5818.57243 18.840 0.051
5819.58073 19.027 0.050
5820.55879 18.870 0.045
5822.52844 18.921 0.054
5822.61690 18.834 0.043
5823.54832 18.882 0.058
5823.63235 18.781 0.059
5824.56991 18.977 0.045
5825.49071 18.804 0.051
5825.58656 18.918 0.049
5826.50975 18.872 0.054
5826.59793 18.917 0.062
5827.53580 18.924 0.062
5828.54918 18.900 0.039
5829.55995 18.884 0.042
5830.48590 18.923 0.038
5830.57288 18.974 0.047
5831.54506 18.935 0.044
5831.61817 18.794 0.053
5832.56806 18.909 0.047
5833.52635 19.016 0.045
5834.56331 18.939 0.042
5835.54673 18.913 0.066
5836.54238 18.945 0.066
5839.48892 18.891 0.060
5839.56779 19.115 0.071
5840.51879 18.835 0.049
5840.61312 18.864 0.058
5841.54169 18.998 0.066
5842.49785 19.025 0.097
5842.59032 19.126 0.084
5843.54459 18.957 0.059
5844.48826 18.853 0.069
5844.56918 18.850 0.065
5845.53016 19.006 0.082
5846.49074 18.897 0.086
5847.54658 18.849 0.081
5850.51773 18.910 0.049
5850.57755 18.916 0.045
5851.55744 18.812 0.047
5852.50865 18.763 0.060
5854.49803 18.970 0.101
5854.56164 19.020 0.097
5855.55657 18.775 0.056
5857.50059 18.973 0.085
5859.50934 18.800 0.053
5860.52483 18.969 0.067
5861.53737 19.068 0.079
5866.51375 18.887 0.087
5867.51726 18.919 0.056
5868.51826 19.024 0.090
5869.50919 18.870 0.069
5870.51485 18.987 0.060
5970.87732 18.869 0.075
5976.85662 18.873 0.039
5977.84866 18.954 0.050
5978.86684 18.937 0.042
5979.87129 19.036 0.045
5982.81857 18.876 0.039
5983.82067 18.843 0.047
5984.82003 18.824 0.043
5984.90128 18.907 0.053
5985.87600 18.917 0.035
5986.85723 18.977 0.041
5987.83359 18.933 0.045
5988.82091 18.846 0.043
5989.80639 19.037 0.059
5989.88436 18.782 0.041
5990.85047 18.923 0.043
5992.79735 18.845 0.050
5992.88417 18.875 0.032
5993.86342 18.761 0.049
5994.83233 19.093 0.090
5995.78905 18.805 0.043
5995.84658 18.902 0.040
5996.80017 18.887 0.042
5996.88449 18.965 0.037
5997.83160 19.016 0.052
5998.78230 18.856 0.055
5998.87256 18.899 0.042
5999.80480 18.820 0.043
5999.89170 18.889 0.038
6003.88852 18.981 0.050
6004.82144 18.931 0.042
6004.90763 18.971 0.042
6005.83146 18.969 0.048
6006.76388 18.996 0.038
6006.86655 18.828 0.052
6007.76990 19.043 0.045
6007.86534 18.928 0.038
6008.76350 18.861 0.039
6008.86082 19.005 0.060
6009.76113 18.970 0.041
6009.86108 18.970 0.042
6010.75413 18.832 0.048
6010.85479 18.950 0.033
6011.73879 18.972 0.049
6011.85101 19.010 0.052
6012.75239 18.985 0.043
6012.84957 18.915 0.035
6013.75590 18.983 0.045
6013.83476 18.866 0.034
6014.73199 18.859 0.045
6014.80891 18.894 0.034
6014.90831 18.807 0.041
6015.78713 19.047 0.035
6015.87543 18.913 0.031
6016.76874 18.882 0.033
6016.87184 18.914 0.034
6017.75677 18.892 0.063
6017.83416 18.923 0.029
6018.82255 18.981 0.042
6019.72321 18.868 0.049
6019.81962 19.002 0.042
6019.89669 18.882 0.031
6020.75549 18.916 0.052
6020.84977 18.946 0.032
6021.71134 19.050 0.075
6021.78831 18.862 0.043
6021.88540 18.879 0.033
6022.73687 18.982 0.046
6022.81340 18.920 0.037
6022.91313 18.875 0.036
6023.77077 18.904 0.040
6023.85151 18.824 0.039
6024.72743 19.001 0.060
6024.82896 18.893 0.041
6024.91992 19.016 0.053
6025.70305 18.932 0.073
6025.78111 18.834 0.061
6025.88530 18.944 0.055
6029.90937 18.828 0.043
6031.76911 18.924 0.044
6032.69793 18.885 0.052
6032.87773 18.942 0.034
6033.81580 18.844 0.040
6034.75565 18.879 0.033
6035.89898 18.900 0.040
6036.88071 18.971 0.033
6037.85262 18.961 0.038
6038.80218 18.877 0.035
6039.79299 19.064 0.049
6040.77948 18.899 0.042
6041.72625 18.833 0.046
6041.91623 18.954 0.037
6047.69583 18.954 0.040
6047.88695 18.908 0.041
6048.81489 18.953 0.037
6049.73527 18.924 0.033
6049.91590 18.875 0.033
6050.82062 18.957 0.039
6051.74342 18.869 0.037
6052.80434 18.918 0.039
6053.66077 18.780 0.052
6053.84955 18.953 0.050
6058.69291 18.857 0.039
6058.86362 18.851 0.038
6059.74930 18.938 0.042
6059.92608 18.893 0.037
6061.82761 18.994 0.070
6062.69689 18.835 0.040
6062.87571 18.821 0.037
6063.84484 18.821 0.053
6064.77748 18.920 0.029
6065.62173 18.889 0.041
6065.80239 18.851 0.037
6066.71519 18.924 0.040
6066.90042 18.978 0.037
6067.70220 18.932 0.036
6067.88017 18.928 0.049
6068.71407 18.843 0.033
6068.93339 18.901 0.043
6069.67905 19.000 0.040
6069.86998 18.879 0.030
6070.66658 18.940 0.042
6070.84316 18.858 0.035
6071.82234 18.859 0.035
6075.62373 18.908 0.037
6075.80610 18.847 0.029
6076.65680 18.803 0.041
6076.83838 18.893 0.043
6077.77676 18.776 0.034
6078.59908 18.776 0.045
6078.77728 18.773 0.032
6079.57488 18.574 0.034
6079.76365 18.723 0.031
6079.93315 18.777 0.039
6080.70895 18.685 0.033
6080.88582 18.582 0.036
6081.65895 18.445 0.035
6081.84009 18.457 0.028
6082.65073 18.657 0.064
6082.85438 18.550 0.056
6085.66317 18.629 0.044
6085.82606 18.695 0.043
6086.59916 18.597 0.033
6086.78265 18.611 0.052
6087.57816 18.441 0.027
6087.86228 19.040 0.075
6089.63051 18.704 0.031
6089.81882 18.692 0.043
6092.66510 18.768 0.037
6093.57981 18.945 0.045
6093.77967 18.861 0.048
6094.63055 18.881 0.048
6094.80336 18.814 0.038
6096.62120 18.884 0.038
6096.81582 19.106 0.055
6097.75231 18.754 0.067
6097.90545 18.845 0.056
6098.71339 18.986 0.052
6098.88061 18.826 0.046
6100.57302 18.870 0.049
6100.74978 18.920 0.041
6101.52663 18.785 0.038
6101.68024 18.845 0.032
6101.86716 18.863 0.049
6102.66324 18.911 0.038
6102.82125 19.022 0.046
6103.57179 18.939 0.048
6103.75084 18.913 0.037
6104.57039 18.800 0.034
6104.73546 18.979 0.030
6105.48696 18.809 0.070
6105.68353 18.920 0.038
6106.69776 18.874 0.058
6108.67485 18.870 0.042
6108.83701 18.934 0.040
6109.66674 18.900 0.064
6109.82767 19.060 0.070
6113.62973 18.968 0.054
6113.78791 18.816 0.040
6114.63859 19.053 0.061
6114.81056 18.835 0.053
6115.57408 18.900 0.044
6115.80378 19.014 0.058
6116.62515 18.912 0.051
6116.80003 18.946 0.047
6117.59326 18.967 0.035
6117.77280 18.952 0.040
6118.54651 18.862 0.035
6118.73508 18.953 0.033
6119.50909 18.997 0.057
6119.68781 18.859 0.034
6120.52378 18.931 0.052
6120.71866 18.926 0.041
6121.51555 18.915 0.036
6123.55409 18.881 0.041
6123.72941 18.883 0.038
6124.52748 18.857 0.040
6124.73797 18.888 0.034
6125.54150 18.928 0.045
6125.74538 18.859 0.033
6126.57637 18.935 0.051
6127.47906 18.950 0.054
6127.75502 18.955 0.044
6128.68259 18.950 0.037
6131.55281 18.901 0.047
6132.55506 19.011 0.048
6133.53898 18.942 0.062
6133.74199 18.779 0.040
6134.66172 18.825 0.046
6135.64106 18.745 0.054
6136.48852 18.888 0.063
6140.62279 19.025 0.060
6141.64473 18.855 0.048
6142.49277 18.728 0.055
6147.50613 18.909 0.046
6147.70395 18.963 0.052
6148.64011 18.928 0.032
6150.48438 18.891 0.049
6150.67980 18.985 0.050
6151.66221 18.965 0.046
6152.53882 18.979 0.048
6154.48712 19.018 0.048
6154.72282 18.852 0.053
6158.57601 19.115 0.074
6158.73506 18.857 0.046
6159.70199 18.866 0.046
6160.66115 19.046 0.062
6161.55782 18.780 0.049
6164.55676 18.947 0.087
6167.54005 18.850 0.048
6168.54183 18.864 0.036
6169.54544 18.849 0.053
6171.49707 18.927 0.039
6171.68827 18.896 0.049
6172.64833 18.868 0.037
6175.59830 18.765 0.037
6179.51215 18.483 0.044
6179.58959 18.418 0.040
6180.57523 18.587 0.033
6181.53591 18.481 0.028
6182.53733 18.649 0.033
6183.59534 18.521 0.044
6184.47790 18.595 0.042
6184.50522 18.545 0.027
6184.52101 18.514 0.027
6184.56499 18.472 0.024
6184.59521 18.525 0.026
6184.59963 18.508 0.026
6184.63447 18.658 0.044
6185.47510 18.540 0.038
6185.54180 18.581 0.023
6185.60230 18.539 0.027
6186.55231 18.555 0.030
6190.59018 18.809 0.043
6191.62632 18.803 0.037
6195.55994 18.948 0.045
6195.63646 18.774 0.042
6196.55696 18.885 0.050
6196.63354 19.081 0.074
6197.55870 18.862 0.059
6198.56512 19.072 0.070
6200.60000 18.909 0.076
6201.58046 19.051 0.089
6203.52088 18.954 0.055
6203.61235 19.038 0.089
6204.56376 18.792 0.046
6205.50509 18.812 0.038
6205.58619 18.809 0.039
6208.53207 18.834 0.044
6209.58141 18.855 0.053
6210.55720 18.873 0.047
6211.50791 19.041 0.045
6211.58871 18.997 0.049
6212.50737 18.884 0.040
6212.58278 18.833 0.042
6213.53664 18.849 0.046
6214.51570 18.918 0.045
6216.51646 19.080 0.052
6216.57815 19.028 0.068
6217.54907 18.962 0.041
6218.52415 18.741 0.044
6219.55574 18.921 0.046
6221.53036 18.985 0.110
6221.55625 18.712 0.082
6223.58213 18.864 0.066
6226.51802 18.955 0.077
6231.52303 18.812 0.063
6233.55194 18.782 0.060
6238.52730 18.844 0.069
6334.88745 18.834 0.045
6335.86443 18.977 0.045
6337.87723 18.845 0.054
6338.85480 18.913 0.048
6339.85004 18.899 0.040
6340.86977 18.919 0.038
6342.83704 18.870 0.054
6343.88191 18.880 0.049
6344.88671 18.845 0.034
6347.82843 18.914 0.046
6348.82349 18.926 0.080
6349.83486 18.905 0.054
6350.83666 18.837 0.043
6351.83673 18.920 0.052
6352.83607 18.905 0.047
6353.80955 19.012 0.046
6354.78212 18.960 0.062
6358.83199 18.944 0.037
6360.82346 19.014 0.043
6361.80849 18.923 0.036
6361.88732 18.907 0.039
6362.87041 18.935 0.036
6363.79875 18.896 0.042
6363.89844 18.951 0.037
6367.89762 18.965 0.033
6368.84882 18.924 0.037
6369.78776 18.919 0.056
6369.88226 18.891 0.035
6370.83090 18.997 0.039
6370.91405 18.836 0.040
6371.84408 18.999 0.039
6372.83654 18.989 0.035
6373.76021 19.057 0.054
6373.85375 19.042 0.041
6374.77081 18.909 0.051
6374.86072 18.899 0.039
6375.76849 18.970 0.038
6375.87574 18.985 0.037
6376.87387 18.930 0.034
6377.79381 18.920 0.034
6377.88435 18.933 0.030
6378.79010 18.898 0.037
6378.88014 18.900 0.031
6379.86502 19.057 0.047
6380.77725 18.908 0.039
6380.88057 18.802 0.036
6381.79845 18.975 0.040
6381.88639 18.910 0.031
6382.79210 19.042 0.092
6382.87162 18.917 0.062
6386.78511 18.879 0.039
6386.89021 19.057 0.052
6387.77407 18.968 0.038
6387.85740 18.902 0.035
6388.79804 18.877 0.060
6388.91157 19.015 0.041
6389.79055 18.891 0.035
6389.86586 18.808 0.038
6390.73176 18.907 0.038
6390.81373 18.914 0.037
6390.90520 18.967 0.039
6391.86275 18.971 0.059
6393.85960 18.821 0.039
6394.82246 18.954 0.044
6395.77468 18.886 0.035
6396.72409 18.818 0.036
6396.90560 18.941 0.034
6397.84945 18.952 0.033
6398.76952 18.998 0.036
6399.68622 18.989 0.050
6399.85955 18.845 0.041
6400.85439 18.954 0.037
6401.78706 18.831 0.033
6402.70765 19.043 0.082
6402.88143 18.937 0.055
6403.78791 18.836 0.028
6404.73070 18.964 0.041
6404.90735 18.883 0.035
6405.83301 19.027 0.059
6405.91721 19.020 0.034
6407.65822 18.896 0.079
6407.85291 19.039 0.053
6408.79726 18.919 0.063
6409.91065 18.816 0.057
6415.86939 18.889 0.073
6416.76686 18.834 0.033
6417.69147 18.923 0.050
6417.85523 18.906 0.040
6418.71362 18.865 0.036
6418.87817 19.027 0.034
6419.76334 18.901 0.040
6420.62796 18.836 0.036
6420.77858 18.993 0.033
6421.80719 18.986 0.038
6422.75093 18.967 0.037
6423.71033 18.994 0.044
6423.90721 18.889 0.036
6424.76957 19.054 0.038
6426.62921 19.091 0.053
6426.86950 18.930 0.040
6427.90574 18.832 0.039
6428.65996 18.772 0.044
6428.85677 18.894 0.040
6431.65823 18.851 0.044
6431.84275 19.009 0.038
6432.68207 19.011 0.052
6432.86472 18.904 0.038
6433.66901 18.883 0.047
6433.86932 18.958 0.052
6434.77209 18.799 0.059
6435.61912 19.040 0.071
6435.80558 18.932 0.044
6436.60521 18.873 0.053
6436.79591 18.886 0.044
6437.73671 19.025 0.078
6437.89334 18.956 0.085
6441.71118 18.960 0.063
6441.83256 18.935 0.063
6442.61263 18.943 0.042
6442.79654 18.919 0.032
6443.59734 18.943 0.062
6443.62945 18.968 0.055
6443.67635 19.030 0.057
6444.70729 18.791 0.042
6444.81582 19.066 0.051
6445.61552 18.827 0.041
6445.82157 18.848 0.038
6446.60522 18.999 0.040
6446.79525 18.922 0.030
6447.58250 19.002 0.048
6447.76694 19.014 0.049
6447.93002 18.868 0.040
6448.69302 18.845 0.041
6448.87844 18.859 0.045
6449.65482 18.789 0.062
6449.83852 18.920 0.040
6450.60478 18.926 0.040
6450.78857 18.894 0.034
6451.54859 18.926 0.064
6451.72973 18.939 0.037
6451.90750 18.913 0.047
6452.68271 18.905 0.031
6452.91843 18.788 0.039
6454.70157 18.877 0.033
6454.87685 19.075 0.048
6455.73930 18.889 0.042
6456.65873 18.885 0.029
6456.87994 18.856 0.056
6457.81884 18.896 0.059
6458.60219 18.972 0.052
6458.78725 18.953 0.038
6459.55426 18.989 0.047
6459.74632 18.927 0.031
6459.90620 19.001 0.060
6460.84113 18.966 0.047
6461.67029 18.849 0.042
6461.89231 18.879 0.043
6462.83289 18.864 0.046
6463.60694 18.851 0.052
6463.79823 18.978 0.045
6464.61567 18.929 0.059
6464.80680 18.953 0.051
6468.60178 18.840 0.051
6468.81568 18.939 0.048
6469.68785 18.978 0.054
6471.60970 18.827 0.049
6472.65905 18.889 0.045
6472.84470 18.870 0.057
6473.62141 18.801 0.030
6473.80606 18.682 0.037
6474.56837 18.558 0.036
6474.75914 18.449 0.031
6475.53156 18.474 0.037
6475.73512 18.509 0.027
6476.50161 18.412 0.036
6476.69016 18.538 0.033
6477.68338 18.398 0.030
6478.53318 18.541 0.038
6479.59531 18.438 0.030
6480.69337 18.513 0.026
6481.50072 18.352 0.033
6481.74416 18.523 0.032
6483.61292 18.547 0.041
6485.47191 18.661 0.049
6485.70456 18.623 0.027
6486.62775 18.748 0.044
6486.82716 18.677 0.035
6487.62827 18.721 0.029
6487.82120 18.883 0.043
6490.69801 18.874 0.035
6491.54429 18.831 0.048
6491.76041 18.809 0.039
6492.58277 18.843 0.040
6492.76185 18.749 0.049
6496.59658 18.848 0.079
6497.70203 18.919 0.057
6498.52929 18.980 0.038
6498.70930 18.909 0.041
6499.54335 18.967 0.037
6500.69826 18.996 0.062
6501.68111 18.876 0.034
6504.69659 18.927 0.039
6505.62563 18.875 0.048
6505.78636 18.845 0.066
6506.73970 18.828 0.051
6508.49716 18.953 0.080
6508.68940 18.950 0.038
6509.61317 18.939 0.031
6510.47741 18.918 0.035
6510.69934 18.937 0.053
6511.64077 18.975 0.057
6514.49827 18.870 0.048
6514.75325 18.900 0.043
6515.73630 18.943 0.039
6516.69109 18.912 0.050
6519.65389 18.983 0.040
6523.56814 18.935 0.043
6524.49104 18.854 0.042
6525.49183 18.975 0.069
6526.63515 18.795 0.048
6531.53862 18.859 0.041
6532.53687 18.961 0.046
6533.55105 18.963 0.045
6534.61327 18.912 0.038
6536.59384 18.947 0.035
6539.48192 18.948 0.044
6541.48009 18.912 0.057
6543.55847 18.979 0.044
6544.58645 18.937 0.045
6545.63504 18.854 0.038
6547.60383 18.862 0.064
6555.57400 18.983 0.054
6558.54135 18.948 0.041
6560.63971 18.860 0.052
6562.59479 18.870 0.036
6563.60612 18.824 0.044
6564.53954 18.906 0.043
6565.51124 18.824 0.044
6565.60624 18.886 0.043
6567.57947 18.733 0.045
6568.57549 19.002 0.056
6569.53653 18.957 0.038
6570.49090 18.924 0.055
6571.52218 18.854 0.054
6571.60645 18.944 0.059
6572.58129 18.799 0.051
6573.53196 18.872 0.041
6577.51322 18.946 0.089
6578.49145 18.708 0.053
6578.58513 18.963 0.057
6581.50648 18.956 0.049
6582.51980 18.987 0.061
6583.51725 18.745 0.070
6584.51264 18.764 0.055
6585.51311 18.900 0.060
6586.53405 18.918 0.067
6590.51932 18.960 0.071
6590.54657 18.753 0.048
6593.49512 18.670 0.098
6593.50929 18.927 0.057
6593.51411 18.744 0.048
6595.51716 18.844 0.055
6600.50453 18.688 0.060
