2125.57752 17.627 0.038
2129.65745 17.623 0.022
2132.59997 17.619 0.029
2135.73822 17.715 0.028
2140.69996 17.649 0.035
2144.58780 17.620 0.029
2160.56895 17.636 0.031
2175.61042 17.575 0.047
2187.54581 17.558 0.031
2206.54077 17.641 0.052
2331.88185 17.602 0.026
2355.85621 17.624 0.024
2364.91366 17.638 0.030
2372.81439 17.622 0.024
2403.86910 17.616 0.023
2411.81771 17.663 0.020
2414.75251 17.638 0.024
2416.78783 17.621 0.027
2424.88315 17.600 0.035
2428.78265 17.632 0.028
2432.82714 17.612 0.031
2434.69302 17.601 0.025
2436.74907 17.601 0.024
2436.76483 17.580 0.023
2438.71887 17.578 0.024
2440.75205 17.624 0.024
2443.72127 17.635 0.029
2445.60223 17.632 0.024
2448.59845 17.592 0.040
2453.84246 17.558 0.032
2455.67398 17.597 0.027
2456.55400 17.649 0.033
2458.69089 17.565 0.023
2460.76328 17.594 0.030
2463.51248 17.612 0.028
2466.72204 17.630 0.028
2468.59455 17.637 0.022
2470.59787 17.600 0.026
2472.63070 17.621 0.027
2484.59267 17.581 0.033
2486.68543 17.658 0.038
2490.65194 17.611 0.034
2493.61411 17.581 0.026
2495.68548 17.570 0.023
2497.76947 17.574 0.030
2498.47886 17.591 0.023
2500.50361 17.611 0.028
2502.53642 17.583 0.023
2508.63574 17.610 0.028
2512.58316 17.597 0.029
2517.62502 17.596 0.025
2520.55186 17.590 0.024
2526.64086 17.607 0.025
2537.62049 17.580 0.042
2542.48786 17.599 0.042
2547.55530 17.622 0.032
2551.59276 17.643 0.037
2556.54620 17.590 0.029
2564.50338 17.616 0.036
2575.50200 17.582 0.034
2706.88834 17.615 0.024
2714.87260 17.585 0.023
2728.90371 17.612 0.029
2733.88488 17.633 0.033
2744.87228 17.607 0.022
2753.85795 17.575 0.025
2756.92770 17.613 0.026
2760.87070 17.616 0.029
2766.92387 17.593 0.028
2770.79464 17.616 0.028
2783.73926 17.591 0.021
2785.85121 17.578 0.031
2786.90463 17.596 0.032
2789.71485 17.603 0.024
2791.69601 17.602 0.024
2794.91570 17.625 0.027
2796.78184 17.618 0.022
2797.94452 17.623 0.034
2803.63644 17.445 0.066
2809.68801 17.585 0.023
2810.85486 17.587 0.026
2811.88664 17.664 0.038
2813.68344 17.633 0.030
2814.70567 17.594 0.024
2816.56873 17.645 0.025
2818.55622 17.591 0.030
2820.72135 17.608 0.027
2826.72182 17.589 0.025
2834.75826 17.614 0.050
2836.70274 17.601 0.028
2837.60001 17.569 0.035
2839.64829 17.582 0.031
2841.67075 17.624 0.028
2843.59656 17.644 0.028
2845.62592 17.612 0.029
2850.48349 17.585 0.026
2852.49879 17.593 0.034
2854.49639 17.589 0.037
2856.68609 17.581 0.031
2858.65144 17.588 0.026
2862.57802 17.608 0.031
2865.68734 17.630 0.027
2868.56714 17.618 0.024
2871.67431 17.579 0.022
2876.55793 17.604 0.025
2879.60209 17.620 0.028
2885.49698 17.583 0.032
2894.60480 17.585 0.031
2898.58968 17.593 0.030
2898.65292 17.584 0.033
2898.66551 17.575 0.037
2898.67183 17.631 0.038
2904.56244 17.570 0.032
2909.55697 17.623 0.031
2917.59691 17.582 0.034
2930.53952 17.579 0.028
3058.86781 17.605 0.023
3063.89141 17.597 0.023
3067.86628 17.597 0.023
3070.82622 17.619 0.033
3072.90503 17.608 0.023
3075.80191 17.620 0.030
3079.85839 17.623 0.028
3082.82125 17.585 0.022
3084.87685 17.581 0.021
3086.81088 17.613 0.020
3088.76855 17.635 0.021
3089.87786 17.610 0.020
3091.79502 17.581 0.020
3096.83249 17.601 0.026
3098.87996 17.625 0.019
3100.83033 17.596 0.023
3102.79370 17.618 0.025
3103.86445 17.593 0.024
3106.80141 17.611 0.032
3108.73893 17.608 0.023
3109.76554 17.606 0.022
3110.80501 17.598 0.022
3111.83904 17.632 0.024
3112.81234 17.618 0.020
3113.84622 17.633 0.021
3114.75630 17.605 0.020
3115.83885 17.612 0.021
3118.90036 17.613 0.025
3122.88384 17.610 0.033
3125.84039 17.612 0.033
3126.86973 17.578 0.028
3127.77530 17.580 0.024
3128.79368 17.585 0.021
3129.76833 17.622 0.029
3131.65597 17.550 0.043
3134.73615 17.643 0.055
3134.85356 17.620 0.040
3135.83658 17.596 0.021
3137.91213 17.613 0.026
3138.79639 17.585 0.021
3139.84058 17.620 0.020
3140.84799 17.615 0.025
3142.74017 17.617 0.020
3144.76081 17.623 0.022
3146.73886 17.620 0.028
3151.72305 17.609 0.028
3152.72681 17.582 0.024
3152.94018 17.633 0.040
3153.73079 17.606 0.029
3154.79172 17.637 0.032
3156.77431 17.661 0.033
3158.84937 17.578 0.032
3162.78580 17.615 0.027
3163.74709 17.589 0.023
3164.70539 17.631 0.022
3165.77669 17.582 0.017
3166.86826 17.704 0.042
3168.56433 17.592 0.024
3168.90256 17.619 0.028
3169.69919 17.610 0.026
3170.77688 17.614 0.021
3171.87203 17.624 0.024
3172.71997 17.614 0.019
3174.68294 17.615 0.019
3175.69225 17.581 0.018
3176.73527 17.610 0.032
3178.75343 17.586 0.025
3179.76641 17.639 0.023
3180.67915 17.606 0.018
3182.74631 17.615 0.023
3183.70482 17.621 0.027
3184.67230 17.608 0.020
3185.83694 17.589 0.024
3193.50606 17.566 0.034
3193.61038 17.604 0.020
3194.61553 17.603 0.025
3195.67198 17.603 0.023
3196.71571 17.626 0.029
3197.61568 17.603 0.024
3199.76047 17.638 0.031
3202.51128 17.619 0.023
3203.63228 17.632 0.019
3204.59317 17.606 0.019
3205.73488 17.588 0.019
3206.64247 17.617 0.022
3209.68555 17.592 0.029
3210.63058 17.612 0.025
3217.62498 17.589 0.024
3218.62437 17.684 0.032
3219.72784 17.644 0.038
3223.62175 17.585 0.030
3224.67149 17.617 0.022
3226.58471 17.594 0.027
3228.57286 17.609 0.022
3229.61582 17.606 0.023
3230.63959 17.592 0.020
3231.54064 17.570 0.027
3232.56927 17.540 0.031
3238.59018 17.565 0.027
3239.54996 17.592 0.024
3240.62667 17.621 0.028
3241.62569 17.571 0.041
3245.52007 17.607 0.029
3246.63216 17.619 0.035
3247.64765 17.582 0.027
3249.49920 17.573 0.024
3250.62681 17.603 0.026
3253.62007 17.614 0.024
3256.60299 17.630 0.031
3259.59520 17.575 0.028
3267.50219 17.656 0.029
3272.56116 17.573 0.030
3274.60159 17.570 0.033
3278.57334 17.610 0.029
3281.55409 17.619 0.027
3288.51562 17.536 0.026
3293.49047 17.619 0.030
3295.49495 17.574 0.021
3299.49834 17.595 0.020
3312.50741 17.666 0.043
3416.88948 17.561 0.025
3421.87124 17.600 0.025
3425.89069 17.602 0.034
3428.88668 17.624 0.025
3432.86029 17.585 0.029
3442.86095 17.652 0.027
3444.91384 17.584 0.027
3447.82699 17.552 0.022
3449.83985 17.598 0.024
3452.86045 17.601 0.022
3454.91399 17.590 0.026
3458.77308 17.610 0.025
3459.82073 17.532 0.024
3468.84950 17.601 0.019
3469.85641 17.617 0.018
3471.88395 17.643 0.028
3473.85194 17.637 0.025
3474.87537 17.570 0.021
3476.74812 17.593 0.020
3478.76384 17.608 0.020
3479.90107 17.589 0.018
3481.79175 17.583 0.020
3484.74754 17.611 0.032
3496.69596 17.571 0.029
3497.76341 17.574 0.027
3499.72094 17.644 0.020
3500.70374 17.551 0.022
3501.74176 17.625 0.024
3502.74034 17.613 0.020
3503.66692 17.555 0.021
3504.84600 17.648 0.021
3506.85766 17.650 0.023
3508.72413 17.591 0.028
3509.75466 17.581 0.022
3510.89496 17.592 0.020
3511.80681 17.584 0.021
3512.83548 17.650 0.031
3517.82993 17.577 0.026
3520.78714 17.630 0.023
3522.71312 17.612 0.017
3523.77422 17.543 0.019
3524.67634 17.568 0.022
3525.67045 17.595 0.020
3526.72320 17.629 0.021
3527.75702 17.566 0.020
3528.69798 17.671 0.021
3529.65588 17.573 0.018
3530.66395 17.668 0.019
3538.64221 17.586 0.020
3540.62942 17.644 0.026
3544.82914 17.604 0.029
3547.76067 17.547 0.022
3550.60756 17.716 0.027
3551.60988 17.595 0.018
3552.64067 17.617 0.020
3553.76627 17.602 0.035
3554.71963 17.641 0.026
3555.78383 17.604 0.029
3556.69599 17.638 0.021
3558.50679 17.607 0.027
3558.80547 17.615 0.024
3559.58836 17.564 0.024
3560.57677 17.593 0.022
3561.52087 17.544 0.024
3562.56150 17.565 0.022
3562.81286 17.619 0.024
3563.61574 17.579 0.019
3564.59743 17.567 0.023
3569.53421 17.642 0.035
3573.62465 17.624 0.032
3574.66563 17.640 0.026
3575.51319 17.597 0.022
3576.66715 17.574 0.022
3577.73481 17.586 0.022
3578.64002 17.601 0.020
3579.59731 17.592 0.021
3579.76501 17.576 0.026
3580.62709 17.592 0.025
3581.65056 17.631 0.021
3582.59866 17.599 0.020
3583.61262 17.593 0.025
3584.62139 17.612 0.021
3585.61170 17.561 0.018
3586.65743 17.571 0.019
3589.65012 17.605 0.017
3590.61900 17.551 0.020
3592.62587 17.609 0.018
3593.65204 17.596 0.019
3594.68390 17.618 0.020
3601.62607 17.598 0.022
3602.64217 17.605 0.025
3603.61617 17.530 0.023
3607.61449 17.571 0.020
3608.62143 17.595 0.026
3615.55715 17.596 0.020
3616.56461 17.677 0.030
3618.54127 17.604 0.021
3619.56591 17.590 0.024
3621.56553 17.600 0.026
3628.53941 17.600 0.028
3629.62407 17.639 0.034
3631.50896 17.599 0.030
3633.52207 17.579 0.028
3637.61824 17.573 0.030
3639.57177 17.539 0.018
3641.52394 17.557 0.028
3643.60031 17.551 0.033
3648.51618 17.623 0.027
3650.55356 17.619 0.027
3654.52538 17.606 0.041
3655.50403 17.556 0.026
3657.51153 17.700 0.030
3660.50569 17.547 0.028
3662.51092 17.559 0.030
3666.53844 17.582 0.024
3776.84622 17.638 0.037
3781.87247 17.639 0.037
3784.85638 17.632 0.025
3787.89304 17.611 0.025
3791.87114 17.622 0.030
3794.85079 17.530 0.022
3796.83850 17.633 0.026
3797.84240 17.599 0.022
3798.89039 17.613 0.021
3801.81398 17.579 0.025
3803.80303 17.577 0.022
3804.85035 17.617 0.024
3805.89076 17.638 0.022
3807.87907 17.602 0.022
3808.91420 17.608 0.026
3811.87202 17.612 0.023
3812.90373 17.570 0.024
3817.89042 17.597 0.030
3818.91112 17.501 0.022
3820.85714 17.588 0.021
3821.86713 17.563 0.019
3822.76618 17.590 0.033
3823.87545 17.590 0.020
3824.87203 17.605 0.024
3826.87649 17.622 0.024
3828.87883 17.593 0.021
3829.86557 17.604 0.021
3832.86587 17.603 0.024
3833.83574 17.641 0.019
3834.88467 17.594 0.020
3835.82799 17.572 0.019
3836.83366 17.584 0.023
3837.82302 17.607 0.022
3838.82701 17.545 0.028
3839.83915 17.621 0.024
3840.83018 17.610 0.025
3841.80905 17.616 0.024
3845.81194 17.620 0.034
3846.82208 17.610 0.023
3848.83757 17.570 0.020
3849.85086 17.564 0.018
3850.78691 17.591 0.023
3851.79324 17.592 0.028
3852.78172 17.599 0.023
3853.77441 17.615 0.018
3856.76321 17.594 0.023
3858.82713 17.606 0.028
3860.81791 17.561 0.025
3861.82858 17.600 0.018
3862.77620 17.625 0.020
3863.71594 17.588 0.021
3864.77704 17.566 0.019
3865.74141 17.589 0.025
3866.76985 17.622 0.021
3867.70677 17.634 0.024
3868.77279 17.593 0.026
3869.75921 17.557 0.026
3873.76001 17.632 0.021
3874.80461 17.610 0.024
3875.71968 17.602 0.020
3875.74276 17.613 0.018
3875.81551 17.568 0.019
3875.89197 17.576 0.021
3875.93441 17.591 0.021
3876.60195 17.586 0.023
3876.62882 17.619 0.020
3876.70495 17.604 0.019
3877.62694 17.559 0.021
3877.65639 17.611 0.020
3877.74930 17.564 0.018
3877.93182 17.591 0.030
3880.74654 17.597 0.023
3881.75469 17.618 0.020
3881.77769 17.590 0.018
3881.81974 17.608 0.019
3882.69275 17.577 0.022
3883.73420 17.595 0.020
3886.70505 17.611 0.020
3887.56995 17.538 0.027
3887.64533 17.598 0.020
3887.68810 17.615 0.023
3888.58542 17.656 0.028
3889.84645 17.670 0.021
3891.59821 17.571 0.022
3892.84446 17.572 0.021
3893.72924 17.555 0.028
3894.77461 17.606 0.029
3896.72290 17.591 0.023
3900.62576 17.629 0.023
3901.63765 17.543 0.023
3902.65555 17.587 0.026
3903.77776 17.582 0.020
3904.63527 17.614 0.020
3905.64223 17.588 0.020
3906.62377 17.592 0.021
3907.68486 17.620 0.033
3908.62342 17.615 0.021
3909.62782 17.594 0.019
3912.62817 17.594 0.018
3913.62570 17.601 0.018
3914.63983 17.550 0.018
3915.62260 17.582 0.022
3916.70438 17.553 0.021
3917.71706 17.582 0.021
3918.50679 17.607 0.029
3918.71811 17.588 0.022
3919.65130 17.687 0.030
3920.60342 17.593 0.022
3921.61690 17.530 0.028
3930.67636 17.617 0.023
3931.59830 17.617 0.024
3931.74050 17.588 0.032
3932.62575 17.619 0.019
3933.60548 17.633 0.018
3934.57611 17.600 0.020
3935.65331 17.606 0.020
3936.60490 17.575 0.025
3936.79314 17.639 0.027
3937.72162 17.611 0.028
3938.58257 17.615 0.025
3940.72276 17.567 0.021
3944.66750 17.626 0.022
3945.61588 17.629 0.023
3946.60963 17.586 0.023
3950.61461 17.631 0.022
3951.64271 17.655 0.028
3956.64957 17.599 0.032
3957.60403 17.595 0.029
3958.66951 17.609 0.024
3959.59982 17.554 0.022
3960.58810 17.566 0.018
3963.55713 17.625 0.024
3964.62031 17.666 0.023
3965.60604 17.584 0.019
3966.60094 17.583 0.019
3967.62735 17.596 0.021
3968.58358 17.578 0.022
3969.59122 17.590 0.021
3970.60409 17.623 0.023
3971.63411 17.633 0.029
3973.66364 17.552 0.025
3974.59831 17.620 0.023
3975.58978 17.567 0.020
3976.58768 17.501 0.020
3979.61414 17.600 0.031
3982.64269 17.596 0.028
3987.58393 17.607 0.024
3988.60111 17.580 0.018
3990.58514 17.564 0.024
3994.53504 17.610 0.027
3995.66277 17.636 0.031
3996.51081 17.588 0.027
4000.59632 17.581 0.030
4001.61974 17.542 0.029
4002.59034 17.611 0.021
4003.54482 17.569 0.019
4005.64065 17.560 0.027
4006.60952 17.560 0.024
4011.52361 17.587 0.027
4015.55297 17.611 0.034
4017.53065 17.583 0.023
4019.53237 17.618 0.026
4021.53506 17.584 0.035
4024.56460 17.517 0.029
4026.56021 17.576 0.026
4029.51885 17.581 0.032
4143.86811 17.652 0.043
4149.86268 17.590 0.029
4154.90023 17.607 0.030
4157.87101 17.581 0.024
4159.88728 17.598 0.025
4162.83467 17.588 0.032
4164.87443 17.581 0.025
4166.89024 17.597 0.034
4169.80472 17.581 0.027
4174.81232 17.599 0.027
4176.80526 17.587 0.026
4177.85898 17.601 0.026
4178.90175 17.613 0.025
4180.79914 17.597 0.028
4181.88875 17.611 0.025
4183.77082 17.638 0.025
4184.81917 17.589 0.022
4187.91233 17.600 0.026
4190.83028 17.575 0.027
4192.84906 17.588 0.025
4193.85991 17.598 0.024
4194.88158 17.573 0.024
4196.87010 17.609 0.026
4202.85134 17.601 0.021
4203.83948 17.565 0.021
4204.83499 17.597 0.023
4205.83004 17.591 0.022
4207.83862 17.607 0.022
4208.85565 17.576 0.022
4213.83091 17.590 0.022
4215.83714 17.581 0.026
4216.79489 17.634 0.027
4217.80269 17.595 0.020
4218.85761 17.557 0.024
4219.89340 17.508 0.029
4220.83032 17.627 0.032
4221.67036 17.622 0.036
4222.79349 17.581 0.028
4224.91280 17.583 0.035
4227.89403 17.605 0.025
4228.78776 17.580 0.034
4229.77248 17.608 0.032
4230.75626 17.591 0.023
4231.75858 17.570 0.025
4232.77009 17.568 0.027
4234.67354 17.577 0.033
4235.73187 17.598 0.023
4238.78184 17.583 0.026
4239.76192 17.546 0.018
4240.90757 17.568 0.027
4243.80085 17.570 0.028
4244.77572 17.602 0.023
4245.76653 17.583 0.021
4246.82425 17.624 0.027
4250.84961 17.595 0.036
4256.68653 17.598 0.032
4258.69532 17.582 0.030
4267.66059 17.608 0.022
4268.83126 17.582 0.025
4269.63906 17.587 0.024
4272.68958 17.593 0.023
4273.73877 17.555 0.028
4274.53539 17.583 0.040
4275.69019 17.554 0.028
4277.64758 17.606 0.024
4278.66357 17.601 0.035
4283.60887 17.592 0.028
4284.59289 17.569 0.028
4285.59956 17.598 0.034
4286.59574 17.607 0.024
4289.63064 17.600 0.032
4290.66209 17.581 0.029
4291.71686 17.624 0.027
4292.57827 17.591 0.023
4293.60557 17.582 0.021
4294.57741 17.606 0.027
4295.60262 17.587 0.024
4296.58621 17.587 0.029
4298.62430 17.639 0.025
4299.59461 17.576 0.021
4300.49308 17.577 0.030
4301.67334 17.592 0.023
4302.65563 17.607 0.027
4304.63043 17.606 0.030
4306.62137 17.615 0.036
4310.72214 17.615 0.043
4312.61635 17.591 0.024
4315.62648 17.595 0.035
4316.64754 17.612 0.030
4317.54600 17.617 0.024
4319.60906 17.566 0.026
4320.70200 17.576 0.032
4326.62489 17.579 0.026
4327.65067 17.608 0.033
4328.59288 17.613 0.023
4329.58496 17.536 0.028
4330.62783 17.584 0.024
4331.59245 17.584 0.026
4332.67076 17.576 0.027
4333.59324 17.606 0.030
4334.56061 17.566 0.040
4338.62362 17.604 0.033
4339.59283 17.576 0.026
4340.68983 17.565 0.034
4341.59473 17.563 0.032
4342.63102 17.610 0.028
4343.61029 17.610 0.026
4344.65979 17.568 0.028
4345.61017 17.568 0.032
4346.61218 17.587 0.029
4347.62603 17.585 0.028
4349.59792 17.582 0.023
4350.65970 17.574 0.027
4351.60005 17.588 0.031
4353.61986 17.555 0.034
4354.63938 17.600 0.030
4355.65240 17.583 0.036
4358.62651 17.570 0.030
4362.57444 17.611 0.055
4368.59528 17.590 0.039
4371.61418 17.610 0.037
4373.60785 17.577 0.032
4381.58700 17.624 0.039
4506.87378 17.556 0.031
4512.88910 17.599 0.024
4515.85062 17.548 0.036
4521.86196 17.576 0.032
4524.87130 17.613 0.029
4530.86064 17.584 0.021
4533.89827 17.625 0.025
4536.78654 17.630 0.035
4537.84744 17.624 0.023
4539.79077 17.563 0.028
4541.76051 17.589 0.026
4542.87853 17.588 0.022
4543.90462 17.583 0.022
4544.90222 17.610 0.021
4545.82681 17.578 0.024
4546.88533 17.645 0.025
4547.89610 17.578 0.023
4550.89588 17.578 0.025
4551.88899 17.594 0.025
4552.88223 17.594 0.026
4556.85017 17.587 0.023
4557.87643 17.297 0.017
4558.87293 17.623 0.022
4559.84061 17.604 0.020
4560.84091 17.586 0.020
4561.82981 17.590 0.018
4564.83413 17.574 0.020
4565.82307 17.587 0.018
4566.82511 17.622 0.020
4567.82544 17.589 0.021
4568.84777 17.552 0.021
4569.84169 17.563 0.021
4570.83239 17.610 0.025
4571.81613 17.598 0.023
4572.85395 17.594 0.025
4573.82961 17.619 0.022
4574.83177 17.618 0.027
4575.84054 17.602 0.026
4583.70068 17.605 0.034
4585.92676 17.660 0.035
4586.85267 17.588 0.026
4587.83330 17.608 0.024
4588.81633 17.585 0.021
4589.66194 17.674 0.029
4590.76654 17.644 0.026
4591.65433 17.566 0.028
4592.75970 17.559 0.026
4593.74501 17.589 0.023
4594.77354 17.597 0.021
4595.76128 17.589 0.024
4596.75046 17.628 0.022
4597.78170 17.589 0.023
4598.75104 17.587 0.019
4599.72687 17.600 0.021
4600.73609 17.588 0.018
4601.74061 17.583 0.021
4602.73483 17.610 0.021
4606.74855 17.636 0.025
4610.85174 17.576 0.025
4611.72228 17.562 0.024
4611.90887 17.568 0.029
4615.89899 17.633 0.039
4616.70780 17.587 0.023
4617.83089 17.582 0.030
4622.68650 17.590 0.024
4623.76649 17.595 0.026
4624.70176 17.558 0.028
4625.68687 17.578 0.028
4626.73735 17.570 0.029
4627.66602 17.588 0.023
4628.66033 17.606 0.024
4629.72543 17.552 0.023
4630.66231 17.582 0.023
4631.68379 17.599 0.020
4632.68380 17.607 0.024
4633.74082 17.669 0.037
4639.78625 17.626 0.030
4640.68619 17.605 0.025
4641.84274 17.613 0.034
4642.68464 17.586 0.025
4643.65062 17.603 0.021
4644.71776 17.586 0.026
4645.64922 17.584 0.022
4646.62095 17.582 0.020
4647.63135 17.552 0.022
4649.62549 17.575 0.024
4650.65385 17.614 0.026
4651.66874 17.596 0.025
4652.59790 17.571 0.026
4653.59178 17.606 0.026
4654.63092 17.588 0.023
4655.59518 17.531 0.027
4656.59824 17.625 0.025
4658.75563 17.622 0.031
4660.70517 17.623 0.029
4661.58774 17.628 0.025
4665.74951 17.596 0.047
4666.65490 17.520 0.028
4670.72104 17.656 0.032
4671.64447 17.536 0.024
4672.60397 17.589 0.025
4674.61083 17.644 0.028
4677.58303 17.576 0.025
4681.59864 17.566 0.028
4682.61585 17.609 0.025
4683.61280 17.566 0.032
4684.63087 17.581 0.026
4685.59853 17.584 0.025
4686.72733 17.610 0.027
4687.64580 17.622 0.030
4688.59199 17.563 0.027
4694.66727 17.656 0.042
4697.59321 17.602 0.031
4698.61942 17.616 0.027
4700.61449 17.589 0.026
4701.59738 17.583 0.031
4702.61234 17.585 0.028
4703.67958 17.624 0.036
4708.61312 17.583 0.032
4710.64829 17.641 0.028
4720.63058 17.559 0.030
4721.59944 17.572 0.034
4724.61387 17.568 0.031
4726.59069 17.611 0.035
4738.51618 17.590 0.030
4748.58505 17.553 0.038
4755.53884 17.706 0.037
4761.53533 17.601 0.031
4875.86808 17.602 0.027
4878.89831 17.591 0.035
4885.88006 17.564 0.022
4888.83175 17.589 0.025
4892.82746 17.586 0.026
4897.90618 17.585 0.029
4901.84933 17.556 0.023
4903.84870 17.622 0.024
4904.90694 17.610 0.029
4906.89839 17.580 0.025
4910.90494 17.568 0.031
4912.89147 17.590 0.020
4914.87281 17.634 0.020
4925.80536 17.538 0.019
4927.85927 17.522 0.026
4929.82796 17.576 0.023
4930.86129 17.594 0.029
4931.80509 17.662 0.030
4932.76034 17.609 0.026
4933.80865 17.622 0.026
4938.78368 17.578 0.025
4939.80904 17.628 0.028
4941.76310 17.580 0.025
4942.80392 17.609 0.022
4943.79644 17.577 0.024
4950.80909 17.541 0.022
4951.80033 17.550 0.025
4952.83607 17.539 0.023
4953.80068 17.587 0.025
4954.76252 17.599 0.022
4955.75838 17.628 0.029
5260.88278 17.663 0.018
5261.81374 17.649 0.018
5262.85132 17.621 0.045
5265.86822 17.625 0.018
5266.81459 17.668 0.019
5267.84179 17.643 0.017
5268.84425 17.678 0.017
5269.80792 17.641 0.016
5270.81361 17.684 0.017
5271.80909 17.651 0.017
5272.81427 17.721 0.020
5273.79926 17.643 0.017
5274.81777 17.691 0.019
5275.80410 17.660 0.020
5276.78228 17.697 0.019
5276.90975 17.630 0.018
5277.83777 17.654 0.022
5278.81439 17.675 0.020
5279.81564 17.649 0.021
5280.82226 17.669 0.016
5281.80217 17.655 0.016
5282.82489 17.605 0.018
5283.78498 17.622 0.021
5283.87633 17.644 0.019
5284.79061 17.650 0.023
5285.78143 17.632 0.023
5285.91143 17.654 0.019
5286.79706 17.630 0.026
5287.85024 17.684 0.018
5288.77560 17.667 0.021
5289.82748 17.655 0.023
5293.85540 17.675 0.018
5294.79878 17.687 0.015
5295.80168 17.691 0.018
5296.84125 17.710 0.015
5297.87602 17.691 0.015
5298.91640 17.665 0.016
5299.90148 17.671 0.011
5301.82717 17.675 0.017
5306.78722 17.686 0.017
5307.81239 17.691 0.017
5308.80253 17.698 0.018
5309.85594 17.673 0.016
5311.92506 17.667 0.020
5312.91449 17.651 0.018
5314.67433 17.658 0.032
5314.88895 17.677 0.021
5315.81507 17.661 0.020
5316.77315 17.634 0.027
5319.91463 17.648 0.030
5320.80872 17.700 0.022
5321.75557 17.673 0.020
5322.92417 17.679 0.018
5323.86845 17.656 0.018
5324.79863 17.695 0.022
5325.71473 17.674 0.018
5325.91567 17.665 0.019
5326.84065 17.661 0.018
5327.78832 17.647 0.017
5328.68756 17.663 0.016
5328.91105 17.625 0.017
5334.84050 17.676 0.017
5335.81506 17.673 0.016
5336.90158 17.655 0.018
5337.90202 17.697 0.022
5339.66081 17.709 0.025
5339.93618 17.650 0.022
5340.87805 17.683 0.022
5341.80888 17.679 0.018
5342.83267 17.706 0.024
5343.66645 17.666 0.023
5343.85981 17.692 0.024
5343.87254 17.692 0.023
5348.80710 17.666 0.019
5349.68743 17.654 0.020
5350.69540 17.680 0.027
5351.82050 17.684 0.023
5352.83565 17.701 0.020
5353.78391 17.671 0.016
5354.75984 17.723 0.019
5355.68999 17.651 0.017
5357.68777 17.666 0.020
5358.87049 17.699 0.020
5359.69202 17.675 0.020
5361.63886 17.661 0.026
5362.88489 17.672 0.024
5365.54537 17.671 0.026
5365.88293 17.655 0.023
5369.84012 17.688 0.027
5376.80427 17.683 0.023
5377.73678 17.663 0.018
5378.61122 17.675 0.017
5378.86772 17.692 0.021
5379.77245 17.668 0.016
5380.62998 17.699 0.015
5380.85479 17.670 0.029
5381.72981 17.634 0.024
5382.60514 17.700 0.025
5382.81245 17.668 0.026
5385.81507 17.695 0.015
5386.51857 17.683 0.021
5386.60064 17.699 0.021
5386.68513 17.677 0.019
5386.82937 17.678 0.016
5387.81241 17.651 0.017
5388.76899 17.653 0.017
5389.65661 17.713 0.017
5390.60255 17.714 0.019
5391.50792 17.660 0.022
5391.83740 17.676 0.019
5392.77727 17.660 0.016
5393.75341 17.644 0.023
5396.66720 17.668 0.017
5397.70540 17.695 0.023
5403.48547 17.673 0.020
5403.67807 17.669 0.021
5404.54911 17.685 0.020
5404.74797 17.655 0.020
5405.76172 17.675 0.020
5407.61785 17.699 0.025
5408.53643 17.717 0.026
5408.73847 17.723 0.028
5409.74054 17.670 0.017
5410.74421 17.709 0.019
5411.75772 17.674 0.017
5412.67767 17.657 0.018
5414.77264 17.691 0.017
5418.65277 17.671 0.016
5421.67263 17.681 0.018
5423.48931 17.662 0.015
5426.51829 17.697 0.024
5430.58851 17.694 0.021
5431.58351 17.669 0.018
5432.52944 17.694 0.032
5434.55448 17.701 0.020
5435.52143 17.682 0.020
5436.54648 17.684 0.021
5438.57912 17.700 0.020
5439.62077 17.673 0.021
5443.63490 17.670 0.018
5444.66060 17.668 0.020
5446.54955 17.684 0.017
5447.55981 17.680 0.018
5449.49276 17.656 0.021
5450.57114 17.699 0.021
5453.53235 17.683 0.029
5457.60420 17.675 0.021
5459.49388 17.649 0.021
5460.51443 17.681 0.023
5461.54129 17.695 0.046
5462.59574 17.679 0.018
5465.55454 17.651 0.028
5467.57281 17.693 0.016
5469.53616 17.662 0.015
5470.55293 17.683 0.017
5471.55924 17.687 0.018
5472.51364 17.656 0.021
5472.59565 17.699 0.019
5473.55882 17.685 0.019
5476.54721 17.699 0.022
5478.52865 17.677 0.019
5480.53298 17.639 0.019
5481.50194 17.680 0.029
5485.54894 17.701 0.023
5486.53517 17.677 0.025
5487.51829 17.639 0.016
5488.50556 17.672 0.020
5489.49174 17.628 0.033
5490.49183 17.671 0.039
5490.54887 17.729 0.030
5493.51947 17.673 0.031
5495.50881 17.677 0.019
5497.50827 17.678 0.022
5499.51434 17.653 0.026
5504.50424 17.722 0.031
5598.88135 17.728 0.027
5600.87744 17.727 0.018
5616.90062 17.690 0.027
5622.89988 17.682 0.016
5625.83359 17.696 0.018
5627.82691 17.678 0.017
5628.90966 17.661 0.025
5629.83735 17.716 0.018
5631.86569 17.692 0.017
5633.82077 17.652 0.015
5634.81455 17.710 0.019
5637.85112 17.719 0.023
5639.81747 17.686 0.020
5639.89305 17.694 0.018
5640.79191 17.682 0.025
5640.87791 17.698 0.018
5641.79698 17.710 0.018
5642.76272 17.684 0.020
5642.85727 17.680 0.017
5642.87857 17.652 0.019
5643.78414 17.668 0.018
5643.88240 17.683 0.017
5644.79164 17.692 0.027
5644.90741 17.643 0.020
5648.77455 17.747 0.019
5648.88246 17.681 0.016
5649.77991 17.729 0.017
5649.88639 17.708 0.015
5650.77203 17.679 0.014
5650.87868 17.709 0.017
5651.79430 17.676 0.016
5651.91281 17.662 0.014
5652.83690 17.687 0.014
5653.87975 17.680 0.015
5653.89284 17.632 0.014
5654.81550 17.717 0.019
5654.89854 17.648 0.016
5655.80629 17.676 0.016
5655.89155 17.703 0.016
5656.84243 17.691 0.015
5657.80381 17.677 0.015
5657.89076 17.660 0.013
5658.79992 17.678 0.017
5658.89723 17.680 0.018
5659.75138 17.667 0.016
5659.82957 17.690 0.017
5659.91995 17.674 0.016
5660.80365 17.686 0.016
5660.91842 17.654 0.019
5662.79481 17.672 0.016
5662.89664 17.665 0.016
5664.75895 17.652 0.027
5664.86099 17.666 0.017
5665.74185 17.675 0.023
5665.85199 17.682 0.017
5667.72227 17.703 0.016
5667.92567 17.683 0.015
5668.92805 17.636 0.025
5669.92270 17.692 0.019
5670.89746 17.671 0.021
5675.77393 17.664 0.018
5676.70055 17.702 0.011
5676.87948 17.670 0.013
5677.82864 17.683 0.016
5679.74044 17.682 0.015
5679.92373 17.654 0.016
5680.82665 17.694 0.017
5681.71467 17.700 0.017
5681.90157 17.675 0.016
5682.79457 17.675 0.016
5683.76960 17.669 0.017
5684.68162 17.674 0.016
5684.89293 17.680 0.016
5685.85994 17.670 0.013
5686.76376 17.675 0.014
5687.65774 17.720 0.021
5687.84815 17.712 0.013
5689.77698 17.674 0.014
5690.76765 17.697 0.018
5691.68964 17.644 0.017
5691.88005 17.676 0.017
5692.78176 17.650 0.016
5692.94057 17.702 0.031
5693.80613 17.663 0.014
5694.62676 17.675 0.020
5694.81446 17.696 0.016
5695.63491 17.669 0.024
5695.85427 17.676 0.014
5696.66119 17.678 0.020
5696.84216 17.684 0.019
5697.67672 17.697 0.021
5697.84430 17.691 0.017
5698.68381 17.696 0.027
5698.84379 17.651 0.020
5703.78333 17.712 0.030
5705.82190 17.748 0.020
5706.75664 17.685 0.021
5707.65179 17.677 0.017
5707.81724 17.678 0.015
5708.62472 17.711 0.031
5708.81955 17.667 0.021
5709.66651 17.614 0.014
5712.72352 17.689 0.016
5712.92121 17.651 0.022
5714.60145 17.683 0.025
5714.61587 17.701 0.024
5715.67345 17.681 0.015
5715.84863 17.678 0.016
5716.74544 17.647 0.015
5716.91630 17.682 0.022
5721.82014 17.596 0.017
5722.64662 17.655 0.016
5723.54772 17.670 0.023
5723.72528 17.710 0.016
5724.54451 17.627 0.029
5724.77481 17.677 0.018
5725.69990 17.673 0.015
5726.60211 17.698 0.023
5726.77283 17.663 0.031
5734.75422 17.582 0.025
5735.68093 17.709 0.019
5735.88356 17.675 0.024
5736.62179 17.681 0.013
5736.83572 17.692 0.015
5737.63177 17.695 0.014
5737.80721 17.697 0.015
5738.65893 17.684 0.014
5739.49647 17.686 0.025
5739.54396 17.716 0.021
5739.60050 17.712 0.017
5739.66405 17.663 0.014
5739.72946 17.667 0.015
5739.80123 17.694 0.017
5740.51813 17.702 0.021
5740.65681 17.728 0.020
5740.72715 17.716 0.019
5740.78844 17.703 0.016
5740.86679 17.678 0.022
5741.49853 17.738 0.024
5741.57253 17.640 0.018
5741.65792 17.682 0.017
5741.75106 17.679 0.015
5741.83715 17.677 0.016
5742.51484 17.668 0.020
5742.55786 17.673 0.018
5742.59304 17.660 0.018
5742.67084 17.690 0.014
5742.77039 17.669 0.013
5743.64268 17.682 0.021
5743.81965 17.657 0.017
5744.57776 17.719 0.023
5744.79630 17.692 0.016
5745.57554 17.701 0.026
5745.75289 17.706 0.017
5746.59865 17.674 0.017
5746.78055 17.680 0.018
5747.67857 17.676 0.023
5748.65851 17.687 0.016
5749.61855 17.654 0.016
5749.78452 17.720 0.023
5753.57412 17.656 0.029
5759.82270 17.642 0.024
5760.57518 17.670 0.025
5760.76453 17.680 0.019
5761.59373 17.682 0.014
5762.62006 17.724 0.020
5763.49038 17.684 0.018
5763.67685 17.663 0.017
5764.50005 17.668 0.016
5764.67033 17.679 0.014
5765.54148 17.686 0.018
5765.74127 17.678 0.019
5766.61420 17.699 0.016
5767.48712 17.692 0.024
5767.69920 17.662 0.018
5768.52952 17.642 0.016
5768.72841 17.661 0.014
5769.56726 17.694 0.017
5769.77319 17.669 0.019
5775.63934 17.666 0.020
5776.72489 17.704 0.022
5777.65868 17.690 0.014
5778.56292 17.650 0.021
5779.69972 17.648 0.017
5785.52157 17.662 0.026
5785.71268 17.688 0.025
5786.65911 17.682 0.019
5787.49280 17.694 0.020
5787.69218 17.663 0.018
5788.61061 17.634 0.019
5790.48921 17.766 0.023
5790.67118 17.685 0.018
5793.49266 17.665 0.020
5793.67815 17.641 0.016
5794.59212 17.695 0.018
5795.58761 17.700 0.024
5796.56924 17.696 0.020
5798.68959 17.684 0.025
5801.65352 17.642 0.019
5803.53883 17.759 0.031
5804.63597 17.677 0.019
5805.59762 17.688 0.015
5807.55359 17.728 0.022
5812.54069 17.721 0.029
5813.52319 17.672 0.019
5815.48032 17.684 0.022
5815.65521 17.652 0.015
5816.62850 17.676 0.025
5817.63019 17.623 0.021
5818.61289 17.711 0.024
5819.62017 17.690 0.017
5820.59678 17.651 0.019
5822.55565 17.608 0.019
5823.48494 17.648 0.027
5823.57585 17.697 0.020
5824.50005 17.683 0.020
5824.59509 17.666 0.017
5825.51462 17.661 0.020
5825.61891 17.685 0.020
5826.54439 17.683 0.018
5827.48399 17.632 0.026
5827.56294 17.712 0.022
5828.48370 17.693 0.021
5828.57296 17.630 0.017
5829.49891 17.693 0.021
5829.58385 17.701 0.016
5830.52093 17.679 0.016
5830.59705 17.687 0.019
5831.56863 17.671 0.018
5832.51448 17.710 0.015
5832.59369 17.683 0.022
5833.55202 17.650 0.016
5834.51164 17.676 0.015
5834.58868 17.633 0.016
5836.48631 17.709 0.026
5836.56027 17.757 0.024
5839.51641 17.671 0.024
5839.59003 17.639 0.029
5840.55192 17.679 0.019
5841.48645 17.697 0.031
5841.57051 17.625 0.022
5842.52845 17.675 0.030
5843.48645 17.672 0.026
5843.57070 17.697 0.021
5844.51509 17.668 0.020
5844.59361 17.759 0.035
5845.55499 17.683 0.027
5846.51820 17.676 0.028
5850.54192 17.677 0.018
5851.50524 17.677 0.018
5852.53307 17.713 0.029
5854.52572 17.623 0.021
5855.51390 17.694 0.024
5856.51291 17.731 0.030
5857.53037 17.640 0.033
5859.52351 17.680 0.021
5860.53660 17.635 0.022
5862.50153 17.697 0.022
5866.51689 17.724 0.036
5867.52038 17.730 0.024
5868.52136 17.654 0.033
5869.51229 17.711 0.025
5870.51796 17.663 0.020
5971.86447 17.667 0.017
5976.88262 17.649 0.015
5977.88014 17.679 0.018
5978.89043 17.709 0.017
5979.89498 17.718 0.027
5982.83290 17.743 0.018
5983.83608 17.624 0.019
5984.83269 17.712 0.017
5985.81819 17.686 0.021
5985.89531 17.679 0.018
5986.87129 17.684 0.015
5987.84770 17.672 0.017
5988.83781 17.649 0.021
5989.81862 17.638 0.016
5989.89841 17.678 0.020
5990.86611 17.655 0.016
5991.84061 17.679 0.015
5992.81173 17.662 0.018
5993.80013 17.669 0.025
5993.87780 17.677 0.019
5994.84617 17.680 0.017
5995.79572 17.644 0.019
5995.87140 17.651 0.015
5996.81406 17.676 0.017
5996.89840 17.685 0.014
5997.84614 17.666 0.018
5998.79619 17.665 0.020
5998.88665 17.684 0.017
5999.81895 17.706 0.019
5999.90569 17.676 0.016
6003.90236 17.746 0.022
6004.83713 17.708 0.017
6005.76410 17.641 0.017
6005.85367 17.685 0.018
6006.79277 17.698 0.015
6006.89075 17.704 0.015
6007.79405 17.664 0.017
6007.88922 17.688 0.016
6008.78764 17.664 0.018
6008.88412 17.685 0.016
6009.78910 17.688 0.015
6009.88443 17.680 0.014
6010.78077 17.684 0.014
6010.87895 17.675 0.013
6011.76685 17.666 0.018
6011.88478 17.688 0.021
6012.78513 17.679 0.016
6012.88253 17.677 0.012
6013.77925 17.676 0.015
6013.88145 17.700 0.015
6014.75620 17.667 0.017
6014.85474 17.679 0.016
6015.73335 17.715 0.017
6015.81151 17.709 0.013
6015.90130 17.694 0.013
6016.79414 17.688 0.014
6016.89760 17.649 0.013
6017.78051 17.711 0.015
6017.87726 17.651 0.012
6018.76888 17.686 0.018
6018.84765 17.704 0.016
6019.74748 17.666 0.021
6019.84412 17.690 0.014
6019.92183 17.661 0.015
6020.77930 17.678 0.015
6020.87425 17.683 0.013
6021.72530 17.674 0.021
6021.80232 17.705 0.016
6021.89925 17.670 0.014
6022.75091 17.672 0.018
6022.82814 17.695 0.017
6022.92723 17.643 0.022
6023.78503 17.690 0.016
6023.86710 17.686 0.015
6024.74234 17.710 0.022
6024.84300 17.674 0.015
6025.72662 17.740 0.027
6025.80711 17.655 0.023
6026.70061 17.746 0.030
6031.80844 17.691 0.017
6032.73814 17.657 0.016
6032.91844 17.671 0.014
6033.86979 17.664 0.014
6034.79944 17.687 0.012
6036.71418 17.680 0.016
6036.93615 17.657 0.024
6037.89665 17.657 0.016
6038.85821 17.680 0.014
6039.85305 17.654 0.016
6040.81952 17.700 0.016
6041.77139 17.660 0.016
6045.91024 17.696 0.018
6047.73340 17.674 0.014
6047.92749 17.688 0.016
6048.85813 17.647 0.015
6049.78572 17.709 0.013
6050.67212 17.640 0.020
6050.86010 17.660 0.016
6052.66945 17.656 0.021
6052.84475 17.659 0.016
6053.70104 17.717 0.022
6053.89285 17.661 0.020
6058.73311 17.725 0.028
6058.90323 17.691 0.017
6059.78808 17.668 0.013
6060.79534 17.684 0.015
6061.68784 17.675 0.018
6061.86564 17.706 0.017
6062.73630 17.720 0.021
6062.91368 17.697 0.020
6063.90248 17.682 0.016
6064.83179 17.680 0.015
6065.66194 17.657 0.017
6065.84149 17.665 0.015
6066.76557 17.661 0.013
6066.93854 17.643 0.014
6067.75107 17.661 0.013
6067.91794 17.682 0.014
6068.76766 17.701 0.013
6069.72072 17.670 0.014
6069.90812 17.676 0.013
6070.70638 17.694 0.018
6070.88338 17.662 0.014
6071.68190 17.635 0.016
6071.86157 17.699 0.015
6075.66210 17.662 0.014
6075.84525 17.678 0.013
6076.70339 17.676 0.013
6076.88769 17.675 0.017
6077.83435 17.678 0.014
6078.63624 17.703 0.020
6078.81722 17.692 0.014
6079.61415 17.673 0.016
6079.80477 17.667 0.016
6080.58450 17.630 0.021
6080.75033 17.733 0.022
6080.93055 17.665 0.016
6081.70439 17.679 0.016
6081.88023 17.660 0.019
6082.70179 17.673 0.027
6082.89597 17.712 0.033
6085.69657 17.688 0.025
6085.86576 17.661 0.038
6086.64240 17.681 0.017
6086.82349 17.665 0.016
6087.61602 17.732 0.019
6088.58834 17.677 0.015
6089.66959 17.670 0.017
6089.91774 17.637 0.019
6092.78289 17.666 0.015
6093.61917 17.705 0.018
6093.81937 17.654 0.018
6094.66813 17.677 0.017
6094.84297 17.720 0.019
6096.66268 17.662 0.016
6096.85671 17.724 0.025
6097.79108 17.710 0.018
6098.58450 17.705 0.021
6098.76345 17.664 0.015
6099.64271 17.710 0.024
6100.61296 17.712 0.021
6100.79747 17.689 0.019
6101.56464 17.668 0.019
6101.74215 17.676 0.014
6102.70380 17.680 0.016
6102.86150 17.676 0.019
6103.61193 17.697 0.016
6103.81698 17.641 0.016
6104.77411 17.664 0.014
6105.72159 17.706 0.015
6108.53152 17.664 0.021
6108.71668 17.677 0.016
6108.87360 17.681 0.018
6109.70677 17.632 0.018
6109.86770 17.636 0.022
6113.67178 17.672 0.021
6113.82703 17.673 0.020
6114.68660 17.741 0.021
6114.85208 17.618 0.022
6115.63385 17.664 0.018
6116.49561 17.679 0.017
6116.67434 17.691 0.017
6116.83681 17.696 0.017
6117.65600 17.692 0.017
6117.81046 17.681 0.019
6118.58625 17.639 0.014
6118.77250 17.693 0.014
6119.54952 17.664 0.017
6120.56330 17.641 0.019
6120.76112 17.676 0.018
6121.55336 17.698 0.014
6121.72254 17.701 0.013
6123.60125 17.645 0.017
6123.77069 17.710 0.017
6124.58681 17.689 0.016
6124.77939 17.681 0.020
6125.59151 17.667 0.015
6125.78731 17.700 0.018
6126.62227 17.720 0.017
6127.52204 17.696 0.018
6128.54381 17.664 0.014
6129.66198 17.718 0.015
6131.61845 17.713 0.015
6132.64101 17.700 0.019
6133.58482 17.683 0.020
6134.50748 17.731 0.024
6134.71370 17.633 0.024
6135.69225 17.654 0.017
6136.61258 17.640 0.026
6140.48227 17.672 0.027
6140.66207 17.672 0.023
6141.50931 17.676 0.020
6141.68250 17.641 0.019
6142.55176 17.720 0.026
6147.56667 17.679 0.017
6148.49821 17.673 0.014
6148.68211 17.691 0.014
6150.53744 17.664 0.018
6151.54130 17.646 0.022
6151.70371 17.697 0.022
6152.59278 17.688 0.017
6154.52853 17.681 0.017
6157.67787 17.638 0.017
6158.61818 17.660 0.016
6159.52490 17.665 0.021
6160.50611 17.709 0.019
6160.71595 17.692 0.017
6161.60858 17.730 0.019
6164.59560 17.688 0.023
6167.58992 17.631 0.025
6168.60650 17.704 0.017
6169.59574 17.653 0.016
6171.55082 17.657 0.017
6172.50956 17.690 0.014
6174.64817 17.696 0.024
6175.63975 17.705 0.018
6179.63059 17.667 0.020
6180.61626 17.696 0.021
6181.57450 17.688 0.016
6182.58578 17.648 0.016
6183.63450 17.665 0.015
6185.58239 17.690 0.014
6186.59210 17.675 0.017
6191.48981 17.649 0.023
6195.48399 17.657 0.020
6195.57450 17.668 0.018
6196.48495 17.667 0.021
6196.57201 17.672 0.020
6197.48539 17.632 0.023
6197.57339 17.661 0.020
6200.61310 17.657 0.024
6202.55412 17.640 0.027
6203.55742 17.641 0.024
6204.50417 17.692 0.018
6204.58755 17.663 0.020
6205.53377 17.697 0.015
6205.60803 17.668 0.015
6209.55264 17.672 0.025
6210.50468 17.667 0.018
6210.58191 17.681 0.019
6211.53197 17.670 0.015
6212.53126 17.685 0.016
6213.56023 17.696 0.022
6214.54080 17.649 0.020
6216.54037 17.652 0.017
6216.58204 17.658 0.029
6217.56346 17.651 0.015
6218.54847 17.662 0.019
6223.51520 17.632 0.025
6224.50220 17.714 0.028
6227.52015 17.729 0.024
6234.52875 17.642 0.027
6239.51495 17.607 0.025
6334.85781 17.684 0.018
6334.89191 17.650 0.026
6335.86934 17.638 0.015
6337.88167 17.710 0.018
6338.85925 17.640 0.018
6339.87565 17.673 0.014
6340.88579 17.631 0.015
6343.89560 17.664 0.028
6345.83550 17.688 0.016
6347.84427 17.465 0.015
6348.83824 17.465 0.015
6349.85041 17.532 0.017
6350.85073 17.494 0.016
6351.85395 17.526 0.016
6352.85364 17.509 0.015
6353.82869 17.558 0.015
6354.84458 17.590 0.014
6358.86131 17.616 0.017
6360.84676 17.621 0.013
6361.83230 17.629 0.014
6362.83016 17.614 0.016
6362.85619 17.603 0.016
6363.82598 17.629 0.016
6367.84481 17.648 0.013
6368.78093 17.632 0.016
6368.87324 17.624 0.014
6369.80235 17.634 0.015
6369.90018 17.681 0.014
6370.84540 17.668 0.016
6371.77032 17.690 0.015
6371.85847 17.664 0.012
6372.76320 17.682 0.016
6372.85179 17.632 0.014
6373.78001 17.737 0.022
6373.86872 17.699 0.018
6374.78384 17.672 0.018
6374.87507 17.616 0.015
6375.78296 17.666 0.014
6375.89031 17.690 0.014
6376.79706 17.659 0.014
6376.88842 17.648 0.012
6377.81846 17.689 0.013
6377.89883 17.637 0.012
6378.81402 17.650 0.013
6378.89452 17.654 0.012
6379.81020 17.661 0.015
6379.89623 17.681 0.016
6380.79141 17.655 0.014
6380.89575 17.658 0.015
6381.82256 17.646 0.014
6381.90163 17.676 0.015
6382.80630 17.663 0.019
6382.88617 17.617 0.019
6386.81196 17.678 0.017
6386.90947 17.694 0.020
6387.71599 17.627 0.018
6387.80160 17.676 0.016
6387.88041 17.650 0.016
6388.72094 17.680 0.018
6388.82263 17.683 0.014
6389.72593 17.669 0.019
6389.80331 17.654 0.014
6389.87882 17.664 0.014
6390.75722 17.705 0.015
6390.84353 17.678 0.014
6391.71764 17.753 0.024
6393.71216 17.739 0.019
6393.90282 17.658 0.020
6394.86146 17.623 0.016
6395.82424 17.666 0.013
6396.77079 17.676 0.012
6397.71182 17.648 0.014
6397.88790 17.690 0.013
6398.81894 17.654 0.014
6399.72503 17.686 0.014
6400.68336 17.672 0.020
6400.90042 17.669 0.015
6401.83423 17.693 0.014
6402.74540 17.748 0.021
6402.92300 17.718 0.028
6403.83479 17.660 0.013
6404.77005 17.654 0.015
6405.82941 17.736 0.022
6406.77822 17.651 0.033
6407.72706 17.705 0.021
6407.90273 17.653 0.017
6408.83798 17.681 0.021
6415.72514 17.706 0.021
6415.91817 17.682 0.017
6416.81420 17.708 0.013
6417.72946 17.669 0.019
6417.90404 17.700 0.017
6418.75113 17.734 0.017
6418.92563 17.696 0.015
6419.81236 17.682 0.015
6420.66709 17.730 0.014
6420.83878 17.667 0.013
6421.84718 17.712 0.017
6422.79282 17.707 0.017
6423.78094 17.711 0.018
6424.62910 17.666 0.018
6424.82255 17.680 0.013
6426.66956 17.662 0.016
6426.91001 17.680 0.015
6427.90353 17.695 0.016
6428.70960 17.687 0.024
6428.89782 17.670 0.016
6431.69839 17.691 0.021
6431.88334 17.629 0.016
6432.73277 17.685 0.016
6432.90515 17.627 0.014
6433.70964 17.665 0.019
6434.63043 17.711 0.026
6434.81436 17.658 0.017
6435.66091 17.674 0.020
6435.84900 17.666 0.016
6436.64734 17.685 0.020
6436.83744 17.599 0.017
6437.93417 17.657 0.027
6441.70597 17.677 0.024
6441.87608 17.671 0.022
6442.65261 17.681 0.017
6442.83692 17.697 0.014
6443.64442 17.675 0.018
6443.75811 17.661 0.021
6444.71772 17.696 0.018
6444.85672 17.667 0.016
6445.66011 17.661 0.016
6445.86678 17.689 0.022
6446.64756 17.685 0.015
6446.83733 17.683 0.013
6447.62172 17.674 0.015
6447.80874 17.653 0.014
6448.57134 17.661 0.020
6448.75322 17.667 0.013
6448.92068 17.662 0.024
6449.69507 17.666 0.015
6449.87899 17.669 0.017
6450.64739 17.702 0.015
6450.82960 17.683 0.015
6451.59687 17.698 0.019
6451.78197 17.669 0.016
6452.55138 17.651 0.015
6452.78636 17.661 0.013
6454.56794 17.668 0.019
6454.75451 17.698 0.015
6454.91756 17.691 0.016
6456.53926 17.712 0.015
6456.72133 17.674 0.013
6456.91696 17.676 0.015
6457.85984 17.668 0.015
6458.64338 17.725 0.017
6458.82812 17.675 0.015
6459.59689 17.670 0.017
6459.78719 17.653 0.014
6460.61283 17.665 0.018
6461.54236 17.714 0.020
6461.72715 17.680 0.019
6462.61271 17.687 0.023
6462.87386 17.639 0.018
6463.64814 17.699 0.020
6463.83945 17.674 0.017
6464.65610 17.642 0.021
6464.84849 17.690 0.020
6468.64276 17.721 0.039
6469.54357 17.680 0.020
6469.73116 17.687 0.018
6471.65153 17.688 0.021
6472.71189 17.671 0.016
6473.66248 17.702 0.015
6474.61377 17.675 0.021
6474.79943 17.634 0.019
6475.57371 17.703 0.019
6475.77548 17.702 0.018
6476.54240 17.695 0.021
6476.73095 17.634 0.015
6477.53574 17.702 0.019
6477.72424 17.647 0.016
6478.57354 17.680 0.019
6479.63694 17.653 0.016
6480.54784 17.718 0.023
6480.73382 17.648 0.016
6481.54417 17.654 0.018
6481.78674 17.643 0.019
6483.81536 17.673 0.020
6485.51597 17.684 0.018
6485.74747 17.641 0.013
6486.48890 17.664 0.020
6486.69729 17.712 0.018
6487.48731 17.613 0.017
6487.68981 17.674 0.012
6489.52573 17.699 0.019
6489.72215 17.621 0.019
6490.55182 17.701 0.017
6490.73848 17.625 0.015
6491.60421 17.648 0.017
6491.80550 17.665 0.020
6492.64375 17.685 0.022
6496.47529 17.701 0.034
6497.55861 17.660 0.022
6497.74341 17.660 0.022
6498.57421 17.690 0.014
6498.75169 17.647 0.017
6499.58724 17.684 0.019
6501.52466 17.678 0.019
6501.72402 17.649 0.018
6504.73942 17.678 0.020
6505.66653 17.653 0.017
6506.55551 17.644 0.025
6507.62788 17.641 0.020
6508.55637 17.661 0.015
6508.74967 17.692 0.017
6509.65501 17.685 0.013
6510.54004 17.658 0.014
6510.74125 17.711 0.019
6511.69048 17.684 0.015
6514.57031 17.669 0.016
6515.51057 17.627 0.014
6516.49914 17.671 0.019
6518.54315 17.673 0.013
6519.48383 17.665 0.016
6519.70138 17.700 0.017
6523.60558 17.660 0.017
6524.53990 17.696 0.017
6525.54177 17.599 0.023
6529.61251 17.716 0.025
6531.60037 17.670 0.016
6532.58034 17.705 0.016
6533.61172 17.696 0.017
6534.65632 17.664 0.019
6536.63645 17.707 0.014
6539.53345 17.646 0.014
6541.52929 17.640 0.016
6543.60353 17.682 0.016
6545.50251 17.705 0.015
6546.52549 17.665 0.026
6551.50185 17.646 0.028
6555.62585 17.738 0.027
6558.58523 17.665 0.016
6560.48888 17.663 0.021
6561.54571 17.710 0.019
6562.63405 17.648 0.017
6563.61996 17.679 0.025
6564.55501 17.631 0.016
6565.52651 17.712 0.021
6565.61677 17.713 0.018
6568.50387 17.668 0.030
6568.59407 17.674 0.020
6569.55192 17.659 0.015
6570.52943 17.633 0.017
6571.53627 17.625 0.019
6572.48785 17.700 0.023
6572.59707 17.623 0.019
6573.56165 17.703 0.018
6577.52883 17.726 0.029
6578.48667 17.699 0.028
6578.51136 17.754 0.022
6578.55757 17.639 0.021
6578.59017 17.694 0.020
6579.58120 17.745 0.026
6581.52258 17.641 0.019
6582.56038 17.689 0.018
6583.54515 17.644 0.026
6584.54510 17.658 0.025
6585.54438 17.633 0.026
6590.52552 17.673 0.021
6590.55765 17.657 0.022
6593.50131 17.627 0.023
6595.52333 17.585 0.021
