2127.48967 21.696 1.004
2130.52253 21.092 0.339
2133.53663 19.853 0.124
2136.65785 21.228 0.520
2141.64861 20.536 0.322
2165.57107 21.633 0.789
2171.63809 20.772 0.339
2179.52845 22.127 1.342
2189.52344 20.421 0.321
2212.54880 20.863 0.414
2214.50608 23.683 7.538
2337.83571 20.227 0.171
2352.85318 21.040 0.357
2361.84765 20.642 0.300
2373.80241 21.114 0.463
2384.83828 20.370 0.192
2388.83756 20.445 0.214
2390.87591 22.655 1.896
2393.86980 20.745 0.496
2400.81712 20.478 0.201
2402.92386 20.619 0.324
2406.86662 21.827 0.927
2411.72465 20.918 0.331
2415.89990 21.280 0.641
2417.86762 20.319 0.207
2428.88069 20.548 0.350
2432.90943 21.080 0.748
2434.79730 20.861 0.291
2436.84601 20.217 0.215
2438.82738 20.725 0.289
2441.78216 20.430 0.201
2445.69879 20.502 0.189
2448.73252 21.069 0.721
2454.75052 20.260 0.197
2460.72951 20.636 0.321
2463.60913 20.574 0.206
2466.58310 20.507 0.201
2468.76771 20.876 0.327
2470.75152 20.846 0.318
2472.78606 20.566 0.264
2481.62703 20.617 0.373
2484.68924 20.881 0.391
2486.78230 20.224 0.317
2491.51139 21.504 0.868
2493.70972 20.322 0.207
2496.55570 20.516 0.157
2498.59377 20.430 0.136
2500.61994 20.828 0.254
2502.63808 20.788 0.365
2510.53522 21.001 0.340
2516.49842 20.251 0.208
2517.54530 20.157 0.261
2520.65405 20.306 0.189
2529.52056 19.606 0.092
2538.56984 19.928 0.165
2542.55879 20.949 0.457
2548.52399 21.131 0.507
2552.56063 20.562 0.287
2557.52560 21.281 0.480
2561.52154 20.179 0.284
2568.55605 21.027 0.633
2708.87377 20.417 0.186
2719.87993 20.438 0.217
2729.90553 20.283 0.207
2734.84033 20.422 0.168
2747.76366 19.874 0.200
2754.77344 20.850 0.309
2757.83852 20.529 0.277
2763.79160 20.988 0.341
2767.88391 20.152 0.218
2775.78933 20.118 0.280
2783.87840 20.435 0.226
2785.74473 19.137 0.070
2788.62420 19.464 0.097
2790.77052 19.797 0.125
2793.69767 19.989 0.202
2795.65720 20.460 0.208
2797.66831 20.470 0.155
2809.78842 21.082 0.502
2811.70885 20.176 0.213
2812.83812 21.057 0.419
2813.88190 20.457 0.312
2815.86263 20.604 0.259
2817.76113 20.925 0.374
2819.67151 20.451 0.189
2821.72066 21.261 0.477
2830.69221 20.395 0.289
2835.70240 20.593 0.306
2837.71284 19.782 0.256
2839.77261 20.885 0.420
2841.79375 20.705 0.292
2843.72102 20.400 0.224
2845.71068 20.159 0.167
2852.61809 20.193 0.266
2854.61158 20.684 0.361
2857.52180 20.227 0.188
2858.73412 20.889 0.386
2862.64512 21.348 0.694
2865.62527 20.461 0.203
2868.62155 20.805 0.309
2871.70220 20.683 0.267
2876.70321 20.386 0.204
2879.66858 20.733 0.344
2884.69970 20.509 0.272
2893.57620 20.261 0.172
2900.51140 20.496 0.335
2911.57174 20.329 0.205
2931.56848 20.582 0.249
3052.88086 20.588 0.222
3059.86848 19.924 0.129
3064.87983 20.566 0.210
3068.83291 20.265 0.178
3071.88545 19.996 0.155
3073.89462 21.177 0.392
3077.78477 21.339 1.510
3080.83076 20.178 0.205
3081.83746 20.937 0.275
3082.84637 19.911 0.118
3083.77935 20.354 0.158
3084.82889 20.756 0.224
3085.87459 20.404 0.182
3087.82665 20.218 0.165
3088.81384 20.838 0.229
3089.76810 20.294 0.177
3090.79847 20.372 0.170
3091.84442 21.083 0.372
3092.88272 19.846 0.187
3093.89376 20.952 0.471
3096.82054 20.591 0.298
3097.82700 20.510 0.196
3098.82740 20.587 0.183
3099.85302 20.017 0.151
3100.78267 21.084 0.374
3101.82232 20.807 0.283
3102.85466 20.694 0.297
3103.81153 20.298 0.167
3104.77028 19.953 0.322
3106.91682 20.054 0.173
3107.80086 20.235 0.166
3108.80347 20.269 0.147
3109.77757 20.449 0.160
3110.89684 20.703 0.251
3112.85385 19.338 0.071
3113.91128 19.261 0.067
3114.84882 19.314 0.066
3116.83640 19.689 0.123
3122.84293 20.678 0.383
3124.76438 20.530 0.310
3124.87354 20.922 0.480
3125.70826 19.566 0.149
3125.79429 20.361 0.281
3125.85561 20.161 0.219
3125.90932 20.529 0.321
3126.62528 20.267 0.257
3126.68621 20.232 0.175
3126.80588 20.553 0.211
3126.90743 20.736 0.284
3127.63667 20.281 0.232
3127.73436 20.229 0.162
3127.89191 20.417 0.228
3128.63288 20.317 0.230
3128.75383 20.342 0.186
3128.88116 19.934 0.177
3128.92694 20.153 0.178
3129.62861 20.404 0.348
3129.70937 20.011 0.189
3129.78335 20.151 0.282
3130.66904 20.220 0.257
3130.75880 21.238 0.553
3130.91154 20.762 0.381
3131.62403 19.519 0.190
3134.89419 21.659 1.598
3135.77907 20.244 0.147
3135.93695 20.077 0.183
3137.82990 19.682 0.140
3138.71240 20.319 0.219
3139.80181 20.462 0.206
3139.91445 20.237 0.170
3140.68534 20.200 0.169
3141.75308 20.485 0.214
3142.82731 20.219 0.172
3144.84531 20.238 0.169
3146.91171 20.940 0.282
3147.92732 20.458 0.254
3151.81928 19.949 0.188
3151.94315 21.137 0.680
3152.81896 20.263 0.194
3153.81756 20.831 0.383
3154.90730 20.815 0.485
3156.92425 20.856 0.369
3157.89145 20.924 0.377
3158.70396 20.946 0.691
3162.85524 20.222 0.181
3163.81760 20.442 0.200
3164.80332 20.584 0.233
3164.91080 21.361 0.668
3165.65661 20.055 0.117
3166.91669 19.599 0.178
3167.66616 20.055 0.201
3168.81643 20.784 0.274
3169.84237 20.444 0.317
3170.87192 21.071 0.344
3171.71814 20.168 0.143
3172.82036 21.030 0.381
3173.80366 21.260 0.511
3174.77092 20.424 0.195
3175.85183 19.970 0.146
3177.82748 19.918 0.186
3179.57031 20.466 0.209
3179.87220 20.860 0.330
3180.78873 20.356 0.162
3182.84899 20.255 0.178
3183.80480 20.357 0.254
3184.76342 20.384 0.203
3185.61829 20.881 0.265
3193.61357 20.502 0.175
3194.50871 20.319 0.294
3194.80250 20.767 0.262
3195.73709 20.544 0.187
3196.58997 20.193 0.175
3196.83274 21.130 0.412
3197.77845 19.859 0.126
3199.77499 20.405 0.264
3201.82216 20.352 0.214
3202.76956 20.557 0.241
3203.59868 20.741 0.171
3204.74673 20.427 0.184
3205.67704 20.595 0.179
3206.78352 20.648 0.332
3210.56059 20.843 0.458
3211.74053 20.622 0.327
3217.71643 20.278 0.198
3218.72742 20.040 0.212
3223.71649 21.130 0.578
3224.76097 21.114 0.517
3226.69809 20.347 0.266
3228.68197 20.481 0.254
3229.71272 20.099 0.162
3230.72863 20.710 0.266
3231.65585 20.714 0.381
3232.67134 19.109 0.083
3238.68044 22.607 1.918
3240.52960 21.085 0.385
3245.64225 20.526 0.285
3247.50355 20.495 0.261
3249.61595 20.228 0.197
3251.51895 20.712 0.366
3254.58236 19.722 0.161
3257.53846 20.770 0.223
3260.58395 19.675 0.146
3265.53691 20.121 0.196
3267.59515 20.736 0.336
3273.49015 20.159 0.273
3277.51353 19.931 0.207
3280.51439 20.235 0.219
3282.58510 20.642 0.216
3289.51926 21.971 1.169
3294.51456 20.241 0.239
3296.51368 19.741 0.135
3302.51085 20.276 0.259
3418.85372 20.807 0.285
3423.88176 20.392 0.169
3427.83546 20.097 0.173
3429.90756 20.190 0.222
3436.86746 21.328 0.573
3443.83489 20.041 0.110
3445.86708 20.275 0.124
3447.91141 20.279 0.170
3450.79105 21.013 0.248
3453.83448 20.628 0.242
3455.89952 20.508 0.262
3456.92071 21.555 0.628
3458.86969 19.624 0.090
3459.88489 19.920 0.122
3468.86838 20.098 0.123
3469.87110 20.619 0.172
3472.85597 20.106 0.123
3474.78964 20.103 0.192
3476.76616 20.345 0.140
3478.86152 20.408 0.174
3480.87714 20.117 0.159
3483.81044 20.066 0.134
3496.90538 19.916 0.162
3500.90144 20.839 0.301
3502.88328 22.386 1.080
3503.86280 19.833 0.106
3506.92586 21.677 0.645
3509.88605 20.310 0.147
3511.90959 20.973 0.294
3512.89617 21.144 0.486
3520.66173 20.876 0.295
3521.76396 20.550 0.211
3522.86005 20.553 0.233
3524.85136 20.980 0.341
3527.63461 23.632 3.678
3528.87894 20.546 0.240
3529.91777 20.533 0.201
3530.85726 20.272 0.125
3530.88862 20.862 0.238
3538.84683 20.994 0.325
3541.88100 19.963 0.140
3544.87733 20.486 0.276
3547.84582 20.833 0.369
3550.82260 21.022 0.285
3551.83459 21.300 0.428
3552.82996 20.860 0.370
3554.85895 19.901 0.139
3556.84100 20.107 0.248
3558.61790 20.437 0.158
3559.62631 20.247 0.161
3560.70271 20.093 0.128
3561.60991 20.558 0.192
3562.65731 20.527 0.170
3563.72195 20.508 0.185
3569.64996 21.428 0.940
3573.78035 21.001 0.425
3574.75258 20.642 0.293
3575.69449 20.337 0.154
3576.76114 20.562 0.230
3578.73561 20.595 0.209
3579.68413 20.591 0.185
3580.72378 20.196 0.181
3581.73363 19.675 0.121
3582.68259 21.379 0.368
3583.70077 20.828 0.325
3584.70463 20.747 0.266
3585.70332 20.371 0.136
3586.75736 20.380 0.149
3589.74676 21.757 0.591
3590.74299 20.491 0.202
3591.72460 20.374 0.143
3592.69581 20.864 0.221
3603.71456 19.986 0.160
3607.69851 21.058 0.463
3608.69114 19.950 0.113
3615.64603 20.877 0.326
3617.61048 20.260 0.217
3619.60759 20.594 0.204
3621.64927 20.834 0.284
3629.53351 20.617 0.238
3631.56240 21.074 0.468
3633.58736 19.755 0.181
3640.52074 20.072 0.166
3644.59655 21.239 0.481
3649.57253 20.476 0.216
3656.53928 20.211 0.199
3660.54348 20.381 0.253
3665.52629 21.694 0.759
3670.51192 19.162 0.110
3777.88408 20.332 0.207
3783.87510 20.627 0.204
3785.88610 20.768 0.273
3788.89010 20.171 0.190
3791.90187 20.592 0.398
3794.87940 21.199 0.381
3796.87117 20.559 0.231
3797.87083 20.600 0.178
3800.85189 20.249 0.220
3802.79881 20.708 0.267
3803.83140 21.063 0.327
3804.87859 20.766 0.264
3806.89106 21.221 0.351
3808.87610 21.973 0.726
3810.79207 24.155 6.922
3812.77821 19.857 0.164
3814.76910 21.217 0.439
3818.83407 20.102 0.121
3819.89350 20.580 0.168
3820.88571 21.278 0.380
3821.89711 20.431 0.171
3822.90896 20.813 0.238
3824.90397 20.690 0.333
3825.89608 19.996 0.126
3827.89519 20.600 0.183
3828.90731 20.702 0.314
3829.90321 20.813 0.242
3830.86683 19.864 0.110
3832.89744 20.441 0.212
3833.88586 20.691 0.206
3834.81099 20.118 0.113
3835.86342 20.614 0.172
3836.87289 20.830 0.255
3837.85167 20.590 0.220
3838.85579 20.679 0.257
3839.87489 22.227 1.604
3840.85888 20.744 0.244
3841.84213 20.003 0.131
3842.75607 20.202 0.210
3842.90491 20.126 0.310
3845.84572 21.475 0.642
3846.85051 21.178 0.341
3847.89241 20.780 0.357
3848.86610 20.084 0.151
3849.89445 20.028 0.155
3850.81540 20.121 0.160
3851.82168 20.235 0.213
3852.81378 20.967 0.296
3853.80302 20.266 0.121
3856.79171 20.286 0.176
3858.85571 20.466 0.214
3859.89434 20.415 0.229
3860.84708 20.155 0.205
3861.83183 20.091 0.120
3861.86235 20.155 0.146
3861.88832 20.556 0.215
3862.64074 20.508 0.274
3862.66810 21.372 0.586
3862.69428 21.428 0.485
3862.71712 20.373 0.167
3862.72608 20.661 0.221
3862.74358 20.998 0.272
3862.76458 20.107 0.140
3862.79904 19.939 0.099
3862.85843 20.133 0.147
3862.93199 20.241 0.216
3863.64228 21.758 0.759
3863.78378 20.381 0.148
3863.92726 20.392 0.167
3864.64531 20.680 0.315
3864.80722 20.535 0.160
3865.65673 22.078 1.042
3865.77000 20.380 0.190
3866.73516 20.123 0.128
3867.74253 19.976 0.142
3868.73790 20.820 0.376
3869.71960 20.257 0.222
3869.93404 20.614 0.352
3872.85694 20.648 0.246
3873.72310 20.294 0.166
3874.76986 19.938 0.162
3875.75170 20.340 0.135
3877.71145 20.746 0.209
3880.77823 20.478 0.183
3881.78681 20.647 0.206
3882.72174 20.704 0.268
3883.77352 20.737 0.255
3886.73425 20.563 0.205
3887.71685 20.305 0.156
3889.87861 19.909 0.112
3891.61026 23.178 3.232
3892.74549 20.100 0.132
3893.77670 20.748 0.424
3894.81375 20.085 0.196
3896.76413 20.749 0.325
3900.66091 19.728 0.125
3901.66643 20.033 0.148
3902.68394 20.825 0.255
3903.82148 21.647 0.640
3904.66379 20.344 0.132
3905.67450 20.280 0.131
3906.65233 20.349 0.185
3907.71837 21.913 1.142
3907.74412 20.558 0.277
3908.65826 20.294 0.129
3909.65636 20.300 0.133
3912.66045 20.080 0.090
3912.74325 20.363 0.136
3912.77483 20.153 0.113
3912.80401 20.206 0.130
3912.83322 20.280 0.148
3912.86269 20.115 0.127
3913.48523 19.759 0.109
3913.51740 20.302 0.141
3913.54667 20.169 0.123
3913.57578 20.318 0.135
3913.61047 20.552 0.189
3913.65197 21.131 0.294
3913.66065 20.047 0.108
3913.69031 20.616 0.207
3913.71956 20.959 0.332
3913.75214 20.561 0.245
3913.78249 20.061 0.125
3914.51109 20.302 0.283
3914.70260 20.390 0.162
3915.48686 20.201 0.210
3915.65754 20.221 0.137
3915.78324 20.366 0.172
3916.73926 20.705 0.339
3917.75644 20.409 0.227
3918.75673 20.457 0.188
3919.68691 21.158 0.330
3920.64062 19.515 0.094
3921.64906 20.241 0.215
3930.71071 20.732 0.257
3931.62688 21.078 0.382
3932.58534 20.422 0.161
3933.63759 20.612 0.156
3934.60465 20.840 0.240
3934.80605 20.175 0.155
3935.58567 20.220 0.129
3936.57072 20.419 0.192
3936.82182 20.007 0.181
3937.64948 20.611 0.231
3938.61497 21.077 0.342
3940.75577 19.192 0.054
3944.71077 19.783 0.098
3945.64663 19.613 0.100
3946.64285 19.915 0.125
3950.65363 20.377 0.179
3951.66924 20.754 0.374
3957.68576 20.507 0.374
3959.63003 20.223 0.167
3960.62116 20.148 0.120
3963.62658 20.319 0.161
3964.66270 20.183 0.125
3965.63757 20.460 0.148
3966.63206 20.339 0.175
3967.65548 20.101 0.136
3968.61499 20.711 0.259
3969.62543 20.116 0.152
3970.63221 20.614 0.263
3971.66354 20.593 0.205
3973.69179 21.718 0.693
3974.62932 20.547 0.220
3975.62185 20.624 0.211
3976.61581 20.801 0.249
3979.65099 20.653 0.328
3982.68371 20.100 0.274
3987.61310 20.552 0.189
3988.64529 20.302 0.158
3989.56339 20.886 0.367
3991.56478 20.614 0.277
3995.51262 20.492 0.222
4001.58297 21.297 0.393
4002.61858 20.485 0.173
4003.57303 21.160 0.278
4011.55636 19.946 0.162
4015.58535 23.204 3.765
4017.55902 21.170 0.426
4019.56036 21.582 0.610
4021.58328 21.681 0.860
4025.50154 20.259 0.211
4027.50927 21.560 0.662
4029.55083 20.010 0.185
4150.88335 20.381 0.255
4155.85566 20.349 0.202
4158.81751 20.202 0.237
4160.87249 19.893 0.193
4162.86813 20.490 0.303
4164.90800 20.528 0.344
4167.83559 20.253 0.222
4169.84711 20.422 0.209
4170.82419 20.199 0.209
4174.78681 20.789 0.376
4174.85718 20.532 0.247
4174.86032 20.992 0.360
4176.83888 20.174 0.158
4177.89258 20.315 0.206
4179.79035 20.635 0.267
4180.84209 20.857 0.409
4182.76521 20.596 0.234
4183.80422 20.630 0.290
4184.87229 20.548 0.214
4185.85161 20.391 0.220
4190.87800 19.526 0.091
4192.88237 19.131 0.064
4193.89328 19.115 0.075
4194.91483 19.008 0.069
4202.88462 20.762 0.242
4203.87281 20.436 0.162
4204.87191 20.274 0.161
4205.86840 20.543 0.204
4207.87209 20.468 0.169
4208.90174 20.550 0.264
4213.86983 20.540 0.180
4215.90738 20.486 0.235
4216.82818 20.648 0.259
4217.85414 20.601 0.182
4218.89134 20.615 0.245
4219.93503 20.401 0.397
4220.87539 20.979 0.437
4222.84190 20.430 0.218
4228.82705 20.100 0.215
4229.80586 20.520 0.223
4230.79283 20.429 0.180
4231.81493 20.705 0.234
4232.82621 21.274 0.677
4234.77024 20.233 0.172
4235.79222 20.574 0.213
4238.81606 20.789 0.380
4239.91751 20.225 0.265
4243.70980 20.159 0.274
4244.87165 20.804 0.419
4245.86490 20.349 0.262
4246.91955 20.440 0.266
4250.88543 19.883 0.224
4256.73770 20.099 0.234
4258.72714 20.444 0.230
4268.63063 20.220 0.203
4269.67079 20.354 0.187
4272.72205 20.657 0.220
4273.68147 20.331 0.209
4274.66514 20.346 0.209
4275.72215 20.348 0.242
4277.62112 20.572 0.263
4278.69586 20.413 0.262
4283.64080 20.320 0.214
4284.62465 20.525 0.282
4285.63134 20.632 0.379
4286.72520 19.679 0.188
4289.67114 20.846 0.400
4290.75105 20.484 0.309
4291.74889 20.401 0.238
4292.61001 20.637 0.217
4293.63743 20.531 0.199
4294.60923 19.683 0.095
4295.63856 20.689 0.205
4296.61805 20.229 0.152
4297.61181 20.311 0.145
4298.72136 20.745 0.296
4299.47208 20.323 0.248
4299.49101 20.669 0.287
4299.54883 20.927 0.284
4299.68833 20.520 0.217
4299.80839 20.746 0.375
4300.46891 20.760 0.397
4300.77586 20.263 0.206
4300.81316 21.011 0.461
4301.49067 20.178 0.188
4301.81405 20.826 0.296
4302.55318 20.953 0.389
4302.76977 20.230 0.189
4303.61679 20.444 0.332
4304.47492 20.058 0.265
4305.64577 19.852 0.169
4307.56091 20.594 0.241
4307.60484 20.470 0.220
4310.75454 20.605 0.398
4312.65064 20.300 0.189
4317.63795 20.464 0.228
4319.64569 20.272 0.222
4320.74709 19.569 0.163
4326.65666 20.528 0.256
4327.68525 20.381 0.264
4328.62626 20.512 0.254
4329.61680 21.133 0.539
4330.59980 20.008 0.154
4331.62627 20.460 0.265
4332.63138 21.065 0.391
4333.62672 20.306 0.253
4334.62096 20.420 0.405
4338.66090 20.229 0.276
4339.62992 20.739 0.348
4340.55668 20.235 0.268
4342.66455 20.525 0.280
4343.64396 20.801 0.308
4344.69334 20.246 0.202
4345.64373 21.527 0.889
4346.64905 20.189 0.247
4347.66306 20.537 0.250
4349.63482 20.508 0.218
4351.63352 20.536 0.266
4357.64496 20.596 0.322
4359.61766 20.116 0.200
4362.60238 20.203 0.441
4370.61411 21.333 0.656
4372.58618 20.684 0.293
4380.59590 20.892 0.378
4515.89127 20.386 0.230
4519.86278 20.412 0.248
4520.86226 20.086 0.224
4523.85359 20.150 0.223
4524.90464 20.106 0.213
4530.89416 20.451 0.175
4534.84086 20.599 0.293
4536.85004 21.002 0.326
4538.85896 20.536 0.227
4540.88875 20.781 0.264
4542.91512 20.099 0.222
4543.87658 22.144 1.004
4544.87335 21.109 0.354
4545.89092 20.160 0.150
4547.91701 20.736 0.315
4550.86467 21.040 0.349
4552.91940 20.113 0.196
4556.88384 20.751 0.208
4557.90982 21.114 0.326
4558.84489 20.601 0.202
4559.87405 20.264 0.168
4560.87446 20.549 0.174
4561.86335 20.687 0.195
4564.86756 20.706 0.185
4565.85644 20.491 0.133
4566.85853 20.849 0.225
4567.86275 20.752 0.227
4568.89280 20.799 0.345
4569.87871 20.669 0.217
4570.88400 20.393 0.175
4571.84949 20.677 0.212
4572.88774 21.027 0.383
4573.86305 20.593 0.162
4574.86520 20.561 0.284
4575.87686 20.925 0.271
4579.92919 20.517 0.300
4583.84901 20.665 0.279
4586.82950 20.459 0.215
4587.86738 20.840 0.436
4588.75766 20.603 0.216
4589.78932 21.410 0.534
4590.80369 20.313 0.184
4591.78094 20.797 0.278
4592.79309 21.002 0.383
4593.77854 20.530 0.216
4594.80681 20.690 0.233
4595.79733 20.667 0.221
4596.81787 20.418 0.169
4597.81514 20.149 0.151
4598.78453 20.816 0.191
4599.76395 20.613 0.194
4600.76949 20.568 0.163
4601.77415 20.562 0.165
4602.77171 20.674 0.202
4606.82954 20.461 0.193
4610.89842 20.706 0.299
4611.75582 20.658 0.316
4611.94230 20.768 0.411
4616.74808 20.628 0.220
4617.93252 20.930 0.494
4622.72439 21.791 0.803
4623.80423 20.477 0.296
4624.74303 20.517 0.246
4625.72438 20.301 0.237
4626.78313 20.063 0.150
4627.70371 20.930 0.266
4628.69388 20.571 0.204
4629.76007 20.558 0.212
4630.69936 20.752 0.226
4631.71773 20.374 0.138
4632.74036 20.365 0.175
4633.88022 19.957 0.184
4639.82078 20.010 0.188
4640.79627 20.389 0.263
4641.88151 20.729 0.430
4642.71921 20.497 0.223
4643.68526 20.300 0.188
4644.76839 20.529 0.273
4645.68707 20.865 0.303
4646.65475 21.454 0.396
4647.67600 20.828 0.269
4648.67273 21.392 0.421
4648.78500 20.612 0.284
4649.66007 20.151 0.143
4650.69155 20.392 0.182
4651.70287 20.563 0.244
4652.63133 20.602 0.228
4653.62516 20.310 0.201
4654.66432 20.598 0.275
4655.62858 20.624 0.206
4656.63181 20.847 0.284
4658.78903 20.387 0.289
4660.74268 20.588 0.349
4661.62125 20.904 0.262
4666.55398 21.456 0.672
4671.67782 20.459 0.191
4672.63753 20.094 0.180
4674.66544 20.563 0.276
4677.69017 21.605 0.698
4681.69350 20.835 0.347
4682.64922 20.486 0.235
4683.64710 20.432 0.259
4684.66555 20.518 0.292
4685.69169 21.297 0.480
4686.76429 20.308 0.220
4687.67975 20.725 0.328
4688.62588 20.450 0.184
4694.70998 20.454 0.352
4697.63126 21.926 0.913
4698.65283 20.968 0.376
4700.64799 21.171 0.422
4701.63094 20.389 0.192
4702.64576 20.580 0.253
4708.66740 20.151 0.184
4710.68529 20.988 0.478
4720.59845 21.097 0.616
4721.63400 20.948 0.607
4724.65071 19.113 0.111
4726.62694 19.505 0.147
4733.59115 19.684 0.141
4738.55134 21.495 0.812
4741.63332 20.893 0.403
4756.55566 19.715 0.186
4757.54595 20.036 0.191
4763.51458 20.833 0.424
4767.52040 20.127 0.260
4768.50178 22.998 4.043
4771.51130 19.896 0.280
4876.88747 20.835 0.354
4883.87333 19.991 0.196
4886.84025 21.034 0.411
4888.86780 20.815 0.256
4892.86185 21.809 0.722
4898.83212 20.777 0.304
4901.83498 20.982 0.343
4903.88238 20.343 0.167
4905.87873 21.029 0.458
4912.86352 20.344 0.118
4914.90971 20.829 0.298
4924.75877 21.034 0.304
4925.87647 20.663 0.175
4928.76669 21.285 0.442
4930.81081 20.697 0.345
4931.85523 20.445 0.206
4932.86379 20.596 0.215
4933.85863 21.041 0.465
4938.83858 22.041 0.947
4940.78008 20.934 0.316
4941.81581 21.350 0.481
4942.75893 21.264 0.387
4944.76124 20.763 0.228
4945.81431 20.623 0.155
4951.66087 22.880 2.569
4953.85389 20.793 0.362
4954.82317 21.159 0.390
4955.81454 20.517 0.255
5260.87825 19.893 0.120
5261.80922 19.700 0.098
5262.84681 19.453 0.207
5265.86364 19.977 0.112
5266.81005 19.986 0.131
5267.83727 19.988 0.128
5268.83970 20.136 0.133
5269.80339 19.995 0.111
5270.80907 19.978 0.115
5271.80389 19.956 0.124
5272.80975 19.687 0.116
5273.79475 19.850 0.125
5274.81322 20.204 0.160
5275.79957 20.509 0.259
5276.77774 20.076 0.151
5276.90522 20.302 0.146
5277.81428 20.306 0.286
5278.80985 20.054 0.149
5279.81112 20.350 0.293
5280.81773 20.320 0.170
5281.79765 19.999 0.111
5282.82037 19.963 0.110
5283.78049 19.773 0.117
5283.87179 20.028 0.096
5284.78608 20.145 0.188
5285.77693 19.908 0.161
5285.90692 19.958 0.121
5286.79253 20.138 0.242
5287.84571 19.924 0.110
5288.77110 19.748 0.130
5289.82297 19.788 0.113
5293.85091 20.112 0.136
5294.75870 19.868 0.108
5294.79578 19.978 0.090
5294.83317 20.078 0.097
5294.86327 19.879 0.075
5294.90429 20.011 0.099
5295.76018 20.083 0.110
5295.79865 19.946 0.103
5295.83661 20.029 0.106
5295.87476 19.936 0.083
5295.91378 19.852 0.094
5296.80377 19.925 0.091
5296.83824 19.975 0.088
5296.87602 20.107 0.096
5297.75708 19.727 0.085
5297.79708 19.925 0.093
5297.83498 19.914 0.090
5297.87301 19.977 0.088
5297.91195 20.126 0.141
5298.79790 19.814 0.088
5298.83565 20.068 0.107
5298.87386 19.844 0.071
5298.91337 19.926 0.100
5299.74473 19.928 0.106
5299.78235 19.857 0.095
5299.82008 20.328 0.133
5299.85805 20.568 0.172
5299.89849 20.562 0.189
5300.85350 19.951 0.090
5300.89413 20.044 0.119
5301.74918 19.862 0.111
5301.78685 20.231 0.143
5301.82415 20.061 0.128
5301.86240 20.048 0.152
5301.90261 20.025 0.214
5303.91013 19.796 0.116
5304.74716 19.748 0.120
5306.68279 19.708 0.095
5306.71988 20.141 0.114
5306.78422 19.969 0.092
5306.84748 20.022 0.095
5306.88739 19.959 0.088
5306.92540 20.068 0.118
5307.73328 20.003 0.120
5307.79690 19.867 0.082
5307.83490 20.011 0.115
5307.87610 19.907 0.085
5307.91372 20.115 0.125
5308.72573 20.270 0.167
5308.78701 20.106 0.096
5308.82447 20.006 0.090
5308.86485 19.986 0.095
5309.69919 20.018 0.157
5309.79213 19.921 0.086
5309.83464 19.987 0.091
5309.87935 20.164 0.115
5309.91680 20.160 0.123
5310.68415 20.228 0.188
5310.76801 19.979 0.123
5310.83039 19.888 0.087
5310.87665 20.460 0.145
5310.91415 20.509 0.153
5311.80443 20.142 0.127
5311.86282 19.966 0.100
5311.90765 20.162 0.135
5312.73325 20.141 0.164
5312.77435 19.930 0.138
5312.81348 19.993 0.134
5312.85803 20.221 0.161
5312.89761 20.854 0.288
5313.80703 20.253 0.200
5313.84709 19.917 0.134
5313.88638 20.213 0.195
5313.92390 19.930 0.161
5314.69675 19.645 0.124
5314.73712 19.729 0.127
5314.77711 20.042 0.159
5314.82064 19.887 0.107
5314.87207 20.209 0.184
5314.90946 19.835 0.135
5315.67498 20.012 0.236
5315.71825 20.251 0.290
5315.76025 19.925 0.166
5315.79765 20.153 0.175
5315.83691 19.964 0.190
5315.87855 19.962 0.188
5315.91783 19.974 0.222
5316.71331 19.970 0.196
5316.75640 20.478 0.378
5316.79339 20.143 0.256
5316.83725 19.871 0.190
5319.80938 20.104 0.156
5319.85339 19.815 0.136
5319.89767 20.606 0.336
5319.93507 20.219 0.297
5320.67300 19.887 0.168
5320.71538 20.234 0.204
5320.75407 19.947 0.147
5320.79175 19.906 0.116
5320.83245 19.803 0.114
5320.87328 20.005 0.147
5320.91278 20.236 0.177
5321.67065 19.905 0.185
5321.73852 20.178 0.144
5321.77827 19.863 0.104
5321.81626 20.007 0.138
5321.85799 20.125 0.136
5321.89535 19.985 0.129
5321.93246 19.796 0.154
5322.82388 19.940 0.103
5322.86646 20.041 0.127
5322.89169 20.499 0.264
5322.93201 20.421 0.213
5323.71613 19.753 0.109
5323.75617 19.985 0.106
5323.79551 19.820 0.088
5323.83748 19.870 0.105
5323.87638 19.887 0.114
5323.91384 19.831 0.135
5324.65494 20.416 0.231
5324.71982 19.837 0.109
5324.75718 20.306 0.167
5324.79564 19.826 0.153
5324.83633 20.046 0.160
5324.87371 20.802 0.284
5324.91436 20.483 0.201
5325.65024 19.813 0.108
5325.71024 20.600 0.219
5325.74821 20.070 0.126
5325.78541 19.840 0.110
5325.82726 19.861 0.105
5325.87236 20.339 0.193
5326.62165 20.061 0.258
5326.68530 20.081 0.139
5326.74613 20.002 0.122
5326.78378 19.902 0.079
5326.82346 20.105 0.125
5326.86115 20.012 0.142
5326.89957 20.313 0.172
5327.62525 20.161 0.119
5327.69963 19.740 0.093
5327.77083 19.985 0.125
5327.80982 20.525 0.224
5327.84800 20.248 0.141
5327.88707 20.011 0.138
5327.92491 20.467 0.204
5328.62151 19.949 0.129
5328.72662 20.162 0.136
5328.76529 20.098 0.118
5328.80275 20.355 0.165
5328.84358 19.806 0.108
5328.88132 19.838 0.107
5328.91896 20.323 0.168
5329.71920 19.886 0.108
5334.67032 20.652 0.413
5334.75038 20.167 0.143
5334.80713 19.945 0.121
5334.84856 19.890 0.129
5334.88901 19.665 0.124
5334.92679 20.701 0.325
5335.73213 19.965 0.086
5335.77139 20.032 0.168
5335.81209 20.342 0.165
5335.85054 20.284 0.176
5335.88816 20.356 0.237
5335.92717 20.551 0.243
5336.80546 19.942 0.116
5336.89712 20.336 0.229
5336.93471 20.366 0.247
5337.78151 20.114 0.124
5337.82130 19.851 0.120
5337.85970 20.158 0.206
5337.89752 20.224 0.211
5338.77915 19.996 0.180
5338.82178 20.000 0.191
5338.87848 20.667 0.434
5339.65632 19.441 0.117
5339.69427 20.359 0.246
5339.76089 19.720 0.087
5339.85364 19.767 0.151
5339.89374 20.167 0.282
5339.93168 19.991 0.188
5340.64034 19.946 0.249
5340.67970 19.969 0.187
5340.76598 19.966 0.168
5340.82233 20.202 0.265
5340.86097 19.954 0.185
5340.89877 20.091 0.237
5340.93644 20.240 0.267
5341.61087 20.271 0.205
5341.68407 19.899 0.125
5341.79166 19.995 0.135
5341.83013 20.028 0.130
5341.86791 20.077 0.155
5341.90820 20.107 0.160
5342.58240 19.553 0.176
5342.61980 19.824 0.147
5342.65749 19.835 0.151
5342.69488 19.870 0.134
5342.73306 19.960 0.128
5342.77638 20.649 0.317
5342.81558 20.650 0.323
5342.85370 20.360 0.219
5342.89133 20.409 0.262
5342.92921 20.436 0.361
5343.60063 20.034 0.260
5343.63826 20.797 0.437
5343.67592 20.234 0.242
5343.71371 19.975 0.153
5343.75170 20.121 0.163
5343.79240 20.317 0.219
5343.83137 20.169 0.203
5343.88218 20.257 0.260
5343.92005 20.156 0.228
5348.61837 20.769 0.380
5348.71314 19.933 0.179
5348.77866 19.920 0.142
5348.81659 20.146 0.201
5348.86076 20.187 0.166
5348.89906 20.678 0.380
5349.61572 20.545 0.388
5349.72658 19.903 0.140
5349.79212 20.097 0.178
5349.82969 20.195 0.239
5350.62951 19.956 0.193
5350.66748 19.870 0.181
5350.70485 19.735 0.129
5350.74578 20.190 0.206
5351.61103 19.528 0.114
5351.67626 19.661 0.096
5351.75942 19.586 0.100
5351.84384 19.605 0.105
5351.90218 19.664 0.134
5352.62487 18.966 0.067
5352.68773 18.848 0.039
5352.77368 18.957 0.056
5352.85640 18.957 0.054
5352.89855 19.006 0.063
5353.57903 19.024 0.061
5353.66185 19.063 0.049
5353.74197 19.007 0.044
5353.79341 18.968 0.047
5353.83114 19.143 0.060
5353.88115 18.783 0.057
5354.59705 18.961 0.056
5354.68687 18.871 0.043
5354.78387 19.008 0.056
5354.84291 18.965 0.057
5354.88310 18.737 0.059
5354.92159 18.951 0.075
5355.62738 18.862 0.049
5355.71172 18.948 0.045
5355.79893 18.920 0.056
5355.83956 18.841 0.055
5355.88487 18.913 0.091
5357.62603 18.998 0.060
5357.71100 18.986 0.045
5357.80357 19.046 0.075
5357.88496 19.164 0.082
5358.68008 18.922 0.045
5358.77318 19.250 0.079
5359.59453 19.147 0.088
5359.63563 19.053 0.061
5359.69053 19.064 0.058
5359.73881 19.079 0.066
5359.78751 19.110 0.058
5359.83156 19.089 0.064
5359.87130 19.164 0.092
5361.63738 19.428 0.119
5361.68339 19.869 0.142
5362.59800 19.462 0.103
5362.69729 19.702 0.096
5362.79915 19.558 0.109
5362.89285 19.652 0.149
5364.53669 19.500 0.131
5364.58113 19.936 0.121
5364.66841 20.219 0.149
5364.76383 20.231 0.176
5364.80498 20.024 0.182
5364.84445 20.130 0.189
5364.88441 20.282 0.233
5365.55395 19.642 0.135
5365.60132 20.260 0.188
5365.69181 20.079 0.120
5365.78650 20.525 0.215
5365.84286 19.772 0.126
5365.88146 20.470 0.296
5368.62884 19.618 0.133
5369.71358 19.950 0.213
5369.75935 19.931 0.177
5369.79802 20.793 0.426
5369.83715 19.735 0.146
5376.64342 19.690 0.146
5376.68434 20.283 0.217
5376.72327 20.460 0.291
5376.76164 20.054 0.183
5376.79979 20.597 0.313
5376.83779 20.292 0.301
5376.87570 20.898 0.651
5377.53253 20.169 0.210
5377.61531 20.222 0.192
5377.68338 20.481 0.199
5377.73228 20.292 0.179
5377.77532 20.405 0.217
5377.81304 19.995 0.155
5377.85124 19.867 0.166
5378.50743 19.875 0.116
5378.59115 20.216 0.128
5378.67974 20.173 0.124
5378.73717 20.428 0.144
5378.77521 19.996 0.109
5378.81371 19.967 0.130
5378.85362 20.497 0.288
5379.49253 20.386 0.249
5379.54292 20.047 0.140
5379.62778 20.075 0.116
5379.71475 19.922 0.113
5379.76800 19.835 0.101
5379.80587 19.778 0.132
5379.84395 20.895 0.466
5380.50396 19.999 0.183
5380.54183 20.131 0.144
5380.60997 19.921 0.123
5380.69704 20.050 0.118
5380.73771 19.902 0.117
5380.77570 20.098 0.144
5380.81381 19.894 0.190
5380.85182 20.169 0.314
5381.55133 19.715 0.113
5381.58882 20.157 0.263
5381.68883 20.013 0.171
5381.76510 19.447 0.137
5381.81191 20.916 0.501
5381.85004 20.501 0.349
5382.54006 20.147 0.232
5382.58445 20.091 0.213
5382.62738 19.843 0.175
5382.66870 20.169 0.187
5382.70870 19.991 0.169
5382.74672 20.462 0.278
5382.79147 19.979 0.195
5382.83524 20.019 0.245
5384.77655 19.686 0.154
5384.83042 19.572 0.177
5385.48601 19.850 0.122
5385.56783 19.938 0.086
5385.82457 20.263 0.150
5386.47137 19.627 0.110
5386.51232 20.264 0.200
5386.59441 19.946 0.125
5386.67881 20.037 0.151
5386.69340 20.242 0.135
5386.75774 20.594 0.199
5386.79717 19.820 0.102
5386.83912 20.002 0.134
5387.54229 20.196 0.134
5387.70166 20.234 0.125
5387.74007 20.530 0.160
5387.78094 20.249 0.156
5387.82430 20.076 0.149
5388.48187 20.318 0.214
5388.51975 20.265 0.162
5388.60697 20.056 0.105
5388.71428 20.499 0.213
5388.77874 20.249 0.189
5388.82186 20.132 0.205
5389.48092 19.948 0.198
5389.51901 20.050 0.148
5389.58280 20.064 0.119
5389.68797 20.495 0.178
5389.76995 19.997 0.146
5389.80914 20.087 0.158
5389.84885 20.519 0.310
5390.55224 20.169 0.186
5390.59805 20.069 0.159
5390.68362 20.402 0.262
5390.73374 20.006 0.118
5390.77159 20.001 0.113
5390.80932 20.044 0.137
5391.50341 20.376 0.259
5391.54329 20.302 0.255
5391.58069 20.037 0.123
5391.68997 20.161 0.134
5391.79519 20.152 0.170
5391.83291 19.841 0.139
5392.48054 20.093 0.197
5392.51842 20.051 0.146
5392.55840 20.304 0.187
5392.66483 20.109 0.145
5392.77277 20.045 0.139
5392.81045 20.006 0.139
5393.62584 20.305 0.240
5393.66530 20.136 0.208
5393.70364 20.683 0.345
5393.78714 20.168 0.217
5393.82489 19.470 0.134
5395.81959 20.050 0.196
5396.53925 20.609 0.412
5396.61444 19.988 0.140
5396.67674 20.192 0.164
5396.71132 19.946 0.126
5396.78392 19.735 0.110
5397.58911 20.004 0.254
5397.67716 20.584 0.343
5397.75945 19.817 0.188
5402.65377 19.756 0.234
5403.46859 19.980 0.167
5403.50605 20.295 0.177
5403.54329 20.009 0.148
5403.58119 19.945 0.134
5403.62248 19.795 0.117
5403.66107 20.464 0.217
5403.69886 20.024 0.155
5403.73969 19.761 0.132
5403.77763 19.782 0.210
5404.48139 19.913 0.129
5404.51927 20.041 0.139
5404.55706 20.126 0.157
5404.59546 20.167 0.187
5404.63807 20.543 0.235
5404.67763 19.879 0.140
5404.71652 20.198 0.206
5404.75603 19.831 0.137
5405.61518 20.086 0.204
5405.65446 20.274 0.224
5405.69439 20.318 0.219
5405.73214 20.057 0.198
5405.76964 19.897 0.143
5407.46912 20.931 0.550
5407.50893 20.032 0.166
5407.54698 20.044 0.148
5407.58557 20.394 0.273
5407.62598 20.772 0.391
5407.66428 20.247 0.246
5407.70320 19.881 0.166
5407.74127 20.004 0.180
5407.77912 19.916 0.184
5408.53345 20.168 0.220
5408.58081 21.022 0.429
5408.62107 20.505 0.254
5408.65885 20.009 0.179
5408.69756 19.867 0.153
5408.73548 19.929 0.165
5408.77316 19.852 0.204
5409.48339 19.615 0.100
5409.52464 19.944 0.130
5409.63052 20.361 0.147
5409.73753 20.241 0.180
5409.77530 20.026 0.171
5410.48760 20.246 0.191
5410.52575 20.285 0.173
5410.63405 20.167 0.159
5410.74121 20.345 0.234
5410.77966 20.049 0.165
5411.50219 19.974 0.121
5411.56261 19.905 0.086
5411.67075 20.000 0.096
5411.75471 20.170 0.185
5412.52586 19.892 0.132
5412.56424 19.998 0.178
5412.60429 19.958 0.151
5412.64250 20.172 0.197
5412.68572 19.915 0.134
5413.50550 19.905 0.122
5413.58947 20.002 0.114
5413.69734 20.029 0.124
5413.75771 20.135 0.184
5414.48593 20.085 0.123
5414.52371 20.225 0.123
5414.63346 20.135 0.114
5414.74428 20.305 0.173
5416.60258 20.042 0.194
5416.64851 19.854 0.131
5416.71133 20.670 0.293
5418.56710 19.972 0.100
5418.61134 20.065 0.126
5418.66636 20.097 0.137
5418.71298 20.382 0.179
5421.51990 20.271 0.180
5421.57924 19.975 0.112
5421.62530 20.164 0.181
5421.66812 20.156 0.171
5421.71387 20.085 0.151
5422.50304 20.161 0.154
5422.54714 20.252 0.129
5422.67101 20.273 0.142
5423.48481 19.850 0.089
5423.52670 20.170 0.112
5423.63145 19.989 0.141
5425.49374 20.159 0.147
5425.53490 19.946 0.107
5426.50217 20.469 0.374
5426.54122 20.276 0.262
5426.69245 19.604 0.224
5430.48809 20.410 0.257
5430.52796 20.571 0.256
5430.57277 20.018 0.174
5430.61196 19.852 0.134
5430.64999 19.825 0.147
5431.48913 19.958 0.142
5431.52859 20.049 0.142
5431.56791 19.837 0.143
5431.60942 20.234 0.185
5431.64702 19.814 0.151
5431.68796 19.932 0.206
5432.62497 20.429 0.293
5432.66786 21.064 0.586
5433.64261 20.071 0.250
5433.68790 19.939 0.191
5434.51978 20.372 0.229
5434.56411 19.879 0.140
5434.60709 19.983 0.139
5434.64957 19.862 0.135
5434.69192 19.933 0.159
5435.49131 19.969 0.160
5435.53426 20.121 0.156
5435.60094 19.955 0.133
5435.65450 20.155 0.154
5435.69515 20.647 0.275
5436.48905 20.338 0.189
5436.58794 19.915 0.155
5436.70222 19.713 0.125
5437.54348 20.129 0.130
5437.67452 20.052 0.145
5438.52437 20.030 0.173
5438.58967 20.235 0.190
5438.66411 19.895 0.111
5438.70172 19.795 0.105
5439.53852 20.266 0.223
5439.57994 20.541 0.270
5439.61773 20.191 0.208
5439.65574 20.032 0.157
5443.51020 20.381 0.225
5443.54815 20.186 0.195
5443.59418 20.247 0.230
5443.63190 19.853 0.134
5443.67557 19.797 0.124
5444.50522 20.225 0.177
5444.55674 19.946 0.133
5444.60840 20.287 0.188
5444.64649 19.704 0.105
5445.47994 19.974 0.116
5445.57781 19.871 0.116
5445.65392 19.822 0.112
5446.48436 20.122 0.172
5446.53549 20.167 0.158
5446.57596 20.560 0.270
5446.61466 20.956 0.290
5446.65451 20.000 0.130
5447.50309 20.235 0.120
5447.54567 19.969 0.130
5447.60957 20.082 0.137
5448.47688 20.256 0.246
5448.52169 20.157 0.185
5448.57578 19.904 0.146
5449.47806 20.133 0.217
5449.51640 20.859 0.359
5449.54740 20.285 0.178
5449.63100 20.022 0.155
5450.51916 20.754 0.398
5450.60533 20.028 0.181
5450.64523 21.013 0.484
5451.64653 19.573 0.141
5453.47936 20.530 0.427
5453.57908 19.895 0.125
5457.49756 20.060 0.111
5457.55542 19.884 0.107
5457.60267 19.885 0.139
5458.48793 20.050 0.170
5458.54409 19.963 0.243
5458.58704 20.082 0.169
5459.50555 20.627 0.358
5459.55310 20.053 0.153
5459.60219 19.936 0.133
5460.49357 19.848 0.164
5460.53955 20.249 0.312
5460.58883 20.278 0.388
5461.50030 20.191 0.247
5461.54994 19.656 0.188
5461.59229 19.924 0.164
5462.48145 20.252 0.288
5462.56161 20.591 0.284
5463.51429 20.242 0.184
5463.58864 20.144 0.173
5464.50646 20.301 0.197
5464.54846 20.018 0.173
5465.51157 19.966 0.172
5467.48474 20.162 0.206
5468.55427 20.030 0.190
5469.60908 20.337 0.200
5471.51898 20.496 0.242
5471.58741 20.001 0.144
5472.55311 19.677 0.131
5473.50276 20.261 0.232
5476.49398 20.333 0.216
5477.54097 20.046 0.184
5479.51016 20.452 0.275
5480.50540 20.126 0.200
5480.56912 19.915 0.156
5481.54163 20.469 0.472
5485.52189 19.777 0.143
5486.50831 20.027 0.190
5487.48807 20.444 0.269
5487.55171 20.351 0.226
5488.54165 19.831 0.139
5489.52979 19.968 0.225
5492.52986 20.421 0.371
5494.53507 20.250 0.278
5495.53897 19.934 0.163
5497.53649 19.606 0.121
5502.50494 19.863 0.180
5596.88300 19.993 0.238
5598.86658 20.628 0.240
5599.88228 19.973 0.163
5600.87289 20.131 0.147
5604.87399 20.538 0.286
5605.87209 19.909 0.107
5606.86981 20.130 0.166
5607.87413 20.542 0.240
5608.86902 20.397 0.262
5611.85343 20.159 0.293
5612.86865 20.856 0.414
5614.85410 19.998 0.153
5615.86240 20.137 0.162
5616.85545 20.170 0.216
5620.84350 19.831 0.135
5621.84632 19.735 0.095
5622.88386 19.923 0.094
5624.83899 19.949 0.117
5625.81814 19.788 0.130
5626.81397 19.806 0.254
5627.84239 19.816 0.108
5628.85312 20.476 0.192
5629.82132 19.991 0.159
5631.82599 19.641 0.156
5632.83379 20.165 0.151
5633.79102 19.973 0.129
5634.84588 20.535 0.254
5635.85443 19.726 0.145
5637.81433 19.697 0.204
5638.79322 19.947 0.193
5639.79236 19.816 0.141
5639.86791 20.779 0.243
5640.80005 19.734 0.140
5640.83847 20.119 0.214
5640.88704 20.235 0.161
5641.75339 19.530 0.115
5641.79393 20.094 0.175
5641.87350 20.304 0.172
5642.75971 20.125 0.224
5642.79525 20.167 0.168
5642.85426 20.046 0.160
5642.87555 20.317 0.192
5643.76977 20.230 0.208
5643.80805 19.878 0.134
5643.86780 19.934 0.111
5643.90903 19.839 0.118
5644.77750 19.751 0.169
5644.81821 20.158 0.241
5644.88878 20.630 0.247
5647.85410 19.884 0.197
5647.87432 19.948 0.205
5647.89028 19.736 0.204
5647.90867 20.199 0.300
5648.75937 19.544 0.099
5648.82479 20.252 0.133
5648.86693 19.975 0.104
5648.91234 20.079 0.184
5649.76579 19.867 0.118
5649.80777 19.879 0.092
5649.87219 20.132 0.110
5649.91052 20.029 0.127
5650.75758 19.908 0.113
5650.82012 20.195 0.120
5650.86416 20.768 0.217
5650.91305 20.177 0.147
5651.77820 20.142 0.148
5651.82124 20.308 0.166
5651.89761 19.821 0.097
5652.75827 19.785 0.098
5652.82157 19.870 0.087
5652.86347 20.076 0.109
5653.78688 20.148 0.115
5653.91731 20.083 0.116
5654.79207 20.236 0.158
5654.83832 19.784 0.092
5654.88247 20.777 0.230
5655.74053 19.690 0.107
5655.77963 19.955 0.126
5655.81757 20.703 0.250
5655.85848 19.757 0.096
5655.90874 20.676 0.197
5656.80003 20.175 0.144
5656.84090 19.911 0.081
5656.92754 20.041 0.243
5657.78882 20.198 0.123
5657.82978 20.150 0.098
5657.87526 19.869 0.086
5657.91965 20.119 0.144
5658.78567 20.307 0.211
5658.84269 20.407 0.165
5658.88113 20.110 0.159
5658.92222 20.956 0.480
5659.73734 19.827 0.090
5659.77496 20.202 0.140
5659.81425 19.846 0.109
5659.85707 19.924 0.149
5659.90471 20.280 0.145
5660.74125 20.510 0.178
5660.78577 20.316 0.180
5660.82747 20.004 0.108
5660.89911 19.879 0.121
5662.73635 20.938 0.345
5662.77677 19.665 0.111
5662.83783 20.072 0.142
5662.87652 20.258 0.145
5662.91790 19.831 0.104
5664.73775 20.309 0.269
5664.78313 20.521 0.228
5664.84330 20.452 0.216
5664.88352 20.249 0.221
5664.92618 20.090 0.208
5665.75020 19.697 0.122
5665.79590 20.365 0.163
5665.86011 20.186 0.141
5665.90778 20.000 0.112
5667.73539 20.234 0.159
5667.74696 19.955 0.118
5667.78800 20.583 0.203
5667.83973 20.697 0.218
5667.89424 19.999 0.113
5668.72180 19.914 0.157
5668.77893 20.045 0.161
5668.84544 20.105 0.170
5668.90042 20.181 0.201
5669.74088 20.552 0.286
5669.78899 20.006 0.125
5669.83802 19.922 0.104
5669.88983 20.493 0.211
5670.72300 20.292 0.204
5670.76346 20.815 0.316
5670.82667 19.880 0.152
5670.86753 20.075 0.133
5670.90893 20.121 0.159
5671.74492 19.730 0.117
5675.70877 20.325 0.177
5675.74723 20.143 0.162
5675.78510 20.911 0.312
5675.82592 20.560 0.239
5675.89535 19.972 0.153
5676.67328 20.324 0.148
5676.71178 21.107 0.215
5676.75092 20.119 0.089
5676.79053 20.152 0.134
5676.85509 20.666 0.212
5676.90116 20.012 0.097
5677.70266 20.361 0.182
5677.74804 20.144 0.114
5677.78940 20.176 0.154
5677.83956 20.271 0.180
5677.89192 20.187 0.122
5679.67054 20.680 0.306
5679.71117 19.862 0.104
5679.75259 20.261 0.144
5679.80469 20.252 0.172
5679.85574 19.953 0.113
5679.89604 19.554 0.074
5680.65814 20.119 0.197
5680.69716 20.363 0.249
5680.73589 19.853 0.125
5680.78538 20.276 0.163
5680.83828 19.843 0.095
5680.88220 20.207 0.130
5680.92247 19.994 0.132
5681.68763 19.695 0.110
5681.72579 20.215 0.161
5681.76555 20.152 0.135
5681.82818 20.135 0.134
5681.87284 20.151 0.177
5681.91280 19.713 0.099
5682.67483 20.171 0.173
5682.71667 20.102 0.142
5682.76427 19.778 0.094
5682.81605 20.132 0.136
5682.89627 20.406 0.177
5682.93526 19.745 0.168
5683.69740 20.373 0.169
5683.76810 19.991 0.104
5683.81659 19.843 0.074
5683.87736 20.165 0.131
5683.91920 19.896 0.105
5684.67954 20.471 0.190
5684.72990 20.320 0.155
5684.78077 19.815 0.083
5684.83288 20.085 0.125
5684.89143 20.003 0.124
5684.93169 20.319 0.237
5685.76721 19.844 0.079
5685.80617 20.146 0.099
5685.85846 20.044 0.095
5685.90251 19.955 0.097
5686.65493 20.535 0.289
5686.71689 19.868 0.096
5686.76227 20.269 0.121
5686.81312 20.200 0.116
5686.86332 19.862 0.139
5686.90259 19.885 0.140
5687.65627 19.965 0.182
5687.70054 20.310 0.242
5687.75239 20.092 0.135
5687.79439 20.264 0.151
5687.84665 20.063 0.128
5688.87015 20.854 0.259
5688.92715 19.951 0.166
5689.69914 19.672 0.077
5689.77396 19.932 0.101
5689.81392 19.919 0.084
5690.64204 20.123 0.161
5690.69222 20.398 0.159
5690.74899 19.990 0.175
5690.79350 19.991 0.127
5690.83973 19.962 0.162
5690.90565 20.853 0.452
5691.66042 19.954 0.131
5691.73135 20.184 0.129
5691.77440 20.045 0.131
5691.82390 20.306 0.159
5691.86388 19.859 0.119
5691.93170 19.418 0.132
5692.66330 20.098 0.162
5692.71875 19.716 0.095
5692.76599 19.777 0.086
5692.80577 20.393 0.187
5692.84470 20.161 0.137
5692.88312 19.776 0.115
5692.92071 20.134 0.171
5693.63376 19.738 0.109
5693.68232 20.316 0.136
5693.75176 19.842 0.087
5693.78953 20.016 0.093
5693.82878 20.000 0.107
5693.86640 20.163 0.144
5693.90433 19.750 0.120
5694.61526 20.603 0.280
5694.64583 19.905 0.137
5694.68375 19.793 0.098
5694.75001 19.996 0.108
5694.79820 19.889 0.091
5694.83701 20.127 0.119
5694.87435 20.142 0.164
5694.91202 19.876 0.137
5695.61911 19.845 0.139
5695.65752 20.335 0.189
5695.73846 20.030 0.144
5695.79419 19.938 0.089
5695.83846 20.157 0.122
5695.87643 20.118 0.123
5695.91398 20.524 0.189
5696.61066 19.933 0.200
5696.64395 20.650 0.301
5696.69353 19.945 0.130
5696.74110 20.104 0.114
5696.78060 19.744 0.092
5696.82454 20.031 0.126
5696.86597 20.371 0.220
5696.92448 20.189 0.209
5697.61397 20.138 0.212
5697.66135 19.971 0.128
5697.70891 19.976 0.118
5697.74758 19.944 0.114
5697.78979 19.762 0.087
5697.82885 20.056 0.125
5697.86913 19.753 0.109
5697.91112 19.623 0.099
5698.60653 20.031 0.227
5698.64388 19.947 0.169
5698.69456 20.304 0.206
5698.73456 20.159 0.166
5698.77272 19.812 0.127
5698.81504 19.857 0.118
5698.85335 19.960 0.140
5698.89326 20.974 0.496
5698.93771 20.027 0.278
5702.91628 20.316 0.443
5703.68423 20.194 0.231
5703.71540 20.986 0.545
5703.76306 20.442 0.247
5703.83290 19.582 0.131
5705.71109 20.316 0.230
5705.75341 20.295 0.214
5705.79784 20.220 0.262
5705.85517 20.275 0.221
5705.90186 19.878 0.192
5706.64489 19.840 0.184
5706.74042 21.118 0.548
5706.79215 19.654 0.124
5706.85788 19.903 0.193
5707.59019 20.034 0.157
5707.62834 19.849 0.121
5707.68487 20.521 0.211
5707.72301 20.134 0.167
5707.76219 19.907 0.097
5707.80259 20.392 0.166
5707.84201 19.872 0.107
5707.88177 19.742 0.141
5707.92872 19.384 0.128
5708.60774 20.154 0.160
5708.66375 19.979 0.117
5708.71415 20.320 0.188
5708.75227 19.872 0.131
5708.80310 19.826 0.143
5708.84675 19.704 0.166
5708.89773 19.658 0.207
5709.58293 19.734 0.135
5709.63589 20.283 0.194
5709.79148 19.964 0.117
5711.69433 20.030 0.133
5712.59558 20.189 0.228
5712.67030 19.719 0.091
5712.68291 20.036 0.126
5712.72204 19.814 0.089
5712.76370 19.796 0.082
5712.80459 19.749 0.089
5712.84401 19.780 0.104
5712.91972 19.139 0.099
5713.77267 20.264 0.128
5713.81935 19.565 0.086
5713.85994 21.393 0.526
5714.59972 19.623 0.146
5714.61415 20.144 0.180
5714.69041 21.025 0.331
5715.56849 20.094 0.152
5715.61986 20.131 0.128
5715.67189 20.191 0.127
5715.71371 20.347 0.151
5715.76330 20.263 0.142
5715.80490 19.838 0.098
5715.84708 20.013 0.127
5715.90333 19.787 0.144
5716.59011 19.701 0.152
5716.60278 20.027 0.155
5716.61749 20.171 0.167
5716.63012 19.965 0.132
5716.69053 19.836 0.125
5716.74396 20.055 0.111
5716.78764 19.895 0.112
5716.82674 20.102 0.161
5716.86750 19.727 0.123
5716.91458 19.818 0.171
5721.63287 19.818 0.113
5721.71115 19.857 0.116
5721.77948 19.743 0.100
5721.81865 19.612 0.096
5721.87072 19.808 0.128
5721.91186 19.978 0.245
5722.60419 19.840 0.131
5722.61779 20.118 0.141
5722.65860 19.900 0.107
5722.67219 20.499 0.180
5722.71336 20.469 0.182
5722.77840 19.889 0.106
5722.81794 19.837 0.124
5723.56043 19.143 0.076
5723.60845 19.390 0.071
5723.65587 19.733 0.103
5723.69651 19.365 0.075
5723.73755 19.521 0.077
5723.77598 19.299 0.074
5723.81497 19.532 0.072
5723.85464 19.501 0.100
5724.55529 18.950 0.109
5724.55801 19.121 0.116
5724.62411 19.015 0.082
5724.63661 18.888 0.079
5724.67469 19.190 0.075
5724.68875 19.241 0.074
5724.73769 19.053 0.055
5724.78625 19.349 0.093
5724.82695 19.158 0.075
5725.57789 18.976 0.047
5725.59134 18.880 0.039
5725.60480 19.062 0.048
5725.64540 19.035 0.054
5725.65968 18.945 0.045
5725.71214 19.020 0.040
5725.75180 18.991 0.049
5725.79156 19.039 0.055
5726.55577 18.989 0.078
5726.60062 19.053 0.075
5726.63848 19.025 0.059
5726.68598 19.212 0.062
5726.76633 18.891 0.089
5726.81124 18.882 0.067
5734.65990 20.347 0.324
5734.70281 19.423 0.145
5734.75098 20.161 0.253
5734.79412 19.882 0.151
5734.84283 19.491 0.131
5734.88749 19.735 0.184
5735.67794 19.859 0.167
5735.74273 20.254 0.173
5735.78952 20.260 0.172
5735.83593 20.336 0.223
5735.88057 19.529 0.141
5736.53867 19.797 0.119
5736.57665 19.713 0.108
5736.61881 19.997 0.088
5736.66244 19.922 0.084
5736.70412 19.803 0.075
5736.78418 20.103 0.111
5736.83121 19.973 0.111
5736.87935 19.887 0.138
5737.52189 19.870 0.140
5737.55998 19.899 0.110
5737.61327 20.279 0.128
5737.65583 19.911 0.095
5737.70995 20.093 0.106
5737.75077 19.819 0.084
5737.78991 19.949 0.109
5737.83704 19.997 0.119
5737.87789 19.730 0.108
5738.58937 19.977 0.108
5738.63018 19.970 0.094
5738.69745 20.048 0.102
5738.73697 19.554 0.070
5739.50291 19.792 0.157
5739.52815 19.885 0.130
5739.56641 20.523 0.237
5739.60700 20.168 0.137
5739.65571 19.843 0.088
5739.71364 19.977 0.126
5739.75201 20.010 0.114
5739.79077 20.324 0.177
5739.84561 20.386 0.207
5740.49851 19.997 0.211
5740.54605 20.359 0.261
5740.58714 20.117 0.202
5740.64695 20.679 0.233
5740.71061 20.235 0.149
5740.75014 20.078 0.129
5740.79500 20.384 0.189
5740.83405 19.811 0.145
5740.88146 20.031 0.217
5741.52090 20.122 0.161
5741.56014 19.890 0.121
5741.60432 19.901 0.104
5741.64217 20.061 0.123
5741.70324 20.046 0.136
5741.74230 20.111 0.135
5741.78325 20.041 0.124
5741.82151 19.987 0.125
5741.85949 20.051 0.126
5742.49241 19.430 0.122
5742.53507 19.904 0.128
5742.57743 20.383 0.190
5742.61541 20.300 0.133
5742.67719 19.938 0.090
5742.71602 20.200 0.126
5742.75457 20.049 0.099
5742.79283 20.262 0.141
5742.83084 19.879 0.097
5742.87111 19.874 0.125
5743.62700 20.630 0.278
5743.66677 20.485 0.207
5743.72777 19.751 0.115
5743.76595 20.370 0.204
5743.80401 20.132 0.178
5743.84162 20.590 0.343
5743.87955 20.303 0.313
5744.52366 19.967 0.194
5744.56204 20.427 0.258
5744.60021 19.795 0.133
5744.64869 19.884 0.107
5744.72702 20.308 0.173
5744.77703 20.425 0.173
5744.81875 20.012 0.143
5744.86393 20.013 0.204
5745.51240 20.138 0.179
5745.55858 20.022 0.143
5745.59933 19.899 0.168
5745.63848 19.694 0.106
5745.69903 20.134 0.120
5745.73706 19.802 0.107
5745.77524 20.221 0.187
5745.81315 20.417 0.242
5745.86620 20.074 0.218
5746.56985 20.069 0.189
5746.60960 20.334 0.189
5746.65031 20.109 0.151
5746.71630 20.188 0.172
5746.75409 19.932 0.143
5746.79646 19.610 0.132
5746.84220 19.902 0.180
5747.61270 20.157 0.250
5747.65754 20.136 0.177
5747.70282 19.704 0.144
5747.74655 20.080 0.203
5747.81288 20.604 0.396
5748.63036 19.960 0.114
5748.68773 20.565 0.283
5749.52556 20.043 0.234
5749.56352 19.811 0.121
5749.60289 20.196 0.163
5749.65221 20.056 0.160
5749.69186 20.028 0.184
5749.73014 20.010 0.164
5749.76853 19.903 0.151
5749.80781 19.598 0.135
5752.56993 20.152 0.274
5753.49917 20.076 0.484
5753.55316 19.389 0.277
5753.60372 20.051 0.231
5753.76804 20.396 0.402
5759.83091 20.099 0.244
5760.49079 20.074 0.260
5760.53242 19.764 0.145
5760.58501 20.064 0.157
5760.64122 20.091 0.174
5760.68460 20.202 0.183
5760.73586 20.131 0.168
5760.77413 20.491 0.231
5760.81180 19.697 0.129
5761.50523 20.224 0.131
5761.54847 19.988 0.084
5762.51181 20.370 0.203
5762.55010 20.369 0.196
5762.59176 19.973 0.114
5762.66987 20.572 0.251
5762.70609 19.923 0.155
5762.74796 20.793 0.446
5762.76747 20.862 0.506
5763.50213 19.899 0.123
5763.54613 19.970 0.097
5763.58777 20.306 0.125
5763.64468 20.438 0.185
5763.68653 20.716 0.298
5763.73411 20.391 0.233
5763.77207 20.092 0.207
5763.81093 20.140 0.224
5764.50997 20.038 0.120
5764.54980 20.009 0.107
5764.59039 20.075 0.117
5764.63860 21.072 0.368
5764.68762 20.282 0.155
5764.73324 20.122 0.129
5765.46895 19.886 0.134
5765.50896 20.098 0.138
5765.55186 20.050 0.114
5765.61589 19.893 0.093
5765.66089 19.803 0.100
5765.70511 19.764 0.105
5765.75102 19.675 0.121
5766.48134 19.791 0.120
5766.52026 20.230 0.151
5766.58469 20.267 0.144
5766.62454 20.128 0.115
5766.66525 20.130 0.122
5766.70645 19.811 0.110
5766.75013 19.901 0.142
5767.49850 20.541 0.255
5767.54409 20.153 0.163
5767.58743 20.215 0.148
5767.65534 20.008 0.138
5767.71128 20.220 0.165
5767.75202 20.234 0.230
5767.79360 20.281 0.261
5768.48818 20.223 0.153
5768.52804 20.077 0.127
5768.58856 20.017 0.106
5768.63540 19.886 0.095
5768.68002 19.852 0.098
5768.72693 19.886 0.104
5768.76770 19.817 0.121
5769.47238 20.067 0.167
5769.51182 20.218 0.145
5769.56577 20.034 0.111
5769.62357 19.964 0.121
5769.67672 20.393 0.165
5769.72564 19.880 0.127
5769.76784 20.018 0.165
5770.66880 19.852 0.145
5770.75276 19.846 0.140
5775.59508 20.838 0.356
5775.63783 20.577 0.293
5776.53895 20.248 0.284
5776.60617 20.379 0.263
5776.64721 19.835 0.137
5776.72187 19.680 0.169
5777.47873 20.231 0.156
5777.52324 20.241 0.131
5777.57529 20.169 0.123
5777.65570 20.036 0.120
5777.70580 20.202 0.131
5777.77061 19.866 0.127
5778.55991 20.089 0.171
5778.60823 20.748 0.368
5779.59828 20.080 0.140
5779.64221 19.966 0.111
5779.69674 19.856 0.125
5779.74132 19.816 0.114
5784.51576 19.555 0.135
5784.60166 20.067 0.172
5784.71899 20.027 0.236
5785.51857 20.103 0.210
5785.57893 20.221 0.237
5785.62547 20.396 0.297
5785.66781 21.013 0.469
5785.70968 20.960 0.521
5786.49204 20.400 0.351
5786.56907 20.155 0.226
5786.61350 19.856 0.176
5786.65613 20.090 0.201
5786.71147 19.641 0.139
5787.47664 20.105 0.180
5787.54777 20.117 0.143
5787.58987 19.875 0.117
5787.63530 19.809 0.103
5787.67424 19.824 0.138
5787.71993 20.132 0.208
5788.49178 20.723 0.309
5788.55544 20.224 0.212
5788.59501 20.015 0.149
5788.63580 19.707 0.129
5788.67656 19.853 0.170
5788.72032 20.215 0.281
5790.47339 19.864 0.166
5790.52083 19.591 0.109
5790.57293 20.770 0.339
5790.61463 20.558 0.279
5790.65532 20.237 0.179
5790.69550 20.446 0.216
5790.73371 20.360 0.231
5791.51159 20.029 0.172
5791.61361 20.105 0.153
5793.51488 20.153 0.145
5793.56800 20.273 0.183
5793.61028 20.018 0.136
5793.64884 20.452 0.233
5793.68782 19.809 0.124
5793.73204 20.293 0.267
5794.50655 20.019 0.165
5794.57380 20.028 0.152
5794.61493 20.048 0.183
5794.65684 20.562 0.266
5794.70368 19.962 0.130
5795.56710 20.498 0.312
5795.62848 20.087 0.186
5795.71021 20.313 0.218
5796.47671 20.382 0.208
5796.52798 20.747 0.252
5796.59666 20.721 0.276
5796.63561 20.738 0.248
5796.67693 19.593 0.119
5796.71892 19.833 0.214
5799.49139 20.349 0.227
5801.53186 20.036 0.170
5801.57112 20.050 0.153
5801.60924 20.761 0.344
5801.65050 20.173 0.170
5801.69056 20.832 0.378
5802.56221 20.222 0.203
5802.64196 20.453 0.267
5803.53585 20.252 0.199
5804.47911 20.272 0.158
5804.54326 20.116 0.158
5804.58374 20.413 0.195
5804.62153 19.979 0.123
5804.66078 19.801 0.158
5805.49072 19.819 0.079
5805.54398 19.803 0.097
5805.58197 19.995 0.122
5805.62533 20.058 0.155
5805.68106 20.028 0.201
5806.53929 20.720 0.339
5806.62422 19.985 0.158
5807.57912 20.318 0.260
5807.62172 20.401 0.213
5807.65949 19.971 0.213
5812.56324 20.108 0.254
5812.60391 20.467 0.308
5812.64504 20.011 0.191
5813.47445 20.095 0.228
5813.53634 19.708 0.115
5813.57655 20.119 0.137
5813.61442 20.366 0.179
5813.65226 20.268 0.199
5815.51759 20.615 0.229
5815.55600 20.504 0.198
5815.60325 20.259 0.169
5815.64101 19.686 0.099
5816.47785 20.221 0.189
5816.53619 20.679 0.292
5816.57436 20.085 0.174
5816.61271 19.889 0.154
5817.48059 20.301 0.164
5817.53743 19.899 0.125
5817.57537 20.841 0.387
5817.61444 20.328 0.250
5817.65518 20.135 0.248
5818.51889 20.994 0.403
5818.55697 20.364 0.236
5818.59533 20.064 0.194
5818.63702 20.608 0.397
5819.51848 19.957 0.122
5819.56532 20.787 0.333
5819.60302 20.329 0.217
5819.64289 20.096 0.172
5820.49619 20.458 0.401
5820.54329 19.994 0.151
5820.58098 19.754 0.122
5820.61886 19.697 0.134
5822.53829 20.791 0.373
5822.58327 20.602 0.267
5822.62693 20.747 0.333
5823.55834 20.898 0.477
5823.60195 20.128 0.192
5824.48243 20.423 0.329
5824.53891 19.951 0.135
5824.57947 20.109 0.153
5824.61942 20.116 0.187
5825.49896 20.415 0.283
5825.55693 21.218 0.493
5825.59542 20.431 0.221
5826.47982 19.958 0.213
5826.51969 21.212 0.562
5826.56719 20.468 0.242
5827.58662 20.151 0.226
5828.51939 20.054 0.140
5828.55737 20.116 0.152
5828.59493 19.574 0.109
5829.48130 20.343 0.311
5829.53033 19.608 0.095
5829.56802 19.872 0.111
5829.60629 19.699 0.105
5830.50525 19.811 0.102
5830.54340 19.625 0.089
5830.58109 19.806 0.139
5831.48356 20.054 0.156
5831.54210 20.116 0.163
5831.57954 19.930 0.131
5831.61523 19.833 0.165
5832.52553 20.241 0.151
5832.56513 20.254 0.190
5832.60339 20.016 0.192
5833.52341 20.360 0.173
5833.56297 19.894 0.118
5833.60090 20.256 0.216
5834.52262 19.916 0.111
5834.56036 19.647 0.100
5834.59652 19.962 0.142
5835.54378 20.871 0.461
5836.50619 21.139 0.623
5836.53940 20.522 0.341
5836.57125 19.961 0.229
5839.49969 19.870 0.185
5839.53815 19.809 0.188
5839.57593 19.575 0.167
5840.52995 20.072 0.186
5840.58240 20.188 0.197
5841.56745 20.843 0.421
5841.60347 20.287 0.268
5842.52542 20.995 0.617
5842.57415 20.642 0.402
5843.48343 21.389 0.949
5843.52715 19.976 0.165
5843.56764 21.299 0.659
5844.51206 21.116 0.457
5844.55099 20.420 0.275
5845.51150 19.937 0.182
5845.55196 20.042 0.206
5845.59220 19.736 0.202
5846.51515 20.778 0.502
5846.55392 20.016 0.237
5850.52619 20.468 0.219
5850.56463 20.148 0.165
5851.51518 20.020 0.165
5851.55294 20.017 0.171
5854.54864 20.633 0.384
5855.49024 19.686 0.280
5855.53542 20.338 0.254
5856.49170 20.569 0.461
5857.50897 20.237 0.288
5858.50990 19.914 0.269
5859.50639 20.703 0.413
5859.54236 20.221 0.242
5860.52187 20.077 0.198
5862.52305 20.346 0.249
5866.50624 20.535 0.518
5866.53156 20.283 0.473
5867.50941 20.055 0.181
5868.50891 19.974 0.231
5868.51075 20.003 0.235
5870.50631 19.851 0.146
5872.50546 20.227 0.274
5875.50149 19.615 0.272
5970.87416 18.531 0.044
5971.87552 18.811 0.046
5972.89038 18.815 0.057
5976.87959 18.900 0.047
5977.84068 19.173 0.078
5977.87709 19.025 0.060
5978.84281 18.807 0.056
5978.88738 19.034 0.058
5979.84083 19.602 0.129
5979.87930 19.501 0.128
5980.86069 19.088 0.080
5982.82192 19.156 0.086
5982.86526 19.294 0.094
5983.82663 19.465 0.109
5983.85698 19.636 0.080
5983.90464 19.957 0.160
5984.83918 20.011 0.131
5984.88649 19.865 0.098
5985.82480 19.442 0.112
5985.86141 19.650 0.099
5986.83946 19.633 0.105
5986.88739 19.725 0.089
5987.81768 20.000 0.190
5987.85423 19.946 0.123
5987.90420 20.064 0.183
5988.88059 19.933 0.103
5989.81080 19.978 0.154
5989.84089 20.186 0.187
5989.88271 19.929 0.147
5990.80914 19.410 0.120
5990.84689 19.671 0.098
5990.88832 19.888 0.105
5991.82197 19.625 0.101
5991.86235 19.898 0.110
5992.81626 19.565 0.103
5992.83896 19.652 0.091
5992.88102 19.796 0.092
5993.80682 19.819 0.167
5993.84601 20.309 0.213
5993.88913 19.759 0.107
5994.80833 19.538 0.114
5994.84009 19.998 0.129
5994.89100 20.461 0.192
5995.80026 19.722 0.106
5995.81978 19.852 0.114
5995.86538 20.042 0.122
5995.90355 20.145 0.153
5996.80799 20.172 0.159
5996.84557 19.866 0.103
5996.89231 19.957 0.094
5997.80140 19.852 0.133
5997.84010 20.386 0.190
5997.88773 19.793 0.098
5998.78829 20.340 0.212
5998.81628 19.768 0.100
5998.86786 19.889 0.103
5998.90558 19.681 0.082
5999.80014 19.720 0.121
5999.84871 19.935 0.121
5999.88691 19.921 0.111
6003.86512 19.711 0.118
6004.76562 19.585 0.123
6004.79780 19.650 0.103
6004.85567 19.978 0.126
6004.89329 19.978 0.104
6005.76106 19.454 0.088
6005.80211 19.866 0.114
6005.85067 20.141 0.137
6005.90745 20.193 0.097
6006.77282 19.784 0.108
6006.82567 19.829 0.088
6006.87661 20.742 0.227
6006.91430 20.032 0.116
6007.77865 19.660 0.086
6007.82556 20.272 0.140
6007.87380 19.839 0.084
6007.91142 20.060 0.099
6008.77040 20.415 0.211
6008.81776 20.518 0.211
6008.86704 20.142 0.141
6008.90452 20.007 0.138
6009.76404 19.907 0.125
6009.80647 20.334 0.148
6009.85489 20.228 0.129
6009.89228 19.925 0.095
6010.74766 19.974 0.146
6010.77623 19.751 0.096
6010.82519 20.373 0.162
6010.87442 20.018 0.091
6010.91268 20.293 0.130
6011.76232 19.533 0.102
6011.82280 20.166 0.198
6011.88025 20.384 0.219
6011.91842 19.981 0.180
6012.76641 19.878 0.126
6012.80709 20.091 0.123
6012.86542 20.191 0.108
6012.90328 19.890 0.071
6013.76222 19.712 0.099
6013.80100 19.755 0.085
6013.86247 20.481 0.172
6013.90372 19.793 0.082
6014.73844 20.480 0.207
6014.77731 19.913 0.103
6014.83668 19.947 0.114
6014.87611 20.196 0.155
6014.91577 19.557 0.103
6015.75527 19.847 0.098
6015.79413 20.017 0.093
6015.83258 19.969 0.082
6015.88279 20.228 0.113
6015.92417 19.828 0.182
6016.73174 19.925 0.115
6016.74823 20.011 0.104
6016.76556 20.358 0.142
6016.78801 19.956 0.108
6016.80590 20.473 0.160
6016.82810 20.324 0.129
6016.86864 19.997 0.089
6016.89144 20.111 0.097
6016.90904 20.037 0.088
6017.74087 20.066 0.118
6017.77901 19.834 0.077
6017.81729 20.112 0.089
6017.87575 19.962 0.078
6017.91628 19.920 0.082
6018.76737 19.951 0.144
6018.80623 20.369 0.238
6018.84614 19.963 0.083
6018.91145 20.199 0.091
6019.74293 19.891 0.149
6019.78233 19.972 0.118
6019.83957 19.926 0.092
6019.87738 19.772 0.064
6019.91731 20.588 0.166
6020.72641 20.081 0.147
6020.76493 19.934 0.109
6020.82107 20.008 0.090
6020.85989 19.951 0.079
6020.89950 20.730 0.265
6021.71580 19.591 0.164
6021.74769 20.025 0.143
6021.78668 19.883 0.115
6021.82534 20.155 0.107
6021.88371 19.932 0.096
6021.92413 19.870 0.129
6022.73524 19.957 0.133
6022.77350 19.988 0.111
6022.81176 19.805 0.087
6022.86925 20.135 0.122
6022.91150 19.916 0.111
6023.72925 19.993 0.175
6023.76915 20.108 0.134
6023.80975 20.080 0.132
6023.84988 20.060 0.121
6023.91438 20.644 0.217
6024.72276 19.703 0.134
6024.76373 19.955 0.156
6024.82430 20.010 0.117
6024.86486 19.848 0.099
6024.91513 20.811 0.296
6025.71246 19.973 0.197
6025.75294 20.276 0.222
6025.79276 20.367 0.242
6025.84599 20.239 0.207
6025.89826 20.588 0.239
6026.72649 20.981 0.796
6029.84336 19.596 0.098
6031.76593 19.958 0.142
6031.80537 20.014 0.119
6031.84633 19.863 0.104
6031.88712 20.075 0.188
6032.68226 19.750 0.144
6032.72227 19.979 0.117
6032.77012 19.864 0.093
6032.81855 19.738 0.085
6032.85888 20.481 0.175
6032.90264 19.960 0.094
6033.69432 19.736 0.137
6033.74105 19.683 0.110
6033.78266 20.109 0.154
6033.85370 20.023 0.106
6033.89528 20.041 0.126
6034.69016 19.769 0.106
6034.73683 19.811 0.096
6034.78258 20.024 0.097
6034.83670 20.106 0.128
6034.92494 21.351 0.480
6035.86873 21.484 0.450
6035.93324 19.366 0.142
6036.72726 20.185 0.123
6036.77127 20.342 0.128
6036.84763 19.945 0.078
6036.90208 20.242 0.128
6037.71314 19.630 0.119
6037.75375 20.233 0.198
6037.79745 19.650 0.093
6037.86857 20.062 0.102
6037.90907 20.048 0.146
6038.72205 19.901 0.144
6038.76365 19.608 0.097
6038.82889 20.314 0.139
6038.87399 19.933 0.097
6038.92461 20.259 0.158
6039.74515 19.288 0.103
6039.79139 19.916 0.146
6039.85155 20.153 0.147
6039.89597 19.768 0.099
6039.93423 20.409 0.347
6040.76246 19.729 0.128
6040.80438 19.596 0.088
6040.86744 20.163 0.150
6040.90860 20.275 0.145
6041.71043 19.396 0.096
6041.75518 19.906 0.160
6041.79937 19.731 0.092
6041.86114 20.275 0.136
6041.90146 19.855 0.094
6045.89599 20.227 0.128
6045.93363 20.091 0.178
6046.90722 20.299 0.149
6047.68024 20.029 0.168
6047.71939 19.735 0.110
6047.75889 19.946 0.102
6047.79846 19.782 0.088
6047.87159 20.124 0.146
6047.91292 20.370 0.174
6048.69668 20.322 0.180
6048.73697 19.739 0.090
6048.79804 19.857 0.097
6048.84251 20.352 0.137
6048.88578 20.173 0.123
6048.92687 20.696 0.213
6049.70535 19.789 0.100
6049.75900 20.181 0.111
6049.81760 20.167 0.112
6049.85826 20.391 0.168
6049.89941 20.240 0.136
6050.65752 19.910 0.179
6050.69470 20.257 0.199
6050.73381 19.787 0.116
6050.80417 19.973 0.122
6050.84407 20.872 0.290
6050.88294 20.247 0.160
6050.92167 20.281 0.179
6051.66384 19.915 0.152
6051.75317 19.973 0.109
6052.67908 20.072 0.193
6052.72702 19.836 0.130
6052.77522 19.765 0.109
6052.81431 20.161 0.164
6052.85526 19.944 0.119
6052.89405 20.346 0.164
6052.93259 20.214 0.165
6053.67070 19.671 0.135
6053.71074 20.034 0.164
6053.75822 19.849 0.114
6053.80613 20.859 0.263
6053.86151 19.729 0.099
6053.90247 20.214 0.177
6054.86568 20.045 0.138
6054.89883 20.277 0.189
6057.87757 20.654 0.244
6057.92556 20.061 0.144
6058.67735 20.092 0.236
6058.71736 19.851 0.136
6058.75670 19.998 0.115
6058.80075 19.675 0.090
6058.84740 19.944 0.130
6058.88903 20.050 0.127
6058.92752 19.818 0.130
6059.69487 19.920 0.145
6059.73350 19.879 0.129
6059.77195 20.578 0.209
6059.83210 20.159 0.128
6059.87092 20.163 0.122
6059.90980 19.996 0.113
6060.77757 20.097 0.132
6061.67136 20.278 0.206
6061.71025 19.795 0.130
6061.76032 20.036 0.111
6061.81087 19.924 0.121
6061.84978 20.241 0.141
6061.88803 20.257 0.191
6061.92659 19.929 0.139
6062.66592 19.855 0.140
6062.70876 20.387 0.229
6062.74778 19.783 0.126
6062.79739 20.083 0.152
6062.84857 19.910 0.114
6062.88687 20.272 0.158
6062.92486 20.047 0.155
6063.77661 19.842 0.157
6063.81772 20.216 0.181
6063.86631 20.285 0.215
6063.91355 20.048 0.143
6064.66419 20.017 0.134
6064.74033 20.113 0.101
6064.80205 20.027 0.098
6064.84378 19.985 0.104
6064.88627 20.090 0.124
6064.92472 20.508 0.192
6065.63522 20.670 0.239
6065.67336 19.996 0.113
6065.71186 20.089 0.108
6065.77260 20.093 0.100
6065.81399 20.700 0.233
6065.86111 20.380 0.168
6066.63767 20.120 0.149
6066.67561 20.187 0.134
6066.71363 20.187 0.125
6066.76403 20.016 0.088
6066.81805 20.419 0.157
6066.85866 20.282 0.146
6066.89888 19.913 0.101
6066.93706 19.976 0.110
6067.62193 20.111 0.133
6067.66257 19.583 0.084
6067.70065 20.176 0.118
6067.74958 19.989 0.085
6067.80084 20.135 0.124
6067.83976 20.154 0.116
6067.87863 20.150 0.135
6067.91644 20.017 0.112
6068.61679 20.314 0.183
6068.66578 19.882 0.099
6068.71252 19.940 0.094
6068.76468 20.539 0.160
6068.84041 19.934 0.088
6068.88516 19.945 0.093
6068.93185 20.399 0.174
6069.60450 19.890 0.117
6069.66499 20.096 0.133
6069.70489 20.523 0.163
6069.74437 19.809 0.086
6069.81155 20.054 0.116
6069.85323 19.749 0.076
6069.89378 20.066 0.099
6069.93190 19.517 0.073
6070.61413 20.289 0.251
6070.65228 20.521 0.272
6070.69204 19.713 0.083
6070.73029 20.204 0.127
6070.77909 20.449 0.166
6070.82911 20.286 0.142
6070.86901 19.740 0.097
6070.90750 19.951 0.131
6070.94666 19.788 0.219
6071.61412 19.836 0.109
6071.65333 19.833 0.107
6071.69296 19.927 0.108
6071.73170 19.955 0.095
6071.79508 19.769 0.115
6071.83492 20.329 0.152
6071.87300 20.101 0.126
6071.91097 19.998 0.207
6075.60812 19.648 0.076
6075.64625 19.875 0.091
6075.68452 20.211 0.095
6075.73533 20.136 0.119
6075.79012 20.239 0.109
6075.82964 19.737 0.077
6075.87408 20.343 0.150
6076.59924 20.077 0.151
6076.64087 20.463 0.205
6076.68764 20.170 0.162
6076.73487 20.083 0.108
6076.78389 20.155 0.130
6076.82261 20.188 0.150
6076.87193 19.541 0.097
6076.91763 20.206 0.201
6077.69976 20.019 0.125
6077.75887 20.677 0.242
6077.81785 20.013 0.118
6077.85887 20.022 0.109
6077.90025 19.877 0.114
6077.93889 20.217 0.189
6078.62078 20.614 0.204
6078.65888 20.104 0.150
6078.69735 20.074 0.119
6078.76016 20.265 0.144
6078.80130 20.230 0.118
6078.83950 20.132 0.120
6078.88366 20.112 0.131
6078.92316 21.004 0.315
6079.58600 20.257 0.152
6079.62525 20.348 0.151
6079.66321 20.308 0.134
6079.71658 19.991 0.099
6079.77685 20.005 0.128
6079.81601 19.647 0.093
6079.86665 20.025 0.090
6079.90653 20.195 0.147
6079.94529 19.792 0.156
6080.59570 20.414 0.267
6080.63382 19.610 0.100
6080.67683 20.490 0.168
6080.72215 20.379 0.159
6080.76224 20.064 0.151
6080.80155 20.009 0.119
6080.85886 19.951 0.127
6080.89979 20.004 0.130
6080.94159 20.007 0.148
6081.59143 19.626 0.115
6081.62922 20.029 0.142
6081.67027 20.230 0.164
6081.71565 19.928 0.112
6081.75495 19.792 0.132
6081.80967 19.896 0.104
6081.85291 19.861 0.126
6081.89155 19.586 0.119
6081.93955 19.300 0.114
6082.62322 19.837 0.204
6082.71309 19.728 0.167
6082.78439 19.677 0.159
6082.82876 20.181 0.260
6082.86577 19.666 0.165
6082.91045 19.307 0.143
6085.58653 20.797 0.383
6085.63643 20.494 0.230
6085.67270 20.030 0.145
6085.71662 19.700 0.117
6085.75953 19.935 0.130
6085.79833 20.068 0.148
6085.83717 19.861 0.138
6085.87700 19.861 0.184
6085.91735 19.867 0.177
6086.56991 19.471 0.095
6086.61032 20.099 0.167
6086.65345 20.363 0.171
6086.69243 20.018 0.109
6086.75554 19.941 0.103
6086.79383 20.900 0.325
6086.83923 20.206 0.142
6086.88572 19.859 0.140
6086.92710 20.047 0.226
6087.58939 20.072 0.136
6087.72639 20.006 0.160
6087.78275 20.068 0.122
6087.83377 20.203 0.181
6088.56163 19.889 0.143
6088.59946 20.488 0.189
6088.63785 20.198 0.131
6088.67565 20.157 0.099
6089.64169 20.747 0.218
6089.68048 19.632 0.075
6089.74162 20.111 0.132
6089.79200 20.594 0.221
6089.85314 20.717 0.261
6089.92818 20.060 0.199
6092.59782 19.914 0.117
6092.63590 19.882 0.187
6092.67625 20.196 0.168
6092.80568 20.149 0.139
6092.87525 20.230 0.193
6093.55061 20.851 0.333
6093.59217 19.890 0.119
6093.63023 20.017 0.111
6093.66823 20.393 0.188
6093.72870 19.945 0.094
6093.79067 20.306 0.199
6093.83066 20.240 0.189
6093.87116 20.156 0.218
6094.60416 19.706 0.139
6094.64165 19.648 0.106
6094.67915 19.855 0.120
6094.72897 20.377 0.184
6094.77616 20.018 0.143
6094.81518 20.023 0.138
6094.85444 19.630 0.113
6094.90441 19.478 0.129
6096.60290 20.379 0.208
6096.64848 20.230 0.148
6096.68780 20.584 0.239
6096.76243 20.072 0.149
6096.80176 20.643 0.278
6096.84265 21.542 0.590
6096.88475 20.051 0.212
6097.67659 20.510 0.225
6097.78798 20.814 0.308
6097.82562 21.373 0.514
6097.86528 20.231 0.186
6097.90396 19.659 0.137
6098.58302 20.682 0.325
6098.62270 19.748 0.114
6098.66030 19.981 0.146
6098.71191 19.763 0.119
6098.76196 20.079 0.116
6098.80246 19.923 0.122
6098.84120 19.986 0.144
6098.87914 19.884 0.140
6099.63924 20.071 0.230
6100.51400 19.409 0.111
6100.56995 20.946 0.420
6100.60988 20.297 0.170
6100.64753 20.057 0.129
6100.70750 20.010 0.105
6100.74675 19.774 0.095
6100.78453 20.071 0.201
6100.83495 20.620 0.253
6100.87266 20.503 0.291
6101.51096 19.813 0.137
6101.54900 20.410 0.201
6101.58656 20.356 0.178
6101.62470 19.790 0.089
6101.66433 20.080 0.097
6101.72609 20.158 0.126
6101.76504 20.102 0.132
6101.80402 20.038 0.137
6101.85156 20.140 0.220
6102.59929 20.341 0.190
6102.64651 20.943 0.287
6102.68607 20.075 0.137
6102.72615 20.042 0.108
6102.76508 20.216 0.127
6102.80488 19.842 0.112
6102.84482 19.650 0.103
6102.88409 19.622 0.132
6103.51697 19.562 0.100
6103.55631 20.364 0.178
6103.59746 20.346 0.138
6103.64685 19.617 0.064
6103.69586 20.020 0.121
6103.73670 20.023 0.128
6103.80218 20.378 0.181
6103.85038 19.606 0.110
6104.51834 20.016 0.139
6104.55625 20.455 0.152
6104.59384 19.913 0.092
6104.62987 20.082 0.103
6104.67935 19.862 0.072
6104.72140 19.701 0.073
6104.76017 20.108 0.116
6104.79981 19.965 0.112
6104.84583 20.210 0.153
6105.50069 19.704 0.128
6105.52869 20.194 0.173
6105.56633 20.139 0.146
6105.62444 19.993 0.108
6105.67944 20.112 0.112
6105.71847 20.033 0.109
6105.75831 20.178 0.180
6106.62427 20.490 0.241
6106.69266 20.408 0.286
6108.52845 20.320 0.213
6108.56733 20.457 0.193
6108.61994 19.969 0.139
6108.67096 20.014 0.108
6108.71358 20.099 0.114
6108.75315 20.066 0.117
6108.79201 19.719 0.106
6108.83395 20.512 0.189
6108.87058 19.590 0.098
6109.68201 20.200 0.193
6109.71840 20.342 0.210
6109.75628 20.178 0.209
6109.79913 19.833 0.157
6109.83929 20.080 0.206
6113.53552 19.659 0.143
6113.57778 20.129 0.181
6113.61542 19.914 0.131
6113.65657 20.777 0.328
6113.69733 19.977 0.149
6113.73627 20.135 0.201
6113.77402 19.804 0.117
6113.81188 20.202 0.197
6113.85050 19.975 0.194
6113.86145 20.551 0.486
6114.58608 20.111 0.218
6114.62209 20.134 0.180
6114.67149 20.322 0.236
6114.71989 20.239 0.158
6114.75750 20.859 0.352
6114.79654 20.314 0.197
6114.83805 20.006 0.195
6115.48331 20.899 0.384
6115.52253 19.788 0.113
6115.55983 20.231 0.156
6115.61002 20.355 0.152
6115.66658 20.577 0.246
6115.71047 19.947 0.178
6115.77564 21.274 0.585
6116.48141 20.389 0.195
6116.52300 20.240 0.123
6116.56308 20.414 0.144
6116.61122 19.969 0.089
6116.65983 20.395 0.143
6116.69784 20.196 0.139
6116.74510 20.226 0.142
6116.78385 20.543 0.216
6116.82584 19.963 0.129
6117.50334 20.222 0.172
6117.54079 20.785 0.237
6117.57813 20.122 0.123
6117.63006 20.076 0.106
6117.68082 20.231 0.128
6117.71966 19.875 0.100
6117.75883 20.006 0.124
6117.79633 20.895 0.305
6117.83433 20.240 0.200
6118.49337 20.456 0.210
6118.53162 19.888 0.097
6118.57192 20.034 0.100
6118.62224 20.212 0.107
6118.67785 20.396 0.158
6118.71983 20.172 0.107
6118.75861 20.182 0.129
6118.79583 20.369 0.177
6118.83349 20.499 0.222
6119.48165 20.043 0.172
6119.52083 21.610 0.621
6119.56103 19.964 0.130
6119.60836 20.133 0.157
6119.66038 19.997 0.114
6119.69914 20.235 0.127
6119.72650 20.721 0.218
6119.76605 20.274 0.181
6119.80433 20.418 0.243
6120.50974 19.502 0.109
6120.54925 20.015 0.157
6120.60424 19.824 0.095
6120.66531 19.913 0.106
6120.70451 20.531 0.231
6120.74593 20.030 0.117
6120.79165 19.969 0.139
6120.83139 20.128 0.218
6121.50157 20.013 0.102
6121.53931 19.818 0.092
6121.57688 20.127 0.088
6121.64419 20.434 0.134
6121.68224 20.274 0.109
6121.70841 20.061 0.104
6121.74648 20.318 0.122
6121.78600 19.726 0.077
6123.51425 20.297 0.209
6123.55266 20.158 0.146
6123.59977 20.021 0.125
6123.65068 20.122 0.131
6123.69023 20.255 0.136
6123.72797 20.290 0.161
6123.76921 20.358 0.216
6123.80820 20.801 0.318
6124.49816 20.100 0.191
6124.53786 20.353 0.167
6124.59886 20.058 0.117
6124.66884 20.521 0.186
6124.70857 19.945 0.110
6124.74918 19.893 0.114
6124.78947 20.503 0.265
6124.82933 20.453 0.225
6125.55334 19.913 0.112
6125.61512 19.975 0.121
6125.67016 20.039 0.147
6125.71271 20.093 0.141
6125.75799 19.962 0.110
6125.79864 20.173 0.151
6126.49092 20.004 0.145
6126.54229 20.094 0.135
6126.58766 20.305 0.195
6126.64678 20.217 0.143
6126.70548 19.639 0.089
6126.74982 19.891 0.107
6127.49123 19.652 0.110
6127.53316 20.308 0.193
6127.61774 20.136 0.177
6127.72000 19.951 0.129
6127.78819 19.843 0.103
6128.54232 20.032 0.099
6128.58174 19.888 0.097
6128.63066 20.068 0.106
6128.68117 20.203 0.149
6129.66050 19.753 0.079
6130.71633 20.215 0.170
6131.51731 20.468 0.223
6131.56503 19.750 0.093
6131.63117 19.898 0.100
6131.67643 19.846 0.094
6131.74593 19.977 0.140
6132.49787 19.980 0.157
6132.56758 20.098 0.235
6132.65419 19.986 0.164
6132.74059 20.013 0.132
6132.77712 19.758 0.121
6133.55127 19.547 0.094
6133.59972 20.082 0.139
6133.66179 20.295 0.165
6133.70493 20.270 0.181
6133.75358 19.713 0.112
6134.51983 19.956 0.171
6134.56294 21.670 1.006
6134.60641 20.250 0.232
6135.50371 19.944 0.151
6135.54542 20.421 0.256
6135.60574 20.340 0.194
6135.67267 19.814 0.140
6135.72523 20.067 0.139
6135.76718 19.763 0.111
6135.80867 20.172 0.207
6136.59524 19.727 0.158
6136.62140 21.222 0.594
6136.73010 20.056 0.257
6140.50600 20.029 0.207
6140.55434 20.129 0.216
6140.60735 20.005 0.200
6140.64521 19.671 0.151
6140.68436 19.963 0.192
6140.72752 19.745 0.203
6140.76729 20.418 0.487
6141.49363 19.869 0.144
6141.53130 20.179 0.188
6141.62913 20.333 0.217
6141.66679 20.000 0.153
6141.70771 20.018 0.166
6141.74625 20.310 0.212
6141.78272 20.259 0.247
6142.53487 19.812 0.174
6142.57738 20.498 0.380
6142.68403 20.054 0.256
6143.71781 20.973 0.511
6147.50472 19.689 0.130
6147.56518 19.868 0.130
6147.60739 20.564 0.309
6147.64868 19.506 0.113
6147.70253 20.012 0.196
6148.49671 20.933 0.232
6148.53490 19.804 0.079
6148.59490 20.284 0.146
6148.63871 20.232 0.114
6148.68062 19.887 0.097
6149.55993 20.280 0.171
6149.60523 19.802 0.120
6150.48298 20.054 0.210
6150.53595 20.111 0.168
6150.58830 19.991 0.164
6150.63848 20.095 0.144
6150.67839 19.836 0.121
6151.53980 20.471 0.315
6151.58090 20.053 0.159
6151.62131 19.873 0.133
6151.66081 20.032 0.147
6151.70221 19.650 0.129
6151.74030 20.722 0.275
6152.51151 19.905 0.124
6152.54985 20.394 0.185
6152.60450 20.513 0.193
6152.65448 20.270 0.145
6153.69330 20.963 0.397
6154.50008 20.049 0.131
6154.54008 20.207 0.151
6154.60938 20.093 0.160
6154.69280 20.110 0.166
6157.64766 20.777 0.361
6157.69099 20.944 0.419
6158.48786 20.245 0.137
6158.53829 19.923 0.096
6158.58877 21.167 0.366
6158.63061 20.166 0.143
6158.67004 20.210 0.170
6158.70949 20.035 0.128
6159.49534 20.504 0.272
6159.55035 19.888 0.137
6159.59126 20.079 0.160
6159.66231 20.460 0.244
6159.71853 21.505 0.696
6160.51911 19.762 0.084
6160.59091 20.381 0.161
6160.63246 20.439 0.181
6160.67257 19.842 0.114
6160.72541 19.885 0.118
6161.51495 20.283 0.231
6161.55642 20.833 0.336
6161.60709 19.716 0.116
6161.67958 19.722 0.126
6164.49238 20.027 0.118
6164.55538 19.888 0.170
6164.59410 19.851 0.140
6164.65118 21.415 0.610
6164.70463 20.191 0.320
6167.53673 19.816 0.145
6167.58686 19.945 0.205
6167.63933 19.792 0.165
6167.68178 20.117 0.272
6168.53884 19.996 0.119
6168.60346 20.096 0.128
6168.65981 20.263 0.158
6168.69722 19.748 0.105
6168.70440 20.071 0.147
6169.58134 19.932 0.116
6169.62179 19.837 0.120
6169.66164 20.356 0.195
6169.69941 21.211 0.616
6171.53515 19.818 0.100
6171.58418 21.064 0.347
6171.62583 20.523 0.240
6171.67292 20.962 0.427
6172.49410 19.829 0.064
6172.54541 20.752 0.217
6172.59445 20.186 0.132
6172.63435 19.961 0.104
6172.67636 19.790 0.140
6174.60012 19.670 0.150
6174.63398 20.156 0.245
6175.49723 20.009 0.106
6175.54558 20.070 0.127
6175.58386 20.440 0.190
6175.62220 20.068 0.157
6175.66870 20.769 0.338
6179.50000 20.377 0.259
6179.55892 20.019 0.167
6179.60067 19.559 0.128
6179.64149 19.822 0.159
6180.48740 19.948 0.238
6180.54684 20.329 0.208
6180.58469 19.732 0.140
6180.62584 19.812 0.148
6180.66122 20.091 0.196
6181.49182 19.557 0.095
6181.54584 19.997 0.115
6181.58754 19.865 0.100
6181.62661 19.871 0.119
6182.49220 21.095 0.359
6182.54709 19.943 0.127
6182.59529 20.082 0.137
6182.64041 20.078 0.186
6183.48933 20.293 0.220
6183.59232 20.149 0.130
6183.63141 19.839 0.108
6184.52719 20.365 0.149
6184.58566 20.269 0.138
6184.63147 20.113 0.138
6185.49404 19.957 0.104
6185.55289 19.930 0.100
6185.59221 20.103 0.117
6185.64254 19.905 0.136
6186.50685 20.073 0.187
6186.56390 19.791 0.124
6186.60959 19.747 0.116
6190.50386 20.150 0.170
6190.56077 20.395 0.155
6190.60125 19.852 0.103
6191.50079 19.941 0.177
6191.55657 20.301 0.196
6191.59929 20.000 0.156
6191.64253 20.716 0.265
6195.51789 19.924 0.125
6195.55853 20.006 0.146
6195.59721 20.235 0.171
6195.63505 20.244 0.201
6196.51698 20.069 0.184
6196.55555 20.294 0.227
6196.59631 19.916 0.165
6196.63212 19.832 0.165
6197.51866 20.116 0.179
6197.55730 20.327 0.239
6197.59805 20.048 0.207
6198.56370 19.691 0.144
6199.52771 20.503 0.357
6200.59710 20.750 0.439
6200.62024 19.750 0.167
6201.54457 19.701 0.164
6203.51642 20.810 0.370
6203.56720 19.892 0.170
6203.60787 19.753 0.210
6204.52068 20.084 0.149
6204.55931 20.354 0.202
6204.59713 19.968 0.149
6205.50061 20.805 0.341
6205.54355 20.784 0.252
6205.58162 20.006 0.140
6208.51319 20.279 0.211
6209.57699 19.853 0.182
6210.51454 20.255 0.187
6210.55271 20.105 0.169
6210.59184 19.819 0.145
6211.51611 20.413 0.185
6211.55831 20.027 0.136
6211.59674 19.809 0.149
6212.51550 19.719 0.111
6212.55430 19.768 0.121
6213.49052 21.224 0.626
6213.53067 20.953 0.329
6213.56917 19.826 0.165
6214.52352 20.318 0.234
6214.55914 20.119 0.186
6215.53499 19.949 0.201
6216.52626 20.271 0.195
6216.56512 19.743 0.115
6217.52084 19.794 0.101
6217.55892 20.059 0.136
6218.49579 20.331 0.203
6218.53426 20.896 0.489
6218.57244 19.759 0.154
6219.52861 20.223 0.164
6219.56727 19.604 0.129
6223.50915 20.791 0.432
6223.56015 19.717 0.159
6224.49617 19.672 0.197
6226.49933 20.628 0.359
6227.51558 19.961 0.177
6231.51852 20.044 0.225
6233.49943 19.498 0.194
6233.54899 19.869 0.152
6234.53673 20.322 0.288
6238.53404 19.844 0.166
6329.88112 20.206 0.281
6334.87640 19.901 0.117
6335.85670 19.879 0.171
6337.86779 20.248 0.222
6338.84630 19.631 0.116
6338.88989 20.344 0.227
6339.87262 19.690 0.089
6340.85244 19.875 0.117
6340.88276 19.759 0.096
6341.89118 19.474 0.104
6343.85548 19.956 0.163
6343.89102 19.877 0.136
6344.85473 19.769 0.081
6344.89828 20.096 0.227
6345.86349 20.601 0.230
6347.82677 19.604 0.116
6347.86673 20.126 0.133
6348.81880 20.186 0.188
6348.86031 19.861 0.103
6349.83020 19.587 0.126
6349.86576 20.296 0.220
6350.81937 20.237 0.218
6350.86585 19.948 0.149
6351.81797 19.691 0.135
6351.86628 19.909 0.144
6352.81573 19.545 0.109
6352.86215 19.986 0.110
6353.79693 20.566 0.246
6353.83753 20.708 0.287
6353.89357 19.830 0.093
6354.87025 19.806 0.098
6355.85539 19.780 0.157
6358.82579 20.102 0.124
6358.87022 20.136 0.125
6360.79223 20.063 0.110
6360.82962 20.331 0.126
6360.87722 20.422 0.154
6361.81525 19.747 0.096
6361.85258 20.603 0.220
6361.89571 20.020 0.135
6362.80064 20.282 0.205
6362.83803 20.058 0.116
6362.88936 20.113 0.137
6363.80698 19.845 0.122
6363.86195 20.331 0.142
6367.81721 20.297 0.146
6367.86557 20.099 0.099
6367.90400 19.980 0.084
6368.80228 20.431 0.181
6368.85539 20.603 0.183
6368.89544 20.328 0.137
6369.78294 19.568 0.099
6369.82254 20.067 0.120
6369.87745 20.069 0.091
6370.76782 19.783 0.108
6370.81260 19.895 0.093
6370.85592 20.133 0.112
6370.89520 19.861 0.088
6371.77725 19.765 0.094
6371.82625 20.007 0.107
6371.86502 20.259 0.117
6371.90845 20.264 0.137
6372.76999 19.665 0.095
6372.81871 20.044 0.103
6372.85856 20.210 0.112
6372.90118 20.201 0.118
6373.77009 19.522 0.128
6373.82428 20.150 0.132
6373.86373 20.144 0.138
6373.90333 20.029 0.126
6374.76914 20.358 0.227
6374.81867 20.007 0.103
6374.85905 19.944 0.094
6374.89992 20.322 0.133
6375.76680 21.014 0.314
6375.81565 19.937 0.098
6375.83392 20.138 0.132
6375.87396 20.252 0.112
6375.91464 20.169 0.115
6376.77759 20.269 0.172
6376.82996 20.329 0.128
6376.86912 19.966 0.101
6376.91171 20.107 0.102
6377.79213 19.818 0.092
6377.84187 20.090 0.102
6377.88269 20.008 0.087
6378.74929 20.254 0.213
6378.78843 19.905 0.113
6378.83714 20.343 0.144
6378.87848 20.404 0.137
6378.91825 19.483 0.080
6379.77306 20.022 0.123
6379.82224 20.324 0.154
6379.86176 20.056 0.121
6379.90757 19.680 0.066
6380.76272 19.840 0.098
6380.80116 20.489 0.158
6380.82475 20.128 0.112
6380.86547 20.054 0.103
6380.91148 19.870 0.080
6381.77038 19.901 0.123
6381.81949 20.057 0.102
6381.85826 19.754 0.069
6381.89816 20.206 0.112
6382.76480 19.991 0.166
6382.80319 20.439 0.195
6382.84239 20.170 0.150
6382.88307 20.213 0.171
6386.75791 19.634 0.105
6386.80891 19.830 0.104
6386.85521 20.471 0.178
6386.90640 20.117 0.159
6387.72871 19.596 0.115
6387.77084 19.974 0.104
6387.81517 20.011 0.119
6387.85414 20.365 0.144
6387.89589 19.892 0.120
6388.73076 19.633 0.107
6388.79325 20.149 0.138
6388.83240 20.144 0.118
6388.90639 20.353 0.146
6389.72908 20.279 0.214
6389.77008 20.239 0.150
6389.81131 20.199 0.130
6389.84978 20.240 0.151
6389.88931 20.096 0.132
6390.71406 19.515 0.102
6390.75416 20.259 0.160
6390.79600 19.769 0.101
6390.84045 20.299 0.137
6390.88534 19.883 0.091
6391.73049 20.115 0.198
6391.78150 19.881 0.167
6391.82141 19.794 0.123
6391.87432 19.754 0.122
6393.71878 20.001 0.150
6393.76464 20.150 0.165
6393.80390 20.028 0.116
6393.85627 20.598 0.191
6394.71910 20.314 0.236
6394.77173 19.885 0.135
6394.81919 20.768 0.309
6394.85827 20.488 0.172
6394.92292 20.266 0.166
6395.72280 19.899 0.121
6395.77141 19.931 0.102
6395.82107 20.016 0.089
6395.86009 20.105 0.088
6395.90412 19.972 0.093
6396.70828 20.237 0.146
6396.75516 19.910 0.081
6396.80495 20.089 0.095
6396.84765 19.819 0.068
6396.88864 19.884 0.091
6396.92821 20.010 0.157
6397.72131 20.137 0.116
6397.77213 20.211 0.111
6397.82103 20.038 0.089
6397.85890 20.273 0.114
6397.89762 19.829 0.084
6398.68980 20.554 0.231
6398.72874 20.266 0.130
6398.79055 20.062 0.094
6398.82856 20.095 0.113
6398.86890 20.308 0.151
6398.90955 20.413 0.155
6399.69562 19.928 0.135
6399.73443 19.781 0.114
6399.78328 20.248 0.125
6399.83111 19.866 0.090
6399.86968 20.107 0.126
6400.68184 19.893 0.148
6400.73050 19.692 0.085
6400.79509 20.214 0.130
6400.85095 20.114 0.114
6400.89889 20.094 0.122
6401.69969 19.584 0.107
6401.74381 20.001 0.099
6401.78542 19.949 0.086
6401.83271 20.258 0.116
6401.87441 20.095 0.100
6401.91276 20.611 0.176
6402.70603 19.830 0.122
6402.74389 20.414 0.214
6402.79106 20.030 0.142
6402.83977 20.227 0.177
6402.87981 20.223 0.156
6402.92149 20.566 0.361
6403.70943 20.125 0.106
6403.74701 20.679 0.183
6403.78631 19.914 0.073
6403.83326 19.798 0.071
6403.87317 20.212 0.122
6403.92988 19.736 0.110
6404.72910 19.870 0.094
6404.76853 20.263 0.143
6404.81776 19.825 0.087
6404.85691 20.006 0.098
6404.90575 19.931 0.118
6405.81317 19.925 0.141
6405.86074 20.186 0.105
6405.90282 19.902 0.080
6406.76030 19.923 0.146
6406.82118 20.590 0.320
6406.87644 19.653 0.130
6406.92263 20.151 0.118
6407.70035 20.984 0.465
6407.77637 20.232 0.134
6407.81584 20.145 0.151
6407.86574 20.401 0.187
6407.91392 20.271 0.185
6408.72815 20.642 0.626
6408.76902 19.500 0.109
6408.80888 20.451 0.240
6409.78406 19.996 0.188
6409.82785 20.273 0.224
6409.88364 20.442 0.257
6409.92178 20.267 0.182
6415.70707 19.410 0.122
6415.76210 19.984 0.131
6415.80274 20.031 0.179
6415.84614 21.513 0.812
6415.90405 19.922 0.107
6416.64436 20.116 0.175
6416.68910 20.126 0.184
6416.75239 19.913 0.084
6416.79055 20.245 0.112
6416.84089 19.990 0.096
6416.90604 20.285 0.126
6417.67732 20.247 0.221
6417.71480 20.358 0.176
6417.75300 20.070 0.140
6417.79988 20.176 0.146
6417.84067 19.964 0.124
6417.88865 20.039 0.138
6417.92805 20.320 0.174
6418.66050 20.342 0.186
6418.69806 20.488 0.221
6418.73556 19.751 0.090
6418.77315 21.228 0.313
6418.82178 20.407 0.154
6418.86219 20.109 0.114
6418.90953 20.108 0.123
6419.65866 19.864 0.167
6419.70938 20.169 0.127
6419.74743 19.878 0.091
6419.78632 20.345 0.160
6419.83752 20.891 0.269
6419.88514 20.049 0.115
6419.92316 20.158 0.128
6420.65157 20.094 0.131
6420.68917 20.072 0.098
6420.72702 20.086 0.090
6420.76290 20.157 0.089
6420.82250 19.917 0.081
6420.86136 20.459 0.148
6420.91034 20.592 0.176
6421.79077 19.954 0.100
6421.83148 20.013 0.097
6421.89005 19.857 0.128
6422.68292 19.837 0.099
6422.73514 19.962 0.094
6422.77299 20.057 0.098
6422.88457 20.327 0.278
6423.64514 20.015 0.156
6423.69284 20.309 0.178
6423.75005 20.417 0.200
6423.81413 19.793 0.085
6423.85265 20.345 0.170
6423.89133 20.294 0.165
6423.92935 20.308 0.195
6424.65287 20.150 0.140
6424.69334 20.624 0.209
6424.75268 20.319 0.138
6424.80294 19.839 0.078
6424.84701 19.907 0.102
6424.88849 20.548 0.186
6424.94135 19.552 0.129
6426.64089 19.767 0.105
6426.68156 19.846 0.093
6426.77678 19.931 0.100
6426.84008 19.915 0.092
6426.88119 20.074 0.135
6426.92195 19.736 0.083
6427.72391 19.421 0.067
6427.88465 20.921 0.335
6428.64315 19.809 0.164
6428.69260 19.818 0.134
6428.73410 20.280 0.178
6428.78466 20.148 0.136
6428.83861 20.594 0.233
6428.88118 20.283 0.169
6428.92153 21.123 0.489
6431.63499 20.560 0.422
6431.68169 20.767 0.353
6431.73222 19.792 0.093
6431.78379 19.941 0.101
6431.82599 20.153 0.122
6431.86629 19.920 0.115
6431.90700 19.781 0.143
6432.64118 20.294 0.168
6432.66336 19.996 0.150
6432.70631 20.225 0.140
6432.76565 20.286 0.148
6432.80754 20.299 0.147
6432.84758 20.328 0.163
6432.88831 20.262 0.227
6432.92881 20.154 0.160
6433.61183 20.238 0.264
6433.65229 19.760 0.124
6433.69293 19.905 0.129
6433.74281 19.879 0.128
6433.79439 19.974 0.188
6433.84695 19.919 0.103
6434.60344 20.136 0.255
6434.64222 19.969 0.192
6434.68427 19.983 0.151
6434.73371 19.902 0.119
6434.78459 19.890 0.097
6434.82682 20.614 0.255
6434.86703 20.231 0.155
6434.94068 20.309 0.302
6435.63077 19.622 0.113
6435.67283 20.181 0.147
6435.71504 19.960 0.109
6435.77487 19.955 0.100
6435.81729 19.808 0.109
6435.86073 21.725 0.632
6435.90399 20.332 0.152
6435.94410 20.009 0.200
6436.61682 19.586 0.106
6436.65971 19.698 0.108
6436.70175 20.125 0.134
6436.75401 20.209 0.152
6436.80782 20.246 0.189
6436.84921 19.917 0.128
6436.89101 20.165 0.161
6436.93295 19.740 0.136
6437.72341 20.064 0.234
6437.74871 20.860 0.434
6437.82760 20.096 0.265
6437.86339 20.061 0.222
6437.90533 20.131 0.265
6437.94582 21.623 1.668
6441.64061 20.505 0.434
6441.72437 19.949 0.158
6441.82925 19.945 0.169
6441.87270 19.948 0.185
6441.91424 19.453 0.161
6442.57247 19.791 0.113
6442.60931 20.252 0.150
6442.64934 19.903 0.098
6442.68941 20.142 0.117
6442.75093 19.868 0.082
6442.79323 20.036 0.102
6442.83361 19.793 0.090
6442.87344 20.386 0.156
6442.91325 20.374 0.198
6443.59150 20.013 0.195
6443.67045 19.348 0.074
6443.75269 20.197 0.172
6443.82147 20.827 0.463
6444.68970 19.822 0.192
6444.75933 20.073 0.129
6444.81249 20.334 0.177
6444.85336 19.925 0.112
6444.89516 19.984 0.134
6444.94556 19.738 0.191
6445.61391 20.637 0.251
6445.65852 20.326 0.144
6445.71558 20.378 0.164
6445.76293 19.896 0.100
6445.81993 20.171 0.140
6445.86520 19.828 0.161
6445.91278 20.055 0.187
6446.56078 20.266 0.153
6446.60359 20.219 0.115
6446.64598 20.349 0.135
6446.69562 19.869 0.081
6446.75097 20.477 0.163
6446.79362 19.792 0.074
6446.83574 19.941 0.086
6446.90182 19.850 0.113
6446.94235 19.728 0.118
6447.58088 20.231 0.168
6447.62014 19.993 0.115
6447.65989 20.438 0.161
6447.71014 20.571 0.181
6447.76533 19.832 0.085
6447.80715 20.064 0.107
6447.84722 20.376 0.168
6447.88774 20.075 0.109
6447.92838 19.961 0.112
6448.56812 20.286 0.236
6448.60992 19.961 0.127
6448.65027 20.144 0.149
6448.69141 19.706 0.099
6448.75164 19.659 0.062
6448.79430 19.910 0.097
6448.83618 20.282 0.159
6448.87682 20.484 0.266
6448.91909 20.385 0.285
6449.56660 20.157 0.182
6449.60995 20.413 0.197
6449.65320 19.723 0.114
6449.69348 19.833 0.089
6449.74537 20.254 0.173
6449.79559 20.633 0.238
6449.83690 20.217 0.143
6449.87740 19.982 0.143
6449.92034 20.246 0.279
6450.56046 20.161 0.201
6450.60317 20.199 0.165
6450.64580 19.773 0.084
6450.69556 20.099 0.106
6450.74589 19.979 0.086
6450.78695 20.313 0.145
6450.82800 20.050 0.119
6450.87365 19.622 0.085
6450.91747 19.706 0.109
6451.56320 19.795 0.136
6451.60865 20.306 0.181
6451.64909 19.731 0.092
6451.69159 20.382 0.153
6451.75301 20.422 0.180
6451.79379 20.138 0.134
6451.83453 19.784 0.102
6451.87524 19.797 0.110
6451.91763 20.203 0.201
6452.57032 20.030 0.140
6452.61302 20.052 0.092
6452.65378 20.025 0.090
6452.70886 20.052 0.094
6452.80565 19.916 0.080
6452.84820 20.065 0.100
6452.88948 19.866 0.110
6454.54950 19.892 0.162
6454.58022 20.168 0.155
6454.62278 20.627 0.230
6454.66326 19.966 0.118
6454.71402 19.957 0.089
6454.76648 20.010 0.117
6454.80762 20.141 0.158
6454.84809 20.374 0.212
6454.88915 20.151 0.147
6455.54391 20.736 0.276
6455.57997 20.089 0.153
6455.68619 19.488 0.081
6455.78516 20.129 0.164
6456.54796 19.912 0.110
6456.58889 19.941 0.074
6456.63002 20.246 0.106
6456.68122 19.891 0.065
6456.73370 19.974 0.083
6456.77519 20.365 0.143
6456.81584 20.150 0.130
6456.89175 19.790 0.089
6457.69922 20.080 0.103
6457.76208 20.131 0.105
6457.80321 20.297 0.140
6457.84461 19.551 0.078
6457.88510 20.029 0.137
6458.54649 19.479 0.117
6458.58657 19.888 0.163
6458.62827 19.916 0.173
6458.66888 19.794 0.096
6458.72030 20.006 0.150
6458.77159 20.044 0.115
6458.81266 19.840 0.092
6458.85346 20.163 0.162
6458.89803 19.934 0.146
6459.54051 19.545 0.122
6459.57992 19.743 0.107
6459.62283 20.140 0.145
6459.66489 20.036 0.108
6459.72977 19.807 0.066
6459.77165 20.012 0.096
6459.81263 19.965 0.108
6459.85374 19.924 0.102
6459.89442 19.825 0.125
6460.59263 19.948 0.139
6460.64342 20.057 0.124
6460.71777 20.429 0.172
6460.79238 19.940 0.130
6460.88889 20.220 0.161
6461.56870 20.334 0.167
6461.61041 20.184 0.155
6461.65197 20.187 0.153
6461.70086 20.196 0.167
6461.76933 19.929 0.108
6461.82220 20.311 0.167
6461.87346 19.898 0.111
6462.60849 19.723 0.169
6462.65056 20.042 0.133
6462.70235 20.542 0.228
6462.82958 20.728 0.264
6462.87053 19.994 0.161
6463.52297 19.958 0.240
6463.56446 19.990 0.164
6463.60360 19.977 0.161
6463.64482 19.718 0.103
6463.69935 19.841 0.105
6463.75360 20.073 0.142
6463.79494 20.323 0.188
6463.83612 20.124 0.155
6463.88033 19.535 0.095
6464.57287 20.024 0.227
6464.61238 19.854 0.153
6464.65280 20.128 0.195
6464.69964 19.800 0.102
6464.75263 20.616 0.271
6464.80349 20.320 0.216
6464.84515 20.809 0.347
6464.88759 20.035 0.164
6468.55921 20.196 0.192
6468.60020 20.099 0.160
6468.64116 19.909 0.138
6468.71034 20.905 0.385
6468.75430 19.938 0.152
6468.81409 20.951 0.356
6469.54198 20.053 0.169
6469.58241 19.693 0.122
6469.62251 20.045 0.122
6469.68595 19.855 0.117
6469.72956 20.247 0.151
6469.76988 20.024 0.124
6471.60645 19.738 0.132
6471.64800 19.604 0.110
6471.85129 19.318 0.161
6472.60489 20.117 0.191
6472.64391 20.151 0.193
6472.69650 20.130 0.145
6472.74830 20.146 0.156
6472.78889 20.379 0.207
6472.82952 19.582 0.153
6473.54923 20.108 0.172
6473.59150 20.053 0.129
6473.63185 19.843 0.078
6473.68373 20.455 0.180
6473.73477 20.467 0.178
6473.77581 20.229 0.153
6473.81622 20.342 0.193
6473.85684 20.185 0.219
6474.49382 20.188 0.267
6474.53834 20.139 0.220
6474.57853 20.042 0.130
6474.62386 19.958 0.152
6474.66457 19.984 0.116
6474.71941 20.090 0.133
6474.76921 19.639 0.097
6474.80954 19.582 0.113
6474.84976 19.795 0.140
6475.48550 20.509 0.314
6475.52736 20.504 0.240
6475.57042 20.773 0.337
6475.63161 20.117 0.110
6475.68267 20.227 0.140
6475.73185 20.166 0.141
6475.77216 20.495 0.199
6475.81424 20.576 0.237
6475.85711 20.443 0.274
6476.49836 20.041 0.194
6476.53908 20.568 0.235
6476.57990 19.950 0.133
6476.62131 20.060 0.115
6476.68677 20.217 0.152
6476.72761 20.130 0.155
6476.76839 20.068 0.133
6476.80891 20.354 0.177
6477.53242 19.687 0.103
6477.57357 19.814 0.105
6477.61427 19.945 0.139
6477.68011 20.176 0.162
6477.72086 19.992 0.127
6477.76139 19.596 0.119
6477.80251 19.997 0.178
6478.52994 20.460 0.226
6478.57022 19.911 0.136
6478.61042 20.237 0.135
6478.66601 20.512 0.238
6479.56472 19.771 0.126
6479.60564 19.743 0.098
6479.64733 19.947 0.106
6479.70179 20.434 0.224
6479.75968 21.172 0.425
6479.82435 20.113 0.198
6479.85174 20.237 0.248
6480.56177 20.349 0.193
6480.60237 20.125 0.177
6480.65329 20.293 0.135
6480.70523 21.016 0.393
6480.74566 20.329 0.189
6480.78613 20.955 0.320
6480.82787 20.667 0.360
6481.49918 19.695 0.122
6481.54049 20.114 0.137
6481.58407 19.625 0.096
6481.64191 20.540 0.235
6481.74259 20.823 0.306
6481.78513 20.475 0.233
6481.82755 19.687 0.141
6482.80207 20.385 0.312
6483.61136 20.085 0.111
6483.81376 20.040 0.175
6484.49352 20.216 0.178
6484.53400 20.037 0.168
6485.46698 20.224 0.236
6485.51270 20.246 0.194
6485.55947 20.074 0.149
6485.63814 20.254 0.115
6485.70127 20.337 0.139
6485.74408 20.273 0.131
6485.79015 20.543 0.213
6486.47058 19.942 0.159
6486.51306 20.039 0.132
6486.55939 20.123 0.138
6486.60469 20.682 0.214
6486.67052 20.262 0.136
6486.72339 20.853 0.292
6486.76777 20.816 0.231
6486.81050 19.841 0.107
6487.46879 19.927 0.121
6487.51292 20.055 0.126
6487.55905 20.186 0.112
6487.60021 19.743 0.067
6487.67296 19.938 0.087
6487.71377 20.078 0.103
6487.75746 20.137 0.112
6487.80275 20.042 0.104
6490.52312 20.365 0.185
6490.56377 20.020 0.127
6490.62178 20.077 0.129
6490.66904 20.268 0.144
6490.70974 20.280 0.139
6490.75047 20.076 0.128
6491.46999 19.806 0.157
6491.51303 19.815 0.134
6491.55800 20.500 0.231
6491.61827 20.542 0.266
6491.68996 20.777 0.243
6491.73189 20.589 0.203
6491.77419 19.859 0.116
6491.81807 20.169 0.215
6492.50201 20.060 0.175
6492.54850 20.174 0.167
6492.59880 20.756 0.274
6492.66371 21.259 0.550
6492.70252 20.753 0.305
6492.73560 20.154 0.175
6492.77937 19.855 0.171
6496.48724 19.399 0.123
6496.52771 20.419 0.283
6496.56769 19.690 0.144
6496.62828 19.999 0.207
6497.58222 19.935 0.184
6497.63467 21.156 0.491
6497.68523 20.308 0.232
6497.72637 19.629 0.120
6497.76711 19.708 0.134
6498.46793 18.913 0.049
6498.51151 18.931 0.038
6498.55642 18.823 0.033
6498.60055 19.042 0.042
6498.64805 19.114 0.066
6498.69095 18.919 0.055
6498.73428 18.993 0.047
6498.77983 18.865 0.056
6499.48215 19.114 0.063
6499.52584 18.968 0.045
6499.56870 19.008 0.043
6500.53798 18.898 0.075
6500.60190 19.311 0.114
6500.67941 18.882 0.061
6500.73045 18.814 0.060
6501.55802 18.970 0.068
6501.61865 18.821 0.044
6501.66409 19.109 0.059
6501.70649 19.015 0.052
6501.74943 18.790 0.055
6501.78787 18.781 0.071
6504.63930 19.143 0.066
6504.68156 19.147 0.059
6504.72403 18.882 0.053
6505.47555 19.000 0.080
6505.53534 19.166 0.065
6505.57990 19.321 0.086
6505.65128 19.233 0.066
6505.69221 19.129 0.062
6505.73510 19.103 0.075
6505.77746 19.005 0.086
6506.56870 19.184 0.080
6506.64910 19.689 0.126
6506.70995 19.700 0.140
6506.75183 19.308 0.093
6507.63999 19.717 0.118
6507.70897 21.210 0.681
6507.75997 19.664 0.176
6508.51837 19.516 0.085
6508.56972 20.048 0.156
6508.61785 20.079 0.117
6508.65996 20.271 0.141
6508.70158 19.915 0.106
6508.76148 19.413 0.068
6509.52297 19.687 0.081
6509.58369 20.026 0.092
6509.62543 19.983 0.093
6509.66711 20.206 0.132
6509.70843 20.061 0.123
6509.75104 20.030 0.161
6510.48945 19.862 0.102
6510.55221 19.907 0.091
6510.59914 20.124 0.106
6510.64172 20.075 0.104
6510.71162 20.384 0.203
6510.75559 19.950 0.200
6511.52176 19.851 0.133
6511.60024 19.961 0.122
6511.65495 20.176 0.131
6511.70469 20.080 0.131
6511.75747 19.693 0.106
6512.75046 19.841 0.189
6514.52050 20.763 0.330
6514.59319 20.164 0.121
6514.65869 20.663 0.205
6514.71386 20.609 0.205
6515.47734 20.238 0.147
6515.54518 20.186 0.121
6515.61086 19.999 0.104
6515.67472 19.755 0.088
6515.75390 19.467 0.082
6516.52039 20.271 0.209
6516.60272 19.841 0.100
6516.65458 19.973 0.128
6518.49018 19.904 0.114
6518.56212 20.215 0.126
6519.49592 20.229 0.156
6519.56828 19.743 0.096
6519.61676 20.250 0.150
6519.66827 19.929 0.110
6519.71567 19.862 0.126
6523.50405 20.343 0.191
6523.54237 20.727 0.266
6523.57837 19.707 0.102
6523.61745 19.925 0.151
6523.65809 19.564 0.115
6523.69948 19.731 0.158
6524.52092 20.383 0.181
6524.56962 20.200 0.164
6524.61776 20.567 0.242
6524.66636 20.403 0.226
6525.52370 19.876 0.147
6525.57162 20.372 0.255
6525.67396 20.739 0.459
6526.66539 20.060 0.175
6526.69613 19.818 0.145
6527.62682 20.034 0.250
6529.55415 20.416 0.266
6529.59729 19.717 0.127
6529.63987 20.015 0.159
6531.58275 20.711 0.232
6531.63030 20.495 0.230
6531.67834 19.915 0.122
6532.50839 20.308 0.164
6532.61240 19.741 0.100
6532.67377 19.768 0.143
6533.59443 19.880 0.108
6533.65553 20.411 0.184
6534.54755 20.035 0.119
6534.59840 20.187 0.145
6534.63865 20.526 0.238
6535.53282 20.244 0.230
6536.47775 20.779 0.335
6536.56959 20.281 0.119
6536.62008 19.617 0.085
6538.51603 19.868 0.092
6538.56870 20.243 0.144
6538.61111 20.902 0.307
6539.51816 20.977 0.280
6539.56403 20.390 0.196
6539.62190 20.213 0.166
6541.51399 20.278 0.166
6541.61945 20.483 0.139
6543.53160 20.262 0.178
6543.58308 20.358 0.177
6543.62742 19.974 0.137
6544.51894 20.196 0.150
6544.56954 20.085 0.161
6545.48143 20.795 0.265
6545.52696 20.129 0.114
6545.57205 19.711 0.097
6545.61795 20.084 0.117
6546.48938 19.693 0.140
6546.55711 20.756 0.402
6546.60931 19.888 0.153
6547.61571 21.134 0.682
6551.56283 20.052 0.241
6552.55464 20.883 0.449
6555.58594 20.206 0.184
6555.63751 20.299 0.279
6556.64852 19.825 0.151
6558.52624 20.292 0.134
6558.56680 20.214 0.146
6558.61974 20.177 0.181
6559.51210 20.321 0.215
6559.56589 20.426 0.188
6559.61897 19.976 0.156
6560.52653 20.661 0.231
6560.57019 20.537 0.215
6560.62601 20.151 0.206
6561.53060 20.344 0.208
6561.57099 20.948 0.372
6562.52944 20.219 0.163
6562.57655 20.510 0.191
6562.62003 20.905 0.279
6563.54525 21.539 0.738
6563.59122 20.309 0.202
6563.62875 21.374 0.602
6564.52416 20.318 0.209
6564.56570 20.112 0.158
6565.49281 21.301 0.549
6565.53691 19.852 0.130
6565.59091 20.673 0.261
6567.57608 20.171 0.233
6568.52987 21.395 0.809
6568.57067 21.166 0.475
6568.61355 20.634 0.315
6569.52109 21.484 0.415
6569.56206 20.394 0.174
6569.60319 19.971 0.148
6570.53961 20.014 0.158
6571.48624 21.103 0.598
6571.54694 20.072 0.188
6571.59613 20.223 0.215
6572.51944 20.013 0.191
6572.57809 20.388 0.238
6573.50000 19.889 0.133
6573.54070 19.989 0.136
6573.58738 19.895 0.136
6577.52390 20.483 0.437
6577.56770 20.594 0.430
6578.56144 19.907 0.166
6579.48619 21.381 0.958
6579.54544 20.081 0.204
6580.50343 19.647 0.161
6581.50492 20.155 0.167
6581.56179 19.899 0.161
6582.51659 19.607 0.129
6582.56899 19.523 0.114
6583.52747 20.362 0.348
6583.56480 20.393 0.420
6584.52150 21.001 0.573
6584.56663 21.241 0.857
6585.52352 20.737 0.423
6585.56138 20.619 0.387
6590.54360 20.956 0.446
6593.49825 19.681 0.160
6593.51114 19.779 0.152
