550.89599 20.039 0.151
553.70814 20.057 0.156
554.77705 19.905 0.146
557.81939 20.054 0.169
560.70390 20.670 0.390
561.83113 19.995 0.165
562.84842 20.078 0.184
567.82457 20.023 0.134
568.82665 20.082 0.149
569.79318 20.005 0.139
569.90871 19.992 0.186
570.80461 19.860 0.129
571.73158 20.176 0.192
572.81365 19.641 0.143
573.85512 20.251 0.177
574.81521 20.082 0.156
575.79351 19.942 0.127
576.77424 20.169 0.151
577.86031 19.902 0.158
578.87180 20.234 0.174
581.71997 19.707 0.124
582.73320 19.898 0.152
583.72687 19.765 0.137
587.82508 19.670 0.128
588.72999 20.308 0.205
590.73439 19.823 0.201
599.74124 20.157 0.181
600.72691 20.248 0.171
601.79821 20.553 0.245
605.74208 19.949 0.160
606.65937 19.908 0.132
607.65574 20.362 0.168
608.64771 20.283 0.190
614.71938 20.011 0.156
615.64951 20.246 0.167
616.65136 20.342 0.204
618.68160 19.741 0.214
622.86093 20.496 0.391
623.63934 20.277 0.205
624.55627 19.874 0.150
625.85980 20.508 0.297
626.54735 19.843 0.167
627.69721 20.322 0.261
629.57048 19.856 0.142
631.59367 20.402 0.295
632.60871 20.132 0.176
633.80761 20.063 0.167
635.70942 19.846 0.159
643.58232 19.909 0.177
645.74822 20.123 0.188
649.56223 19.955 0.268
652.62456 19.894 0.173
656.76180 20.018 0.179
657.66168 19.934 0.159
663.58393 18.055 0.038
664.75164 18.263 0.039
665.69600 18.244 0.030
666.68459 18.399 0.036
667.64398 18.548 0.040
670.76053 19.146 0.108
671.69579 19.654 0.117
685.54996 21.025 0.426
687.69683 20.365 0.211
688.64257 19.429 0.096
697.54392 19.585 0.135
700.57395 19.996 0.184
708.54961 19.480 0.170
713.60614 20.498 0.269
720.55139 19.683 0.148
732.57638 19.968 0.225
875.88397 20.136 0.180
885.85996 19.847 0.180
891.83468 20.208 0.312
897.81470 19.864 0.134
900.90218 20.082 0.174
911.83750 19.907 0.171
924.84608 19.579 0.105
926.83097 19.860 0.212
930.90837 19.239 0.136
933.74788 19.962 0.192
936.92634 19.886 0.127
937.71029 19.836 0.162
939.91284 19.521 0.126
941.69186 20.082 0.194
944.91748 19.751 0.196
950.79579 19.881 0.176
952.68015 19.835 0.128
962.79632 19.949 0.171
966.69591 20.362 0.199
968.83578 18.458 0.059
971.74580 19.094 0.074
986.78102 20.090 0.210
990.80869 20.663 0.317
991.76263 20.040 0.190
996.66822 20.574 0.303
998.67794 20.017 0.175
1007.65087 19.775 0.140
1008.59136 20.198 0.244
1011.80105 19.616 0.159
1020.64393 19.926 0.162
1021.63268 20.034 0.221
1026.57539 19.917 0.170
1035.67242 20.372 0.256
1040.72505 19.967 0.155
1045.70458 19.745 0.139
1049.54572 19.861 0.203
1051.55013 19.788 0.167
1052.71040 19.837 0.172
1053.59672 19.858 0.130
1054.66045 20.057 0.155
1060.59569 19.702 0.190
1061.66559 20.162 0.299
1064.68179 20.069 0.296
1065.65581 20.032 0.220
1069.49506 20.109 0.220
1074.62397 19.802 0.194
1078.61715 19.650 0.150
1092.51183 19.695 0.186
1102.53580 19.775 0.174
1108.56498 19.547 0.181
1116.56026 19.703 0.227
1233.86895 20.325 0.282
1240.86792 19.745 0.168
1243.83394 19.754 0.190
1251.86279 19.778 0.188
1254.88215 19.983 0.198
1257.87066 19.968 0.177
1260.86366 19.288 0.095
1266.82858 19.689 0.151
1268.79894 19.859 0.198
1278.85277 19.906 0.144
1280.76844 19.717 0.177
1288.87352 19.966 0.150
1290.79033 20.279 0.212
1295.70658 20.037 0.237
1297.75409 20.140 0.206
1299.73762 19.852 0.163
1305.84143 20.693 0.470
1306.88881 19.966 0.167
1308.71390 19.919 0.126
1313.72493 20.076 0.150
1315.91423 19.911 0.171
1316.68913 19.974 0.130
1317.71695 19.984 0.187
1318.85338 19.625 0.143
1320.73178 19.967 0.168
1321.85888 19.651 0.166
1327.74351 19.919 0.197
1333.65767 19.767 0.173
1335.81673 19.879 0.159
1336.81759 19.736 0.163
1339.80266 19.876 0.193
1341.82853 19.740 0.146
1346.80164 20.022 0.160
1349.79621 19.871 0.148
1350.82471 19.780 0.123
1353.67557 19.792 0.201
1354.84733 19.864 0.176
1355.74370 19.856 0.185
1360.86883 18.514 0.069
1365.82708 19.896 0.184
1366.80769 19.809 0.164
1367.82315 19.592 0.180
1369.83403 20.082 0.224
1374.83188 19.825 0.232
1375.76631 19.706 0.159
1394.74395 19.887 0.175
1395.75089 19.842 0.161
1398.63799 19.904 0.140
1399.63531 19.900 0.156
1400.73107 19.944 0.185
1401.73681 19.920 0.183
1402.71695 19.689 0.133
1403.59924 19.777 0.142
1407.72787 19.361 0.146
1408.67473 19.626 0.165
1415.62482 19.735 0.181
1419.69252 19.737 0.185
1431.57134 19.750 0.156
1432.49990 19.875 0.214
1436.65437 19.930 0.204
1442.49694 19.892 0.196
1448.54103 20.129 0.181
1450.58259 19.795 0.195
1461.51435 19.928 0.205
1471.55172 19.618 0.202
1487.51889 19.255 0.145
1604.89185 20.144 0.314
1608.86532 19.878 0.193
1610.84304 19.521 0.114
1616.83166 17.896 0.029
1619.80826 17.914 0.034
1623.83944 18.489 0.063
1626.85227 18.861 0.068
1628.90886 19.903 0.168
1633.83525 19.836 0.139
1643.88015 19.783 0.111
1645.77820 19.649 0.161
1646.89539 20.066 0.205
1653.71400 19.658 0.141
1655.79714 20.041 0.174
1661.70378 19.807 0.135
1663.76151 20.075 0.174
1664.88951 19.568 0.123
1665.90774 19.812 0.144
1667.75346 19.788 0.160
1668.86135 19.977 0.150
1670.65656 19.995 0.169
1671.72747 20.149 0.174
1675.88914 19.766 0.178
1676.82925 19.853 0.119
1687.71012 20.009 0.193
1690.61055 19.550 0.154
1692.73023 19.369 0.081
1695.71352 19.875 0.124
1700.77904 19.659 0.110
1702.63397 19.752 0.131
1704.67371 19.932 0.162
1706.69336 19.819 0.146
1716.81977 19.539 0.175
1718.78715 19.547 0.189
1725.76761 18.645 0.063
1726.68305 18.994 0.073
1728.78817 20.228 0.271
1729.81212 19.805 0.128
1730.80243 19.611 0.120
1731.81527 19.877 0.133
1732.57124 19.880 0.175
1742.58848 20.000 0.173
1743.57177 19.865 0.144
1744.61343 19.780 0.129
1745.54791 19.926 0.151
1749.68078 20.176 0.131
1750.75064 19.961 0.205
1751.73237 19.781 0.129
1752.48028 19.691 0.178
1754.77590 19.453 0.153
1755.60363 19.779 0.128
1756.73962 20.265 0.312
1757.52829 20.125 0.247
1761.69766 19.807 0.167
1762.69875 19.482 0.135
1763.72448 19.956 0.163
1764.71985 20.026 0.164
1765.73055 20.736 0.423
1774.58761 19.854 0.127
1783.71700 19.958 0.163
1786.62893 19.961 0.135
1788.67897 20.099 0.220
1789.63275 19.888 0.112
1803.60644 20.139 0.218
1810.62594 20.145 0.197
1811.52575 19.780 0.166
1813.53344 20.126 0.230
1815.62225 19.701 0.157
1818.56619 19.698 0.169
1824.58908 20.014 0.223
1829.51224 19.663 0.173
2127.55832 19.546 0.196
2130.58201 19.965 0.180
2133.59213 20.384 0.303
2136.71323 19.475 0.196
2141.70381 19.258 0.164
2169.60852 19.257 0.153
2179.56716 19.828 0.445
2189.57685 18.226 0.060
2190.49852 18.281 0.054
2215.51063 19.218 0.199
2337.89014 20.083 0.192
2353.84230 20.051 0.266
2363.82011 20.200 0.304
2373.85594 20.036 0.231
2464.82042 20.030 0.211
2816.71372 19.756 0.186
2852.66894 19.890 0.231
3059.89702 19.485 0.227
3066.80087 19.943 0.299
3068.86139 19.878 0.194
3072.78053 20.693 0.467
3075.91245 20.198 0.309
3077.83323 20.139 0.519
3081.81537 20.931 0.459
3084.79325 20.060 0.203
3086.85461 20.154 0.184
3088.84399 20.232 0.205
3090.75669 20.282 0.233
3091.90718 20.295 0.244
3097.85541 20.138 0.202
3099.82903 20.407 0.401
3101.85456 20.256 0.339
3102.92334 19.897 0.208
3104.80620 19.874 0.367
3107.80952 19.864 0.197
3108.85927 20.107 0.217
3112.90898 19.964 0.197
3114.89552 19.594 0.152
3115.90738 20.099 0.218
3116.81875 20.189 0.230
3124.83663 19.969 0.264
3126.71905 20.082 0.214
3127.92030 20.133 0.212
3128.90955 20.237 0.277
3130.78731 19.780 0.208
3131.73085 19.616 0.206
3135.74319 20.029 0.166
3138.74473 19.850 0.163
3140.72016 20.418 0.287
3141.78195 19.930 0.161
3142.85607 20.168 0.231
3144.87405 19.790 0.163
3147.69335 20.044 0.217
3151.85024 19.696 0.170
3152.84750 19.697 0.174
3153.85068 19.847 0.215
3156.90353 19.666 0.180
3162.61725 17.698 0.033
3163.87256 17.752 0.033
3164.83561 17.965 0.034
3165.61765 17.958 0.032
3168.77193 18.219 0.040
3169.87763 18.170 0.055
3170.90695 18.142 0.046
3171.74886 18.445 0.044
3171.92600 18.555 0.067
3173.78622 18.931 0.084
3174.79939 19.691 0.168
3175.90862 19.832 0.205
3177.85598 18.572 0.098
3178.57407 18.567 0.084
3179.81314 19.357 0.119
3180.82033 19.802 0.134
3182.87749 19.809 0.180
3183.84833 19.859 0.238
3184.79194 19.916 0.205
3185.58800 20.057 0.183
3193.64547 19.808 0.164
3194.49166 19.594 0.228
3194.83238 20.154 0.270
3195.76568 20.417 0.237
3195.84088 20.863 0.480
3196.56953 19.222 0.141
3197.82006 19.762 0.240
3201.57663 20.521 0.339
3202.80133 19.683 0.187
3203.81063 20.739 0.395
3204.81102 19.689 0.239
3206.68922 19.872 0.164
3210.74267 20.175 0.268
3211.77497 19.328 0.148
3217.74844 20.074 0.310
3218.75603 18.993 0.152
3224.51126 20.297 0.243
3229.69573 19.862 0.183
3231.68797 19.150 0.124
3239.49285 20.445 0.270
3245.67092 20.499 0.384
3247.53293 20.072 0.223
3249.65292 19.832 0.221
3254.63191 18.763 0.083
3257.57194 19.515 0.109
3261.50463 19.457 0.160
3265.56626 19.684 0.158
3267.62389 20.399 0.295
3273.52786 18.818 0.111
3277.48829 19.969 0.262
3280.48727 19.556 0.164
3283.49562 19.259 0.120
3289.54922 19.071 0.111
3294.54408 18.359 0.059
3296.49239 20.379 0.466
3419.86234 20.194 0.215
3424.86592 20.110 0.232
3427.88512 20.052 0.203
3430.85111 20.113 0.188
3436.89584 19.735 0.194
3443.86801 20.548 0.231
3445.89551 19.988 0.138
3448.80213 19.649 0.171
3450.81966 20.604 0.273
3453.86293 20.147 0.197
3457.90792 19.969 0.215
3458.89798 20.617 0.335
3468.89665 20.159 0.175
3469.92336 20.027 0.187
3472.88932 20.058 0.177
3474.81796 19.876 0.190
3476.91473 20.356 0.260
3479.84152 20.116 0.147
3481.81844 19.968 0.147
3484.76762 21.688 1.240
3500.93739 20.754 0.475
3508.93161 20.074 0.279
3511.94341 20.567 0.404
3520.69149 19.413 0.163
3521.93307 20.597 0.379
3522.83825 19.886 0.226
3523.86513 20.115 0.234
3526.90978 19.547 0.145
3528.86091 19.959 0.225
3530.91860 19.798 0.142
3538.88396 19.696 0.213
3544.85551 19.806 0.205
3547.87413 19.634 0.192
3550.85715 20.369 0.320
3551.86304 19.813 0.254
3553.82214 19.330 0.156
3554.87363 19.801 0.264
3556.78254 19.845 0.206
3558.75560 20.195 0.220
3560.50166 19.673 0.151
3560.56479 20.139 0.208
3560.67439 19.873 0.142
3560.73042 20.307 0.235
3560.83072 19.555 0.135
3561.47265 19.756 0.228
3561.63460 19.857 0.140
3561.80981 19.991 0.154
3562.47195 20.087 0.261
3562.68981 19.933 0.179
3562.80122 19.727 0.147
3563.48515 19.760 0.182
3563.67512 19.842 0.160
3563.75788 20.133 0.252
3563.78550 19.416 0.137
3564.79298 19.761 0.181
3568.81167 20.027 0.298
3569.49570 19.770 0.238
3574.78099 17.860 0.042
3575.72329 17.934 0.029
3579.71266 18.080 0.031
3581.77761 18.345 0.046
3582.71143 18.396 0.052
3583.72927 18.408 0.052
3584.73329 18.804 0.068
3585.74174 19.271 0.093
3618.68308 20.228 0.294
3631.59242 19.176 0.115
3635.57013 20.496 0.287
3643.51993 19.890 0.237
3644.61969 20.186 0.294
3649.56956 20.005 0.214
3650.60208 19.083 0.144
3652.57522 19.686 0.245
3778.86458 19.792 0.226
5260.88875 20.171 0.130
5261.81968 20.856 0.346
5262.85726 21.240 1.323
5265.87580 20.061 0.147
5266.82207 20.252 0.174
5267.84929 20.462 0.222
5268.85170 20.487 0.185
5269.81540 20.105 0.129
5270.82103 20.239 0.137
5271.81661 20.252 0.146
5272.82173 20.407 0.203
5273.80672 20.056 0.133
5274.82526 20.056 0.130
5275.81156 20.414 0.211
5276.78973 20.516 0.197
5277.84577 20.368 0.201
5278.82184 20.407 0.202
5279.82310 20.099 0.154
5280.82972 20.259 0.124
5281.80965 20.191 0.125
5282.83240 20.141 0.118
5283.79240 21.016 0.460
5283.88385 20.075 0.128
5284.79809 20.004 0.150
5285.78890 20.126 0.177
5285.91939 20.223 0.221
5286.80456 20.154 0.237
5287.85773 20.182 0.149
5288.78310 20.354 0.216
5289.83500 20.386 0.209
5293.86295 20.206 0.134
5294.82357 20.139 0.091
5295.82679 20.155 0.106
5296.86608 20.193 0.088
5297.90226 20.015 0.094
5299.73510 20.116 0.110
5300.84385 20.203 0.124
5301.85218 20.638 0.253
5306.83767 20.276 0.111
5307.83781 20.138 0.112
5308.82737 20.158 0.099
5309.88225 20.405 0.148
5310.88111 20.157 0.120
5312.73770 20.056 0.162
5313.77415 19.970 0.170
5314.70118 19.731 0.149
5314.91387 20.424 0.209
5315.84169 20.459 0.238
5316.79785 19.935 0.184
5319.93952 20.335 0.307
5320.83688 20.238 0.175
5321.78271 20.365 0.168
5322.76407 18.825 0.055
5323.66869 19.853 0.150
5323.89323 20.235 0.178
5324.82572 20.291 0.206
5325.73909 20.372 0.164
5326.62608 20.490 0.275
5326.86560 20.698 0.255
5327.81425 20.312 0.159
5328.74352 19.991 0.116
5328.93583 20.700 0.372
5334.86562 20.495 0.233
5335.84089 20.229 0.151
5336.92663 20.253 0.150
5337.92793 20.237 0.221
5339.68620 19.885 0.160
5340.64480 20.208 0.316
5340.90324 20.386 0.264
5341.83462 20.498 0.203
5342.66196 20.088 0.202
5342.85822 20.391 0.226
5343.69160 20.252 0.202
5343.89785 20.573 0.361
5348.83244 20.078 0.136
5349.74269 20.239 0.214
5350.72139 20.560 0.288
5351.87988 19.974 0.173
5352.87670 20.152 0.144
5353.80913 20.212 0.123
5354.82027 20.967 0.318
5355.74797 20.110 0.143
5357.74968 20.185 0.178
5359.72539 20.203 0.163
5361.67206 20.885 0.395
5365.57357 20.036 0.154
5368.61788 20.650 0.272
5376.63535 21.224 0.568
5376.82991 20.399 0.300
5377.76231 20.451 0.200
5378.67056 20.381 0.158
5379.49405 20.631 0.310
5379.79771 20.681 0.261
5380.50549 20.014 0.171
5380.68903 20.151 0.119
5381.54189 20.435 0.251
5381.75541 20.825 0.425
5382.63044 21.370 0.704
5382.83829 20.551 0.392
5385.84017 20.330 0.144
5386.54328 20.430 0.209
5386.62481 20.409 0.183
5386.70924 20.705 0.254
5387.47420 20.025 0.131
5387.83989 20.690 0.240
5388.79449 20.796 0.239
5389.72690 20.303 0.187
5390.67562 20.453 0.311
5391.53543 20.446 0.310
5392.47253 18.012 0.033
5392.80257 17.976 0.021
5393.77901 18.560 0.044
5396.72691 20.338 0.193
5396.76167 20.017 0.100
5403.51064 20.094 0.137
5403.70349 20.580 0.215
5404.57420 20.290 0.196
5404.77923 20.284 0.186
5405.78679 19.926 0.122
5408.57107 20.021 0.167
5408.76377 20.077 0.196
5409.76598 20.241 0.206
5410.77026 19.936 0.133
5411.78138 20.525 0.302
5413.77484 21.212 0.478
5416.62009 20.765 0.339
5418.68732 20.282 0.185
5421.70071 20.127 0.130
5423.51824 20.142 0.107
5426.54436 19.854 0.136
5430.61510 20.383 0.233
5431.61255 20.206 0.179
5432.62812 21.266 0.645
5434.58057 20.644 0.271
5435.54996 20.336 0.195
5436.64960 20.596 0.216
5438.64172 20.788 0.251
5439.64631 20.477 0.249
5443.66488 20.709 0.272
5445.48157 20.254 0.154
5446.57760 21.197 0.441
5447.61120 20.233 0.128
5449.51803 20.400 0.230
5450.60697 20.556 0.296
5453.54658 20.254 0.256
5457.61847 20.403 0.176
5459.51026 20.429 0.220
5460.52982 20.312 0.207
5461.55637 20.035 0.266
5462.61273 20.206 0.208
5465.55923 21.053 0.690
5469.55378 20.727 0.219
5471.58905 20.195 0.146
5473.51918 20.582 0.286
5478.51272 20.556 0.239
5480.56120 20.059 0.162
5485.55362 20.450 0.265
5487.54664 20.265 0.218
5497.54122 20.341 0.250
5620.87761 19.932 0.156
5621.89990 19.950 0.137
5624.89109 20.283 0.127
5626.86230 19.846 0.114
5628.82173 19.987 0.133
5629.84838 20.274 0.170
5631.87767 20.267 0.150
5633.83165 20.262 0.149
5635.86454 20.252 0.183
5637.90728 20.385 0.264
5638.86534 20.163 0.154
5639.81887 20.161 0.189
5639.89448 20.096 0.135
5640.81567 20.505 0.281
5640.90366 20.573 0.219
5641.81188 20.461 0.237
5642.77228 20.578 0.365
5642.89303 19.901 0.131
5643.79819 19.885 0.142
5643.89890 20.081 0.118
5644.80448 20.134 0.203
5647.75607 20.087 0.162
5647.79291 20.210 0.167
5647.82912 20.211 0.185
5647.86134 20.182 0.157
5647.91273 20.064 0.222
5648.81224 20.220 0.147
5648.89948 20.323 0.165
5649.79470 20.090 0.113
5649.90064 20.283 0.143
5650.78661 20.163 0.122
5650.89826 20.523 0.225
5651.81089 20.470 0.188
5652.74834 20.344 0.154
5652.85208 20.312 0.137
5653.90734 20.297 0.098
5654.82992 20.315 0.138
5655.74350 20.233 0.173
5655.82054 20.451 0.179
5656.77084 20.081 0.121
5656.85656 20.428 0.126
5657.81777 20.291 0.110
5657.90794 20.330 0.123
5658.81411 20.449 0.191
5658.91253 20.962 0.313
5659.76539 20.079 0.115
5659.84365 20.378 0.184
5660.72994 20.539 0.236
5660.82063 20.260 0.142
5662.72900 19.863 0.159
5662.83112 20.217 0.155
5662.91125 21.038 0.303
5664.77511 20.079 0.160
5664.87562 20.187 0.196
5665.75614 20.094 0.174
5665.86607 20.032 0.133
5667.77476 20.603 0.226
5668.76428 20.424 0.270
5669.77703 20.006 0.133
5670.75158 20.905 0.389
5671.73348 19.832 0.128
5675.81320 20.277 0.191
5676.73965 20.204 0.095
5676.92879 19.911 0.114
5677.88056 20.220 0.118
5679.79244 20.121 0.151
5680.68599 20.371 0.210
5680.86928 20.417 0.142
5681.75390 20.552 0.173
5682.66374 20.896 0.356
5682.88441 20.225 0.123
5683.81802 20.185 0.100
5684.73223 20.185 0.134
5684.93309 20.542 0.273
5685.90395 20.235 0.110
5686.81506 20.265 0.118
5687.70221 20.296 0.226
5688.87160 19.477 0.069
5689.81686 20.004 0.092
5690.80920 19.986 0.123
5691.74767 20.237 0.165
5692.64058 20.517 0.394
5692.82221 20.252 0.161
5693.64912 20.819 0.303
5693.84431 20.316 0.134
5694.66120 19.927 0.124
5694.85237 20.069 0.102
5695.68374 19.951 0.156
5695.89199 20.462 0.148
5696.71798 20.063 0.126
5697.72434 20.354 0.183
5697.88893 20.210 0.146
5698.72276 20.534 0.299
5698.88359 20.597 0.281
5703.84997 20.397 0.309
5705.87380 20.342 0.254
5706.80870 20.365 0.264
5707.69906 20.155 0.160
5707.85639 19.831 0.122
5708.68065 21.159 0.375
5708.86566 20.811 0.436
5710.78800 19.899 0.120
5712.76538 20.605 0.179
5713.77415 20.145 0.106
5714.69187 20.498 0.180
5715.71530 20.294 0.131
5715.90503 20.229 0.184
5716.78912 20.701 0.230
5721.63436 20.245 0.171
5721.87221 20.401 0.186
5722.70127 20.028 0.120
5723.58722 20.059 0.142
5723.76487 20.308 0.142
5724.58615 20.003 0.176
5724.60037 20.023 0.176
5724.61296 19.960 0.175
5724.81594 20.365 0.191
5725.74052 20.584 0.177
5726.63998 20.051 0.156
5726.81274 20.504 0.261
5734.79714 20.279 0.180
5735.63986 20.668 0.364
5735.65702 20.340 0.216
5735.68600 20.254 0.179
5735.70329 20.338 0.195
5735.72537 20.310 0.162
5735.74576 20.303 0.153
5735.76478 20.050 0.117
5735.78298 20.767 0.264
5735.79763 20.498 0.207
5735.81254 20.339 0.158
5735.82915 20.354 0.184
5735.84446 20.801 0.351
5735.85934 20.669 0.259
5735.87410 20.218 0.216
5735.88895 20.729 0.342
5736.61246 20.195 0.107
5736.62670 20.222 0.099
5736.64183 20.152 0.121
5736.66093 19.984 0.087
5736.68210 20.208 0.099
5736.69770 20.202 0.091
5736.70584 20.051 0.084
5736.71883 19.977 0.089
5736.72816 20.235 0.108
5736.73719 20.145 0.095
5736.74569 20.194 0.114
5736.75407 20.170 0.114
5736.76830 19.989 0.090
5736.77813 20.312 0.122
5736.78569 20.346 0.133
5736.79354 20.133 0.107
5736.80131 20.347 0.156
5736.80927 20.457 0.162
5736.81718 20.520 0.163
5736.82511 20.355 0.153
5736.83273 20.286 0.134
5736.84067 20.471 0.155
5736.84841 20.422 0.168
5736.85642 19.974 0.102
5736.86402 20.166 0.126
5736.87326 20.173 0.133
5736.88088 20.512 0.233
5736.88747 20.850 0.295
5736.89518 20.417 0.179
5736.90163 20.379 0.227
5737.51550 20.179 0.194
5737.56812 20.377 0.164
5737.62879 20.451 0.133
5737.67263 20.104 0.085
5737.74424 20.293 0.104
5737.79758 20.366 0.149
5737.85285 20.125 0.131
5738.71342 20.174 0.104
5739.58227 20.606 0.260
5739.76849 20.277 0.140
5740.56291 20.895 0.402
5740.76703 20.329 0.157
5741.53687 20.121 0.149
5741.71921 20.184 0.126
5741.87536 20.324 0.141
5742.64170 20.201 0.130
5742.80880 20.046 0.093
5743.68366 21.039 0.347
5743.85745 20.593 0.279
5744.61602 18.580 0.049
5744.84122 18.154 0.030
5745.61588 18.382 0.037
5745.79104 18.609 0.056
5746.63662 19.032 0.051
5746.82305 19.397 0.110
5747.72162 20.092 0.201
5749.50346 20.383 0.321
5749.66871 19.969 0.141
5752.54778 20.134 0.233
5753.62749 20.569 0.487
5759.84180 20.511 0.365
5760.63035 20.140 0.182
5760.80231 20.483 0.219
5762.50237 20.339 0.205
5762.66020 20.549 0.232
5763.53510 20.199 0.121
5763.72464 20.432 0.197
5764.53977 20.255 0.136
5764.71836 20.175 0.117
5765.60417 20.159 0.101
5766.47160 20.051 0.166
5766.65519 20.208 0.122
5767.53187 20.323 0.208
5767.74165 20.511 0.230
5768.59013 20.337 0.151
5768.76928 20.511 0.202
5769.62516 20.493 0.166
5770.67039 20.509 0.242
5776.54203 20.358 0.270
5777.48182 19.894 0.140
5777.70890 20.215 0.125
5778.61133 20.184 0.202
5779.74442 20.639 0.242
5785.58202 20.154 0.218
5786.49515 19.790 0.187
5786.71458 20.592 0.319
5787.56420 20.163 0.149
5787.73941 20.881 0.411
5788.65251 20.486 0.228
5790.53916 20.102 0.136
5790.71157 20.004 0.152
5793.55833 20.032 0.127
5793.71857 20.174 0.183
5794.63094 19.903 0.129
5795.64408 20.593 0.241
5796.61274 20.388 0.178
5801.53498 20.146 0.173
5801.69369 20.176 0.209
5804.50688 20.464 0.170
5804.68021 20.411 0.190
5805.64409 20.319 0.186
5807.59529 20.544 0.342
5812.58006 21.302 0.762
5813.56537 20.370 0.184
5815.53342 20.151 0.130
5816.50478 19.739 0.097
5817.50594 20.241 0.154
5818.48518 20.945 0.351
5819.48523 20.250 0.187
5819.65720 20.831 0.357
5820.63469 20.415 0.278
5823.50527 21.674 0.991
5823.59209 20.619 0.289
5824.53096 20.670 0.236
5824.61139 20.367 0.204
5825.54048 20.251 0.167
5825.62919 21.638 0.560
5826.55911 21.633 0.682
5827.49838 21.377 0.800
5827.57889 20.271 0.197
5828.50954 20.387 0.186
5828.58708 20.380 0.184
5829.52227 20.280 0.168
5829.59848 20.428 0.156
5830.53543 20.259 0.144
5831.49269 20.227 0.147
5831.58268 21.008 0.287
5832.52868 20.451 0.166
5832.60655 21.133 0.498
5833.56612 20.914 0.269
5834.52575 20.223 0.136
5834.59969 19.955 0.112
5836.50935 20.794 0.393
5836.57440 20.592 0.288
5839.52907 19.982 0.261
5839.59839 21.248 0.866
5840.57163 20.160 0.164
5841.50247 19.806 0.186
5841.58556 20.677 0.363
5842.54848 19.999 0.204
5843.50085 19.972 0.172
5843.58838 20.067 0.299
5844.52972 20.093 0.211
5845.49066 19.833 0.185
5845.57038 20.368 0.284
5850.55658 19.846 0.124
5851.51981 20.356 0.209
5852.55093 20.539 0.322
5854.54196 20.128 0.205
5855.52875 20.512 0.294
5856.53034 20.139 0.247
5858.50172 19.921 0.271
5859.54615 20.361 0.260
5861.51875 20.104 0.167
5866.51847 20.480 0.486
5867.52198 20.208 0.210
5868.52297 20.060 0.257
5869.51390 20.107 0.222
5870.51955 19.756 0.118
5971.89203 19.937 0.196
5976.90008 20.410 0.236
5977.89416 19.995 0.140
5979.84870 20.761 0.277
5980.85263 20.720 0.407
5982.85701 20.487 0.194
5983.85992 20.351 0.145
5984.85344 20.060 0.109
5985.83732 20.519 0.248
5986.82190 19.983 0.158
5986.90458 20.628 0.314
5987.87181 20.079 0.122
5988.86164 20.073 0.137
5989.84228 20.519 0.231
5990.81204 20.107 0.178
5990.89124 20.121 0.135
5991.86524 20.220 0.125
5992.84186 20.268 0.154
5993.82388 20.436 0.287
5994.80517 19.870 0.148
5994.88124 20.850 0.377
5995.81317 20.099 0.145
5995.89548 20.448 0.184
5996.83750 20.551 0.208
5997.79536 20.404 0.229
5997.87975 20.016 0.120
5998.82073 20.067 0.134
5998.91002 19.985 0.124
5999.85316 20.256 0.146
6003.83213 20.748 0.427
6004.77340 20.654 0.303
6004.86978 20.015 0.115
6005.78839 20.269 0.157
6005.89531 20.001 0.070
6006.80671 20.067 0.103
6006.90470 20.175 0.111
6007.81710 19.858 0.089
6007.90317 20.258 0.113
6008.80210 20.305 0.162
6008.89798 20.562 0.199
6009.81241 20.401 0.136
6009.89825 20.400 0.133
6010.79603 20.274 0.124
6010.89311 20.211 0.092
6011.78467 20.156 0.138
6011.89897 20.231 0.181
6012.79998 20.403 0.161
6012.89647 20.259 0.089
6013.79341 20.011 0.112
6013.89565 20.137 0.100
6014.77038 20.170 0.112
6014.86921 20.080 0.147
6015.74835 19.851 0.100
6015.82558 20.250 0.096
6015.91672 20.104 0.130
6016.80882 20.256 0.127
6016.91196 20.484 0.131
6017.79461 20.105 0.095
6017.89145 20.061 0.078
6018.78349 20.218 0.148
6018.86263 20.134 0.127
6019.76172 20.545 0.264
6019.85813 20.118 0.093
6020.71650 20.106 0.196
6020.81134 20.548 0.161
6020.88881 20.145 0.098
6021.74908 20.269 0.174
6021.82676 19.959 0.086
6021.92551 20.191 0.209
6022.77490 20.004 0.113
6022.87069 19.841 0.094
6023.73064 20.029 0.175
6023.81116 20.093 0.127
6023.91627 20.537 0.230
6024.76818 20.480 0.220
6024.87189 20.386 0.149
6025.74295 20.370 0.253
6025.82303 20.121 0.152
6026.71632 19.519 0.189
6031.84935 20.208 0.135
6032.78605 20.217 0.143
6033.71065 19.907 0.147
6033.91155 20.342 0.194
6034.86207 20.018 0.093
6034.90002 20.087 0.117
6036.75826 20.285 0.132
6037.74256 20.055 0.151
6038.71051 20.507 0.290
6038.90187 20.214 0.135
6039.89738 20.109 0.121
6040.88413 20.145 0.132
6041.70728 19.824 0.133
6041.76213 20.302 0.183
6041.82314 20.317 0.164
6041.88115 20.231 0.118
6046.88054 20.081 0.125
6047.77372 20.195 0.105
6048.71344 20.098 0.124
6048.90389 20.668 0.242
6049.83392 19.841 0.065
6050.71033 20.315 0.216
6050.89900 19.998 0.109
6052.70750 19.755 0.126
6052.88434 20.149 0.135
6053.73873 20.098 0.128
6053.93185 20.092 0.209
6058.77078 19.963 0.101
6059.67102 20.569 0.228
6059.84806 19.888 0.087
6061.72614 19.957 0.114
6061.90388 20.161 0.169
6062.77473 19.979 0.120
6063.74518 20.623 0.354
6063.94098 20.371 0.274
6064.87178 20.101 0.135
6065.70051 20.187 0.123
6066.63913 20.121 0.129
6066.81949 20.272 0.155
6067.62338 20.166 0.142
6067.80230 19.998 0.110
6068.61823 20.151 0.157
6068.84185 20.276 0.115
6069.77225 20.219 0.108
6070.58987 19.748 0.152
6070.74436 20.111 0.107
6071.72057 19.849 0.087
6071.89990 19.015 0.049
6075.70351 20.054 0.127
6076.57693 20.879 0.346
6076.76047 20.059 0.105
6076.93327 20.435 0.215
6077.87452 20.463 0.180
6078.67478 20.491 0.185
6078.86051 20.020 0.091
6079.65210 20.063 0.106
6079.85554 19.945 0.086
6080.62253 20.231 0.201
6080.79002 19.950 0.109
6081.58022 19.621 0.139
6081.74299 19.961 0.131
6081.92841 20.514 0.309
6082.73906 19.730 0.184
6082.87034 20.558 0.312
6085.57528 19.963 0.201
6085.74824 20.196 0.170
6086.68127 20.458 0.171
6086.87238 20.097 0.167
6087.77143 20.144 0.139
6088.62666 20.151 0.118
6089.73006 20.155 0.124
6092.58674 20.342 0.199
6092.86304 20.007 0.134
6093.65706 20.173 0.132
6093.85819 20.314 0.186
6094.71773 20.511 0.196
6094.89301 20.582 0.321
6096.72452 20.304 0.181
6096.73733 20.264 0.193
6096.89761 20.078 0.212
6097.82873 20.304 0.178
6098.62421 19.911 0.130
6098.80398 20.151 0.146
6099.75325 20.057 0.180
6100.65069 20.245 0.132
6100.83811 20.064 0.164
6101.60263 20.100 0.137
6101.78101 19.967 0.097
6102.56642 20.351 0.205
6102.74202 20.357 0.128
6103.50461 19.910 0.158
6103.67038 20.214 0.116
6104.50673 20.132 0.159
6104.65483 20.241 0.124
6104.81549 20.404 0.131
6105.56949 20.750 0.296
6105.76151 20.490 0.203
6108.57052 20.315 0.169
6108.75635 20.076 0.117
6109.74419 20.087 0.164
6109.84389 20.110 0.176
6113.54969 19.958 0.185
6113.71177 19.759 0.109
6114.56255 19.772 0.182
6114.73411 20.062 0.133
6115.49818 20.302 0.185
6115.68674 19.852 0.132
6116.53716 20.269 0.152
6116.71606 20.336 0.145
6117.51739 20.114 0.141
6117.69528 20.326 0.177
6117.84838 20.589 0.244
6118.64239 20.133 0.114
6118.81008 21.061 0.301
6119.59756 20.046 0.116
6119.75307 20.335 0.191
6120.62933 20.204 0.151
6120.80589 20.565 0.211
6121.60603 20.341 0.116
6121.76078 20.521 0.120
6123.65222 20.220 0.135
6123.80976 20.544 0.190
6124.65810 20.302 0.150
6124.81994 20.082 0.155
6125.65887 21.226 0.418
6125.82964 20.800 0.336
6126.69228 20.182 0.129
6127.56600 20.460 0.254
6128.58332 20.201 0.121
6130.71791 20.332 0.199
6131.66457 20.036 0.099
6131.73302 20.309 0.151
6133.64117 20.771 0.294
6134.55236 20.341 0.220
6135.52103 20.095 0.159
6135.63210 21.073 0.578
6135.74394 20.309 0.154
6136.67174 20.404 0.177
6140.52187 20.059 0.225
6140.70160 20.196 0.249
6141.54706 20.167 0.169
6141.72361 20.437 0.273
6148.53651 20.119 0.100
6149.56154 20.406 0.171
6150.58989 20.855 0.391
6151.58251 20.369 0.216
6151.74189 21.314 0.429
6152.64339 20.518 0.183
6154.59038 19.992 0.156
6157.72097 20.066 0.186
6158.65870 20.302 0.172
6159.57936 20.195 0.167
6160.57926 20.518 0.174
6161.68122 19.947 0.144
6164.65279 21.173 0.455
6168.66298 20.163 0.142
6169.63603 20.158 0.160
6171.60034 20.421 0.177
6172.55970 20.249 0.135
6175.52183 20.318 0.180
6179.48542 20.618 0.299
6179.66819 21.172 0.568
6180.65320 21.037 0.483
6181.61705 20.606 0.192
6182.63054 20.085 0.139
6184.53048 20.073 0.117
6185.62879 20.111 0.124
6190.49117 20.072 0.169
6191.54566 20.121 0.164
6195.51955 19.502 0.083
6195.59885 19.831 0.112
6196.51864 21.103 0.429
6196.59795 20.232 0.172
6197.52029 19.885 0.131
6197.59968 20.216 0.246
6200.62340 20.434 0.345
6202.57995 20.108 0.270
6203.57188 20.687 0.366
6204.52535 19.862 0.127
6204.60179 19.857 0.138
6205.54827 19.920 0.108
6210.51919 20.409 0.187
6210.59649 21.326 0.497
6211.55045 20.376 0.166
6212.54589 20.620 0.213
6213.49677 21.060 0.470
6213.57392 19.918 0.144
6214.55724 20.128 0.160
6216.55564 20.334 0.172
6217.51143 20.103 0.123
6217.58636 20.568 0.194
6218.56288 20.442 0.244
6223.54882 19.995 0.172
6233.50557 20.144 0.269
6234.54523 20.285 0.233
6239.52917 20.327 0.248
6334.86072 17.874 0.023
6335.84968 17.745 0.020
6337.89027 18.071 0.024
6338.87006 18.034 0.022
6339.89332 18.061 0.026
6341.86838 18.234 0.035
6344.84605 18.546 0.031
6345.86489 18.811 0.044
6347.86813 19.983 0.117
6348.86477 20.231 0.147
6349.87020 19.636 0.099
6350.88340 19.315 0.067
6352.88109 20.076 0.114
6353.85671 20.155 0.141
6354.87467 19.890 0.102
6358.87618 19.731 0.108
6360.87066 19.978 0.093
6361.84611 19.725 0.092
6362.81912 19.863 0.108
6362.88273 20.078 0.124
6363.84142 20.638 0.193
6367.85899 20.152 0.096
6368.79527 20.394 0.155
6368.88832 20.063 0.104
6369.82713 20.043 0.105
6370.78300 20.179 0.154
6370.87353 20.112 0.114
6371.79488 19.842 0.086
6371.88269 20.337 0.106
6372.78756 20.001 0.122
6372.87642 19.908 0.082
6373.80436 19.963 0.122
6373.89335 20.219 0.140
6374.82010 20.031 0.113
6374.90135 20.093 0.112
6375.81708 20.398 0.138
6375.83535 20.364 0.136
6375.91623 20.399 0.147
6376.83139 20.262 0.146
6376.91314 20.173 0.109
6377.84331 20.371 0.115
6378.75072 20.308 0.193
6378.83857 20.043 0.092
6378.91968 20.098 0.145
6379.82521 20.336 0.158
6379.91053 20.232 0.128
6380.83960 19.857 0.090
6381.75312 20.180 0.156
6381.84686 20.027 0.086
6382.75091 20.365 0.252
6382.83113 20.408 0.217
6386.74655 19.820 0.160
6386.84142 20.315 0.160
6387.73171 20.066 0.132
6387.81817 19.970 0.091
6387.89888 20.312 0.155
6388.73531 20.190 0.168
6388.83693 20.596 0.175
6389.73363 19.875 0.131
6389.82711 20.039 0.113
6389.90967 21.060 0.311
6390.77172 20.381 0.155
6390.85799 20.372 0.137
6391.76715 20.663 0.270
6393.76802 20.354 0.180
6394.72219 20.726 0.340
6394.92607 20.117 0.146
6395.86320 20.027 0.085
6396.82077 20.775 0.173
6397.76244 20.125 0.092
6397.92663 19.802 0.120
6398.85851 19.962 0.101
6399.76311 20.424 0.164
6400.73190 20.445 0.160
6401.70112 19.955 0.146
6401.87613 20.385 0.138
6402.79248 20.528 0.223
6403.71084 20.135 0.118
6403.87467 20.097 0.127
6404.73515 20.290 0.147
6404.81915 20.099 0.109
6404.92878 19.789 0.124
6405.82232 18.531 0.037
6406.84080 18.903 0.087
6407.76502 19.886 0.101
6408.71654 19.750 0.206
6409.81066 20.052 0.223
6415.77641 20.084 0.140
6416.65847 19.972 0.132
6416.87040 20.132 0.128
6417.76694 21.175 0.482
6418.64137 19.980 0.137
6418.78888 20.298 0.129
6419.67713 20.152 0.137
6419.85365 20.594 0.207
6420.70473 20.356 0.121
6420.87763 20.256 0.105
6421.92096 20.427 0.198
6422.91344 20.846 0.481
6423.83021 19.909 0.110
6424.66957 20.303 0.155
6424.86411 19.960 0.090
6426.76440 20.118 0.111
6427.92854 20.181 0.166
6428.75084 20.146 0.149
6428.93862 20.082 0.208
6431.74935 20.582 0.186
6431.92387 20.103 0.171
6432.78265 20.171 0.144
6432.94741 20.673 0.639
6433.77008 19.882 0.113
6434.67084 19.918 0.128
6434.85527 20.048 0.143
6435.70193 20.016 0.116
6435.89068 20.041 0.120
6436.69000 20.060 0.137
6436.87931 20.195 0.159
6437.81494 19.993 0.206
6441.69872 21.084 0.443
6441.72768 20.376 0.226
6441.91806 20.739 0.406
6442.69270 20.072 0.116
6442.87674 20.226 0.133
6443.65173 19.744 0.113
6443.85792 20.224 0.230
6444.72260 19.874 0.132
6444.89846 20.514 0.200
6445.71717 20.063 0.128
6445.91438 20.726 0.309
6446.69722 19.799 0.074
6446.90341 20.335 0.148
6447.66147 20.082 0.122
6447.84879 20.153 0.124
6448.61151 20.125 0.142
6448.79590 20.376 0.148
6449.57318 19.875 0.131
6449.74705 20.111 0.135
6449.92194 20.430 0.259
6450.69715 20.080 0.096
6450.87526 20.113 0.121
6451.63699 20.324 0.173
6451.82235 20.343 0.174
6452.59777 19.948 0.093
6452.83580 20.046 0.094
6454.61055 19.794 0.101
6454.79520 20.142 0.140
6455.56777 20.441 0.200
6456.57676 20.034 0.079
6456.76323 20.164 0.102
6457.72541 20.019 0.086
6457.90039 20.905 0.254
6458.68407 19.837 0.102
6458.86915 20.021 0.122
6459.63818 20.105 0.110
6459.82796 20.319 0.137
6460.66892 20.100 0.109
6461.58493 20.150 0.137
6461.79049 20.387 0.168
6462.65392 20.086 0.130
6463.53035 19.853 0.205
6463.70620 19.880 0.104
6463.88196 20.614 0.221
6464.70397 19.783 0.119
6464.88922 20.412 0.229
6469.58405 19.959 0.145
6469.77153 20.412 0.190
6471.78789 19.459 0.154
6472.76360 20.005 0.125
6473.53825 19.813 0.146
6473.72463 20.539 0.176
6473.88187 20.086 0.172
6474.65421 20.708 0.253
6474.83968 20.609 0.302
6475.63503 19.921 0.092
6475.81767 20.118 0.144
6476.58334 20.400 0.190
6476.77180 20.326 0.136
6477.57700 19.706 0.096
6477.76485 19.992 0.149
6478.61383 20.257 0.151
6479.69098 20.721 0.294
6480.59059 20.121 0.141
6480.77447 21.337 0.411
6481.58574 20.317 0.177
6484.49692 18.823 0.048
6485.56335 20.060 0.150
6485.79359 20.195 0.151
6486.53031 19.910 0.125
6486.74016 21.198 0.356
6487.53018 20.245 0.157
6487.73299 20.440 0.135
6489.56806 20.925 0.404
6490.59302 20.027 0.105
6490.79785 20.110 0.119
6491.67073 20.340 0.203
6492.48776 20.630 0.344
6496.51617 20.102 0.280
6497.59943 20.060 0.185
6497.78420 20.454 0.296
6498.62013 20.423 0.166
6498.79381 21.276 0.506
6501.57503 20.117 0.146
6501.76655 20.595 0.291
6505.49090 20.582 0.262
6505.70840 20.209 0.171
6506.60419 20.113 0.210
6507.68672 20.018 0.194
6508.60593 19.944 0.106
6509.51031 20.592 0.155
6509.69657 20.193 0.103
6510.58544 20.180 0.102
6511.49279 20.081 0.143
6511.74202 20.958 0.289
6514.64221 20.218 0.128
6515.59640 20.280 0.131
6516.57549 20.476 0.226
6518.60112 20.182 0.118
6519.55315 19.801 0.081
6523.49145 20.441 0.244
6523.64637 20.023 0.147
6524.58758 20.331 0.158
6525.58916 19.835 0.171
6527.57999 20.111 0.235
6529.65552 20.158 0.215
6531.64798 21.113 0.446
6532.64003 20.740 0.233
6534.51013 20.454 0.217
6535.59035 21.052 0.503
6538.53128 20.165 0.124
6539.58371 20.167 0.137
6541.59313 20.405 0.146
6543.64424 21.177 0.339
6545.54456 19.920 0.086
6546.57894 20.017 0.182
6551.59138 20.402 0.317
6555.65435 20.607 0.315
6558.63705 20.310 0.210
6560.54192 20.143 0.142
6562.50101 20.128 0.160
6563.56053 20.289 0.207
6564.49111 20.482 0.329
6564.58447 20.502 0.239
6565.55226 20.836 0.265
6567.53754 20.345 0.263
6568.53488 20.651 0.377
6569.48521 20.425 0.227
6569.57774 21.112 0.328
6570.55560 21.310 0.422
6571.56366 20.772 0.312
6572.52316 21.231 0.506
6573.48743 20.344 0.220
6573.57696 20.084 0.141
6577.55703 20.161 0.320
6578.53906 20.639 0.305
6579.50774 19.975 0.155
6580.52814 20.377 0.291
6581.56353 20.461 0.225
6582.57411 20.146 0.162
6583.55613 20.838 0.445
6585.55955 20.205 0.246
6590.53689 20.418 0.287
6590.56233 21.279 0.762
6593.52764 21.442 0.638
6595.52777 20.981 0.485
