2127.49565 17.845 0.029
2130.52846 17.874 0.020
2133.54262 17.879 0.020
2136.66381 17.827 0.024
2141.65460 17.813 0.030
2165.57705 17.803 0.025
2171.64410 17.807 0.023
2179.53444 17.868 0.028
2189.52945 17.736 0.030
2212.55423 17.903 0.035
2214.51151 17.786 0.036
2337.84145 17.843 0.023
2352.85895 17.854 0.024
2361.85339 17.771 0.024
2373.80823 17.806 0.024
2384.84405 17.846 0.021
2388.84339 17.824 0.020
2390.88173 17.859 0.025
2393.87561 17.787 0.029
2400.82300 17.812 0.020
2402.92970 17.780 0.024
2406.87246 17.825 0.026
2411.73050 17.868 0.022
2415.90578 17.837 0.028
2417.87656 17.877 0.024
2425.90846 17.805 0.037
2428.88663 17.823 0.027
2434.80322 17.852 0.020
2436.85190 17.888 0.024
2438.83573 17.793 0.021
2441.78809 17.839 0.021
2445.70924 17.837 0.022
2448.74151 17.779 0.044
2454.76825 17.815 0.027
2460.73548 17.729 0.027
2463.61888 17.835 0.020
2466.59210 17.827 0.020
2468.77661 17.839 0.022
2470.76057 17.797 0.020
2472.79611 17.784 0.015
2481.63307 17.730 0.030
2484.69524 17.766 0.024
2493.71576 17.776 0.021
2496.56174 17.798 0.016
2498.59980 17.831 0.016
2500.62592 17.826 0.019
2502.64412 17.842 0.024
2510.54368 17.910 0.033
2516.50448 17.743 0.026
2517.55138 17.735 0.027
2520.66012 17.828 0.023
2529.52661 17.797 0.020
2538.57584 17.805 0.027
2542.56481 17.856 0.021
2548.53002 17.771 0.025
2552.56739 17.839 0.029
2557.53164 17.806 0.024
2561.52758 17.781 0.032
2562.48403 17.748 0.044
2563.49391 17.837 0.024
2568.56213 17.760 0.039
2708.87957 17.710 0.021
2719.88576 17.836 0.022
2729.91124 17.842 0.024
2734.88479 17.799 0.019
2747.76893 17.799 0.030
2754.77918 17.777 0.022
2757.84421 17.846 0.023
2763.79735 17.828 0.020
2767.88963 17.774 0.027
2775.79511 17.817 0.029
2776.75000 17.811 0.037
2783.88411 17.828 0.022
2785.75049 17.833 0.024
2788.62996 17.831 0.025
2790.77632 17.839 0.021
2793.70303 17.814 0.024
2795.66295 17.885 0.020
2797.67411 17.835 0.018
2809.79421 17.783 0.023
2811.71467 17.814 0.025
2812.84395 17.801 0.025
2813.88768 17.799 0.026
2815.86846 17.847 0.028
2817.76696 17.817 0.021
2819.67734 17.820 0.019
2821.72652 17.745 0.023
2830.69877 17.727 0.032
2835.70827 17.848 0.023
2837.71870 17.724 0.034
2839.77846 17.821 0.027
2841.79962 17.750 0.023
2843.72693 17.797 0.023
2845.71658 17.819 0.021
2850.61264 17.815 0.018
2852.62393 17.740 0.026
2854.62098 17.808 0.024
2857.52773 17.859 0.022
2858.73999 17.866 0.023
2862.65105 17.773 0.027
2865.63116 17.867 0.020
2868.62744 17.838 0.021
2871.70814 17.755 0.022
2876.70912 17.816 0.023
2879.67446 17.779 0.026
2884.70566 17.767 0.026
2893.58209 17.822 0.020
2895.60942 17.825 0.020
2900.52370 17.831 0.026
2905.65640 17.744 0.033
2911.57765 17.796 0.022
2921.52732 17.803 0.028
2931.57837 17.828 0.025
3052.88814 17.853 0.023
3059.87409 17.833 0.022
3064.88542 17.827 0.024
3068.83848 17.818 0.025
3071.89106 17.842 0.022
3073.90018 17.860 0.022
3077.79032 17.784 0.060
3080.83946 17.864 0.024
3083.78574 17.817 0.018
3085.89759 17.882 0.019
3087.83221 17.855 0.021
3089.84893 17.831 0.017
3091.85000 17.832 0.022
3097.83259 17.851 0.020
3099.85861 17.788 0.024
3101.82789 17.805 0.023
3102.86024 17.784 0.021
3104.77585 17.761 0.039
3106.92243 17.928 0.027
3108.81256 17.813 0.018
3109.92653 17.857 0.025
3110.90241 17.828 0.020
3112.85940 17.885 0.019
3114.85437 17.863 0.019
3116.84198 17.850 0.023
3122.85783 17.721 0.026
3125.91495 17.752 0.026
3126.81146 17.825 0.019
3127.89749 17.805 0.022
3128.88679 17.773 0.025
3130.76434 17.795 0.024
3131.62966 17.739 0.038
3134.89977 17.795 0.051
3135.78467 17.808 0.019
3137.83662 17.828 0.026
3138.72181 17.843 0.023
3140.69356 17.867 0.022
3140.92737 17.780 0.023
3141.75867 17.755 0.020
3142.83294 17.788 0.019
3144.85089 17.857 0.020
3146.91731 17.888 0.019
3147.93377 17.805 0.025
3151.82491 17.783 0.024
3152.82461 17.788 0.021
3153.82314 17.801 0.024
3154.91702 17.819 0.029
3157.89711 17.839 0.026
3158.70962 17.812 0.032
3162.86093 17.819 0.023
3163.82327 17.788 0.019
3164.80900 17.885 0.021
3164.91645 17.789 0.026
3165.66225 17.847 0.017
3167.67182 17.251 0.018
3168.82211 17.879 0.020
3169.84805 17.792 0.023
3170.87758 17.817 0.019
3171.72383 17.860 0.018
3172.52259 17.824 0.026
3172.61567 17.815 0.017
3172.71308 17.815 0.017
3172.81478 17.803 0.020
3173.70096 17.775 0.022
3173.76190 17.798 0.021
3173.80931 17.809 0.022
3173.82742 17.855 0.023
3174.50662 17.817 0.027
3174.60169 17.808 0.019
3174.77657 17.865 0.020
3175.53540 17.800 0.025
3175.85752 17.861 0.023
3176.53947 17.722 0.030
3176.69324 17.717 0.023
3177.69649 17.799 0.029
3177.79406 17.799 0.029
3177.83316 17.734 0.028
3178.55267 17.739 0.027
3179.57604 17.895 0.021
3179.87786 17.832 0.023
3180.79441 17.861 0.017
3182.85468 17.854 0.021
3183.81047 17.764 0.025
3184.76909 17.808 0.019
3185.62396 17.797 0.018
3193.61924 17.841 0.018
3194.51893 17.798 0.027
3194.80968 17.829 0.019
3195.74280 17.847 0.018
3196.59569 17.788 0.021
3196.83849 17.863 0.023
3197.78419 17.850 0.023
3199.78072 17.767 0.024
3201.82790 17.828 0.025
3202.77527 17.849 0.020
3203.60440 17.813 0.015
3204.75245 17.822 0.019
3205.68278 17.841 0.017
3206.78926 17.810 0.029
3210.56634 17.808 0.025
3211.74628 17.768 0.024
3217.72217 17.758 0.023
3218.77328 17.795 0.037
3223.72223 17.780 0.025
3224.76673 17.786 0.026
3226.71413 17.615 0.026
3228.68774 17.835 0.024
3229.71850 17.884 0.024
3230.73439 17.847 0.023
3231.67917 17.800 0.026
3232.67712 17.723 0.028
3238.68621 17.808 0.026
3240.53539 17.854 0.021
3241.71904 17.770 0.028
3245.64803 17.797 0.027
3247.50933 17.806 0.021
3249.62173 17.849 0.024
3251.52475 17.795 0.026
3254.60630 17.710 0.024
3257.54428 17.817 0.017
3260.58975 17.605 0.025
3265.54270 17.836 0.024
3267.60095 17.796 0.023
3273.49998 17.644 0.031
3277.51932 17.911 0.028
3280.52020 17.713 0.026
3282.59092 17.787 0.017
3289.52505 17.833 0.027
3294.52033 18.001 0.023
3296.51944 17.929 0.027
3302.51662 17.736 0.030
3418.85924 17.835 0.022
3423.88730 17.836 0.016
3427.84100 17.811 0.025
3430.82643 17.760 0.022
3436.87304 17.811 0.024
3443.84416 17.803 0.017
3445.87263 17.821 0.016
3447.91700 17.816 0.027
3450.79660 17.772 0.016
3453.84001 17.803 0.023
3455.90554 17.836 0.023
3458.87526 17.815 0.020
3459.89046 17.816 0.019
3468.87393 17.803 0.019
3469.87662 17.849 0.016
3472.86155 17.829 0.017
3474.79515 17.767 0.020
3476.77170 17.812 0.016
3478.86709 17.772 0.017
3480.88273 17.735 0.019
3483.81761 17.804 0.019
3496.91098 17.856 0.025
3497.89795 17.857 0.020
3500.90701 17.732 0.020
3502.89125 17.807 0.018
3503.87209 17.925 0.019
3506.93149 17.840 0.021
3508.90884 17.766 0.025
3509.89166 17.823 0.018
3511.91520 17.828 0.019
3512.90508 17.798 0.021
3520.66733 17.823 0.022
3521.79806 17.777 0.019
3522.86571 17.770 0.022
3524.85695 17.867 0.020
3527.64025 17.814 0.019
3527.72571 17.842 0.015
3528.88462 17.765 0.025
3529.92342 17.835 0.021
3530.86293 17.822 0.015
3530.89431 17.814 0.017
3538.85245 17.841 0.021
3541.88661 17.845 0.023
3544.88404 17.807 0.028
3547.85144 17.845 0.024
3550.82826 17.946 0.021
3551.84026 17.779 0.018
3552.83563 17.782 0.023
3554.83862 17.711 0.027
3556.84669 17.700 0.026
3558.62361 17.776 0.017
3559.63200 17.808 0.017
3560.70840 17.730 0.017
3561.61561 17.736 0.017
3562.66300 17.840 0.018
3563.72768 17.803 0.018
3569.65563 17.800 0.035
3573.78606 17.783 0.025
3574.75829 17.806 0.023
3575.70023 17.848 0.017
3576.76686 17.805 0.023
3578.74131 17.834 0.018
3579.68987 17.848 0.018
3580.73644 17.748 0.022
3581.73939 17.834 0.021
3582.68833 17.787 0.016
3583.70651 17.809 0.019
3584.71045 17.713 0.015
3585.70903 17.807 0.015
3586.76310 17.795 0.017
3589.75258 17.818 0.021
3590.47630 17.811 0.020
3590.56090 17.827 0.018
3590.63980 17.855 0.019
3590.74876 17.817 0.023
3591.48938 17.807 0.018
3591.54463 17.877 0.015
3591.64243 17.824 0.015
3591.73037 17.830 0.018
3591.76513 17.796 0.019
3592.47507 17.837 0.022
3592.54263 17.802 0.016
3592.65952 17.812 0.015
3592.70158 17.822 0.016
3593.46870 17.682 0.017
3593.51878 17.842 0.016
3593.54768 17.840 0.019
3594.50613 17.712 0.022
3594.58876 17.816 0.015
3594.66518 17.829 0.018
3594.74891 17.854 0.024
3602.72532 17.888 0.032
3603.72031 17.822 0.025
3607.70426 17.841 0.025
3608.69694 17.796 0.019
3615.65464 17.751 0.021
3617.61627 17.685 0.020
3619.61338 17.776 0.019
3621.65508 17.805 0.021
3629.53930 17.843 0.018
3631.56816 17.814 0.026
3633.59313 17.652 0.027
3640.52651 17.824 0.023
3644.60236 17.820 0.023
3649.57835 17.760 0.022
3652.55227 17.726 0.027
3656.54506 17.781 0.026
3660.54926 17.863 0.030
3665.53208 17.803 0.026
3670.52218 17.794 0.032
3778.84179 17.798 0.029
3783.88067 17.852 0.018
3785.89164 17.794 0.021
3788.89567 17.813 0.025
3792.88584 17.833 0.018
3794.88497 17.870 0.018
3796.87675 17.833 0.023
3797.87640 17.826 0.018
3800.85744 17.790 0.023
3802.80437 17.829 0.020
3803.83697 17.826 0.020
3804.88413 17.789 0.020
3806.89666 17.819 0.018
3808.88163 17.800 0.018
3810.79763 17.872 0.027
3812.78379 17.817 0.025
3814.77468 17.787 0.023
3818.83961 17.837 0.020
3819.89904 17.861 0.016
3820.89128 17.834 0.017
3821.90263 17.825 0.017
3822.91448 17.829 0.019
3824.90953 17.760 0.023
3825.90160 17.856 0.020
3826.92506 17.847 0.026
3827.90077 17.799 0.016
3828.91288 17.819 0.019
3829.90877 17.830 0.017
3830.87520 17.799 0.019
3832.90298 17.815 0.019
3833.89138 17.824 0.017
3834.81658 17.787 0.016
3835.86899 17.837 0.016
3836.87847 17.797 0.019
3837.85723 17.829 0.018
3838.86137 17.848 0.020
3839.88043 17.813 0.027
3840.86443 17.807 0.019
3841.84779 17.837 0.020
3842.76163 17.803 0.021
3842.92265 17.883 0.034
3845.85215 17.752 0.025
3846.85608 17.854 0.017
3847.89796 17.743 0.023
3848.87166 17.722 0.020
3849.90089 17.799 0.020
3850.82094 17.808 0.020
3851.82723 17.740 0.022
3852.81934 17.817 0.019
3853.80864 17.816 0.017
3856.79727 17.817 0.020
3858.86130 17.791 0.018
3860.85266 17.766 0.025
3861.86794 17.830 0.018
3862.81112 17.842 0.016
3863.78935 17.780 0.017
3864.81327 17.850 0.016
3865.77557 17.825 0.021
3866.74073 17.822 0.018
3867.74809 17.779 0.021
3868.74348 17.807 0.025
3869.72522 17.834 0.024
3873.72870 17.817 0.021
3874.77549 17.846 0.023
3875.75815 17.853 0.016
3877.71710 17.791 0.019
3880.78384 17.900 0.019
3881.79241 17.812 0.016
3882.72736 17.828 0.021
3883.77914 17.791 0.022
3886.74272 17.883 0.021
3887.72247 17.784 0.015
3889.88422 17.836 0.020
3891.61586 17.679 0.024
3892.75150 17.853 0.018
3893.78234 17.739 0.024
3894.81936 17.758 0.024
3896.76979 17.834 0.030
3900.66654 17.835 0.028
3901.67206 17.819 0.021
3902.68960 17.837 0.019
3903.83060 17.832 0.021
3904.66945 17.831 0.015
3905.68013 17.856 0.017
3906.65796 17.814 0.019
3907.72400 17.653 0.025
3908.66393 17.816 0.015
3909.66205 17.827 0.015
3912.66614 17.844 0.014
3913.66633 17.891 0.017
3914.71409 17.784 0.016
3915.66320 17.820 0.016
3916.74494 17.874 0.024
3917.76212 17.922 0.024
3918.76244 17.849 0.018
3919.69260 17.856 0.015
3920.64629 17.788 0.020
3921.65476 17.587 0.023
3930.71641 17.799 0.018
3931.63261 17.725 0.020
3932.59646 17.895 0.017
3933.64366 17.853 0.015
3934.61038 17.822 0.016
3934.81553 17.828 0.024
3935.59135 17.819 0.018
3936.57641 17.765 0.021
3937.65522 17.829 0.019
3938.62066 17.796 0.017
3940.76546 17.867 0.016
3942.51366 17.774 0.025
3944.48380 17.798 0.019
3944.60196 17.873 0.020
3944.70185 17.810 0.016
3944.77866 17.691 0.021
3945.47758 17.883 0.025
3945.60032 17.727 0.023
3945.68179 17.809 0.017
3945.77077 17.848 0.023
3946.48332 17.798 0.023
3946.64859 17.815 0.018
3946.69595 17.799 0.020
3946.74700 17.835 0.021
3946.76234 17.792 0.021
3946.78180 17.756 0.023
3950.66410 17.890 0.019
3951.67490 17.729 0.024
3959.63573 17.903 0.021
3960.62684 17.878 0.017
3963.63222 17.765 0.017
3964.66836 17.852 0.017
3965.64324 17.859 0.017
3966.63770 17.820 0.018
3967.66113 17.796 0.017
3968.62064 17.803 0.020
3969.63112 17.705 0.021
3970.63787 17.773 0.020
3971.66923 17.789 0.018
3973.69743 17.832 0.024
3974.63498 17.829 0.021
3975.62757 17.825 0.020
3976.62150 17.854 0.022
3979.65669 17.760 0.024
3982.68940 17.705 0.038
3986.67001 17.862 0.031
3987.61878 17.910 0.022
3988.65091 17.863 0.021
3989.56905 17.762 0.023
3991.57048 17.598 0.025
3995.51831 17.860 0.019
4001.58864 17.809 0.020
4002.62425 17.910 0.023
4003.57872 17.872 0.018
4011.56205 17.715 0.027
4015.59100 17.721 0.030
4017.56470 17.762 0.023
4019.57288 17.818 0.025
4023.55563 17.831 0.033
4025.50718 17.887 0.023
4027.51495 17.788 0.024
4030.50698 17.798 0.026
4151.89739 17.796 0.032
4155.86138 17.806 0.024
4158.82316 17.814 0.025
4160.88649 17.722 0.029
4162.87389 17.830 0.027
4165.85830 17.845 0.030
4167.85122 17.634 0.031
4169.85357 17.843 0.022
4174.86764 17.856 0.022
4176.84492 17.812 0.022
4177.90182 17.844 0.021
4179.79613 17.806 0.022
4180.86469 17.807 0.024
4182.77304 17.834 0.020
4183.81000 17.793 0.022
4185.78575 17.832 0.023
4190.88378 17.871 0.021
4192.88800 17.848 0.021
4193.89901 17.827 0.021
4196.87864 17.861 0.022
4202.89028 17.852 0.020
4203.87844 17.864 0.019
4204.88526 17.880 0.019
4205.87407 17.810 0.020
4207.89799 17.888 0.021
4208.90749 17.772 0.022
4213.87900 17.818 0.015
4215.91313 17.817 0.020
4216.83760 17.821 0.022
4217.85986 17.858 0.017
4218.90422 17.840 0.020
4220.88835 17.712 0.029
4222.84806 17.847 0.021
4228.85203 17.831 0.027
4229.81745 17.840 0.022
4230.79860 17.841 0.018
4231.84091 17.796 0.021
4232.86186 17.662 0.028
4234.79655 17.822 0.020
4234.83402 17.828 0.020
4235.82043 17.846 0.020
4237.63729 17.802 0.029
4238.82500 17.738 0.026
4240.61871 17.696 0.030
4243.87130 17.823 0.027
4244.87805 17.785 0.025
4244.88690 17.832 0.026
4244.90986 17.824 0.024
4245.91247 17.798 0.025
4246.92536 17.762 0.028
4247.58247 17.894 0.021
4250.91170 17.885 0.033
4256.81003 17.829 0.027
4257.69393 17.793 0.026
4258.79685 17.847 0.024
4268.57791 17.765 0.027
4269.71771 17.827 0.019
4272.63956 17.858 0.020
4273.68700 17.814 0.022
4274.67084 17.838 0.023
4275.72764 17.824 0.024
4277.56851 17.828 0.028
4278.70160 17.790 0.026
4283.64864 17.820 0.021
4284.63007 17.762 0.023
4285.63707 17.757 0.026
4286.73081 17.844 0.032
4289.68052 17.800 0.027
4290.75972 17.709 0.027
4291.75793 17.840 0.028
4292.61548 17.825 0.019
4293.64323 17.835 0.018
4294.68447 17.816 0.023
4295.64448 17.866 0.020
4296.62364 17.834 0.018
4297.55518 17.814 0.019
4298.78668 17.828 0.026
4299.75684 17.860 0.018
4300.68683 17.784 0.021
4301.55613 17.832 0.019
4302.79007 17.763 0.023
4306.54712 17.682 0.030
4307.56874 17.802 0.020
4311.58964 17.796 0.030
4312.65689 17.870 0.020
4317.64398 17.810 0.024
4319.65293 17.781 0.024
4326.66214 17.827 0.022
4327.69730 17.770 0.027
4328.63210 17.733 0.021
4329.62334 17.805 0.025
4330.63675 17.809 0.021
4331.63216 17.838 0.023
4332.68684 17.854 0.026
4333.63595 17.712 0.026
4334.64942 17.852 0.038
4338.66904 17.911 0.033
4339.63902 17.870 0.027
4340.70219 17.816 0.031
4341.67975 17.821 0.031
4342.68006 17.847 0.027
4343.64988 17.830 0.025
4345.64977 17.714 0.029
4346.65493 17.676 0.027
4347.66905 17.830 0.025
4349.64410 17.856 0.023
4350.66865 17.790 0.024
4351.63955 17.861 0.024
4354.64828 17.778 0.025
4357.58636 17.790 0.025
4359.55986 17.859 0.025
4365.60127 17.844 0.031
4368.60432 17.737 0.033
4370.55994 17.837 0.020
4372.59278 17.867 0.022
4377.55349 17.812 0.025
4381.59586 17.729 0.032
4515.89691 17.751 0.027
4520.87591 17.801 0.028
4523.85945 17.803 0.028
4525.85417 17.759 0.032
4532.88233 17.882 0.024
4534.90343 17.850 0.027
4537.79446 17.765 0.026
4538.90786 17.836 0.026
4539.79925 17.834 0.023
4541.83113 17.789 0.022
4543.82084 17.862 0.020
4544.81773 17.822 0.023
4545.83522 17.612 0.017
4547.80908 17.858 0.022
4550.80809 17.870 0.027
4552.79811 17.798 0.025
4556.88987 17.828 0.018
4557.91554 17.865 0.018
4558.88206 17.808 0.020
4559.87998 17.778 0.018
4560.88017 17.796 0.018
4561.86921 17.833 0.017
4564.87334 17.830 0.017
4565.86301 17.841 0.016
4566.86421 17.856 0.017
4567.86979 17.894 0.018
4568.90174 17.873 0.019
4569.88496 17.835 0.022
4570.89350 17.839 0.020
4571.85524 17.846 0.018
4572.89360 17.843 0.024
4573.86884 17.821 0.018
4574.87738 17.835 0.021
4575.88560 17.868 0.020
4583.85207 17.798 0.025
4585.84261 17.849 0.021
4586.86139 17.776 0.021
4587.87329 17.592 0.025
4588.76348 17.578 0.017
4589.73285 17.428 0.015
4590.81249 17.378 0.014
4591.72531 17.405 0.014
4592.79888 17.419 0.018
4593.78431 17.559 0.016
4594.81267 17.679 0.017
4595.80350 17.702 0.017
4596.75916 17.759 0.017
4597.82097 17.791 0.020
4598.79048 17.824 0.016
4599.76971 17.814 0.018
4600.79209 17.852 0.016
4601.78069 17.866 0.018
4602.78434 17.844 0.017
4606.83803 17.870 0.023
4611.76180 17.853 0.025
4616.75394 17.855 0.019
4616.93984 17.804 0.032
4618.65835 17.840 0.023
4622.73708 17.785 0.021
4623.81014 17.822 0.024
4624.74889 17.775 0.021
4625.73186 17.730 0.022
4626.79394 17.824 0.024
4627.71116 17.853 0.017
4628.70002 17.830 0.019
4629.76952 17.860 0.019
4630.70872 17.850 0.019
4631.72398 17.833 0.016
4632.75844 17.860 0.019
4633.89389 17.873 0.035
4639.84655 17.818 0.035
4640.85099 17.723 0.030
4641.88858 17.842 0.032
4642.53441 17.837 0.029
4643.69084 17.833 0.022
4644.78095 17.799 0.021
4645.69330 17.783 0.020
4646.66051 17.842 0.018
4647.68190 17.805 0.020
4649.66701 17.812 0.020
4650.70505 17.854 0.021
4651.70570 17.809 0.021
4652.63826 17.838 0.020
4653.63322 17.839 0.019
4654.67025 17.768 0.024
4655.64148 17.810 0.017
4656.63760 17.805 0.022
4658.79484 17.684 0.029
4661.62725 17.832 0.019
4666.49847 17.843 0.032
4670.72996 17.843 0.026
4671.68356 17.841 0.021
4672.64334 17.716 0.022
4674.67125 17.779 0.023
4677.71546 17.843 0.022
4679.68836 17.632 0.023
4681.69936 17.816 0.024
4682.69700 17.835 0.020
4683.65302 17.793 0.023
4684.67178 17.735 0.023
4684.76497 17.882 0.024
4685.69761 17.764 0.021
4686.77018 17.796 0.021
4687.68588 17.788 0.025
4688.63175 17.827 0.021
4694.71588 17.789 0.035
4697.64066 17.852 0.028
4698.65874 17.885 0.027
4700.65398 17.802 0.022
4701.63729 17.909 0.024
4702.65173 17.835 0.025
4708.67338 17.817 0.024
4715.63444 17.736 0.027
4720.64013 17.945 0.045
4721.64758 17.666 0.030
4722.63814 17.814 0.029
4725.61102 17.833 0.030
4726.63929 17.800 0.028
4733.60033 17.800 0.027
4739.49311 17.776 0.026
4750.54244 17.749 0.030
4757.54931 17.800 0.023
4763.52559 17.808 0.025
4876.89322 17.780 0.031
4883.87946 17.714 0.026
4886.84618 17.785 0.022
4890.81867 17.795 0.023
4894.86965 17.825 0.024
4898.86295 17.841 0.020
4900.84843 17.838 0.022
4901.90003 17.815 0.019
4902.82566 17.830 0.020
4903.88831 17.819 0.020
4904.85382 17.831 0.022
4906.90686 17.791 0.025
4911.88902 17.851 0.017
4913.90242 17.870 0.020
4924.89748 17.769 0.019
4926.74825 17.819 0.022
4928.80420 17.768 0.023
4930.73965 17.829 0.022
4931.88181 17.828 0.022
4932.78967 17.857 0.019
4933.73390 17.828 0.025
4934.83549 17.773 0.021
4938.84399 17.781 0.023
4940.78873 17.769 0.020
4941.84056 17.784 0.021
4942.86599 17.769 0.019
4943.72317 17.824 0.018
4944.78805 17.790 0.018
4949.80252 17.822 0.018
4951.82746 17.806 0.025
4953.73207 17.790 0.019
4954.84958 17.876 0.021
5260.89027 17.935 0.019
5261.82120 17.910 0.024
5262.85878 17.884 0.056
5265.87731 17.918 0.022
5266.82356 17.953 0.024
5267.85080 17.898 0.024
5268.85321 17.907 0.020
5269.81691 17.919 0.018
5270.82255 17.900 0.020
5271.81811 17.934 0.020
5272.82322 17.887 0.021
5273.80823 17.912 0.022
5274.82678 17.948 0.019
5275.81307 17.935 0.025
5276.79124 17.918 0.023
5277.84729 17.917 0.024
5278.82334 17.927 0.025
5279.82460 17.963 0.026
5280.83122 17.921 0.017
5281.81116 17.898 0.019
5282.83390 17.929 0.020
5283.79392 17.902 0.025
5283.88535 17.894 0.019
5284.79960 17.866 0.023
5285.79039 17.962 0.026
5285.92090 17.897 0.031
5286.80608 17.868 0.031
5287.85925 17.931 0.021
5288.78461 17.870 0.022
5289.83650 17.952 0.026
5293.86445 17.905 0.020
5294.82506 17.909 0.016
5295.82831 17.913 0.018
5296.86758 17.908 0.015
5297.90376 17.898 0.018
5299.73660 17.947 0.018
5300.84535 17.887 0.017
5301.85368 17.890 0.022
5306.83919 17.884 0.015
5307.83931 17.922 0.017
5308.82888 17.880 0.016
5309.88375 17.947 0.017
5310.89210 17.937 0.018
5312.74868 17.932 0.024
5313.78510 17.883 0.028
5314.71320 17.903 0.033
5314.92484 17.892 0.024
5315.85362 17.767 0.022
5316.80893 17.697 0.030
5320.64373 17.372 0.017
5320.85038 17.345 0.015
5321.79364 17.388 0.014
5323.67997 17.598 0.018
5323.90434 17.543 0.017
5324.83776 17.686 0.020
5325.75113 17.705 0.017
5326.63688 17.835 0.027
5326.87775 17.830 0.019
5327.82564 17.826 0.020
5328.75488 17.825 0.014
5329.70974 17.848 0.020
5334.87669 17.898 0.022
5335.84238 17.879 0.021
5336.93766 17.866 0.023
5337.93889 17.924 0.030
5339.69722 17.875 0.025
5340.65590 17.931 0.030
5340.91432 17.931 0.045
5341.84556 17.913 0.023
5342.67295 17.914 0.028
5342.86909 17.894 0.030
5343.69309 17.872 0.025
5343.89936 17.896 0.026
5348.83393 17.964 0.025
5349.74420 17.912 0.025
5350.72288 17.870 0.024
5351.88138 17.916 0.025
5352.88763 17.917 0.024
5353.81064 17.883 0.018
5354.83158 17.939 0.021
5355.76331 17.915 0.024
5357.76403 17.903 0.025
5359.72690 17.894 0.023
5361.67357 17.932 0.030
5364.52608 17.886 0.029
5365.58836 17.913 0.025
5368.61938 17.948 0.025
5376.64646 17.884 0.031
5376.84084 17.874 0.028
5377.53555 17.964 0.029
5377.77833 17.908 0.022
5378.68572 17.921 0.018
5379.49555 17.984 0.028
5379.80889 17.921 0.021
5380.50697 17.959 0.025
5380.70100 17.911 0.018
5381.55286 17.896 0.023
5381.76664 17.981 0.035
5382.64127 17.912 0.026
5383.69506 17.940 0.035
5383.75328 17.893 0.028
5385.85119 17.906 0.018
5386.54536 17.918 0.024
5386.62688 17.930 0.023
5386.71130 17.914 0.022
5387.50714 17.897 0.016
5388.47095 17.910 0.034
5388.81084 17.901 0.021
5389.76036 17.951 0.031
5390.68664 17.907 0.026
5391.54635 17.934 0.027
5392.48358 17.925 0.027
5392.81350 17.877 0.019
5393.79019 17.909 0.028
5396.77285 17.916 0.022
5403.52165 17.909 0.020
5403.71750 17.899 0.022
5404.58551 17.952 0.026
5404.79033 17.849 0.024
5405.79786 17.906 0.027
5407.65467 17.950 0.032
5408.58240 17.904 0.026
5408.77473 17.973 0.037
5409.77688 17.926 0.023
5410.78124 17.894 0.022
5412.51490 17.872 0.023
5412.73709 17.929 0.027
5414.47641 17.923 0.022
5416.63397 17.927 0.024
5418.70080 17.912 0.022
5421.71698 17.921 0.026
5423.52981 17.904 0.016
5426.54585 17.901 0.022
5430.61661 17.911 0.026
5431.61405 17.949 0.026
5432.62962 17.890 0.031
5434.58206 17.949 0.025
5435.55145 17.939 0.025
5436.65110 17.917 0.020
5438.64321 17.926 0.021
5439.64780 17.942 0.027
5443.66638 17.939 0.024
5445.48308 17.871 0.019
5446.57910 17.940 0.023
5447.61271 17.908 0.018
5449.51954 17.932 0.024
5450.60848 17.916 0.026
5453.58388 17.903 0.024
5458.47990 17.920 0.030
5459.52592 17.948 0.025
5460.54117 17.895 0.031
5461.56815 17.847 0.041
5463.49102 17.893 0.024
5464.48329 17.906 0.030
5465.56072 17.928 0.033
5469.55528 17.912 0.021
5471.59056 17.955 0.021
5473.52069 17.971 0.029
5478.51421 17.939 0.022
5480.56271 17.969 0.027
5485.56320 17.947 0.030
5487.54814 17.956 0.026
5489.55102 17.968 0.037
5494.51930 17.945 0.041
5497.54274 17.921 0.029
5620.87911 17.845 0.025
5621.90142 17.855 0.025
5624.89257 17.909 0.018
5626.86381 17.909 0.021
5628.82323 17.944 0.022
5629.84991 17.879 0.024
5631.87920 17.876 0.018
5633.83317 17.940 0.020
5635.86604 17.952 0.026
5637.90880 17.965 0.029
5638.86686 17.931 0.024
5639.82039 17.936 0.025
5639.89597 17.921 0.021
5640.81718 17.903 0.028
5640.90517 17.901 0.021
5641.82548 17.862 0.021
5641.86366 17.897 0.021
5642.78541 17.881 0.024
5642.90749 17.960 0.029
5643.80943 17.899 0.023
5643.91041 17.919 0.023
5644.81959 17.961 0.038
5647.75398 17.971 0.025
5647.79442 17.895 0.022
5647.83101 17.858 0.031
5647.86284 17.864 0.020
5647.91425 17.815 0.036
5648.82619 17.868 0.018
5648.91372 17.833 0.026
5649.80917 17.889 0.017
5649.91191 17.885 0.021
5650.82151 17.884 0.017
5650.91444 17.896 0.021
5651.82263 17.931 0.020
5652.75966 17.894 0.019
5652.86485 17.880 0.017
5653.92019 17.923 0.019
5654.84122 17.917 0.019
5655.75532 17.966 0.023
5655.83163 17.880 0.017
5656.78624 17.928 0.020
5656.87422 17.905 0.017
5657.83117 17.904 0.016
5657.92105 17.929 0.022
5658.84409 17.901 0.019
5658.92361 17.983 0.043
5659.77636 17.930 0.021
5659.85892 17.887 0.026
5660.74572 17.972 0.024
5660.83191 17.933 0.018
5662.74080 17.930 0.024
5662.84226 17.917 0.022
5662.92235 17.904 0.020
5664.78756 17.868 0.026
5664.89024 17.903 0.025
5665.76741 18.017 0.036
5665.88509 17.928 0.016
5667.78940 17.907 0.018
5668.78034 17.960 0.027
5669.79038 17.940 0.020
5670.76488 17.883 0.022
5671.74633 17.840 0.022
5675.83329 17.948 0.030
5676.75233 17.903 0.014
5677.70470 17.901 0.021
5677.89334 17.901 0.016
5679.80609 18.026 0.024
5680.69856 17.947 0.028
5680.88360 17.866 0.016
5681.76697 17.937 0.019
5682.67623 17.928 0.025
5682.89768 17.877 0.017
5683.83394 17.901 0.015
5684.74535 17.875 0.016
5685.65791 17.834 0.023
5685.91796 17.884 0.017
5686.83583 17.881 0.018
5687.71702 17.881 0.022
5688.88511 17.907 0.018
5690.63216 17.831 0.018
5690.82275 17.890 0.021
5691.76105 17.915 0.021
5692.65277 17.875 0.030
5692.83481 17.910 0.019
5693.66159 17.888 0.022
5693.85681 17.855 0.016
5694.67283 17.907 0.020
5694.86483 17.919 0.020
5695.69633 17.914 0.023
5695.90444 17.911 0.017
5696.73160 17.914 0.021
5696.90588 17.916 0.019
5697.73686 17.916 0.023
5697.90161 17.907 0.019
5698.73752 17.901 0.029
5698.89623 17.879 0.028
5703.86874 17.984 0.044
5705.88866 17.954 0.031
5706.84468 17.903 0.029
5707.71190 17.916 0.020
5707.87068 17.922 0.021
5708.69328 17.884 0.019
5708.88283 17.912 0.032
5711.69787 17.901 0.016
5712.77966 17.892 0.017
5714.85852 17.918 0.021
5715.73347 17.862 0.016
5715.91973 17.922 0.024
5716.80238 17.911 0.022
5721.65219 17.917 0.022
5721.88506 17.965 0.025
5722.71484 17.909 0.020
5723.60994 17.898 0.020
5723.77747 17.903 0.019
5724.62559 17.953 0.030
5724.63810 17.903 0.030
5724.82841 17.922 0.024
5725.75329 17.938 0.018
5726.65265 17.908 0.028
5734.59930 17.966 0.037
5734.81249 17.960 0.030
5735.75844 17.895 0.020
5736.51139 18.009 0.035
5736.67668 17.879 0.016
5736.89820 17.863 0.021
5737.51044 17.990 0.033
5737.70007 17.906 0.014
5737.86821 17.911 0.020
5738.72614 17.908 0.015
5739.59500 17.912 0.021
5739.78122 17.934 0.021
5740.57591 17.894 0.029
5740.77950 17.939 0.019
5741.54949 17.982 0.022
5741.73224 17.946 0.019
5741.88871 17.882 0.018
5742.66487 17.917 0.015
5742.82142 17.943 0.016
5743.70892 17.895 0.022
5743.86996 17.966 0.027
5744.62867 17.880 0.020
5744.85450 17.898 0.023
5745.62871 17.920 0.026
5745.80363 17.916 0.025
5746.65183 17.903 0.023
5746.84372 17.856 0.028
5747.73616 17.969 0.029
5749.51615 17.925 0.035
5749.68189 17.864 0.026
5752.56026 17.886 0.027
5753.64608 17.919 0.027
5759.84329 17.936 0.036
5760.64430 17.915 0.026
5760.81487 17.885 0.027
5762.51488 17.894 0.022
5762.67291 17.925 0.022
5763.54920 17.921 0.017
5763.73716 17.923 0.024
5764.55287 17.897 0.020
5764.73631 17.927 0.018
5765.61897 17.871 0.017
5766.48441 17.905 0.023
5766.66832 17.911 0.018
5767.54714 17.921 0.026
5767.75508 17.926 0.026
5768.60511 17.879 0.019
5768.78207 17.900 0.018
5769.63799 17.895 0.015
5770.72706 17.926 0.023
5776.57654 17.925 0.028
5777.49601 17.894 0.019
5777.74761 17.901 0.020
5778.62566 17.900 0.027
5785.59387 17.942 0.028
5786.52478 17.927 0.033
5786.73078 17.867 0.027
5787.58037 17.948 0.022
5788.47557 18.001 0.033
5788.66611 17.948 0.031
5790.72407 17.905 0.026
5793.57114 17.941 0.022
5793.73516 17.884 0.026
5794.64629 17.922 0.023
5795.70003 17.916 0.023
5796.62595 17.875 0.019
5801.54795 17.930 0.026
5802.52393 17.950 0.027
5804.53210 17.905 0.020
5804.69267 17.955 0.024
5805.66196 17.926 0.023
5807.61042 17.927 0.031
5812.59288 17.844 0.033
5813.57818 17.886 0.021
5815.54620 17.902 0.020
5816.51746 17.906 0.020
5817.51866 17.857 0.019
5818.50950 17.921 0.024
5819.49778 17.964 0.025
5820.48636 17.980 0.033
5820.64738 17.889 0.026
5822.58642 17.951 0.024
5823.51814 17.997 0.039
5823.60507 17.969 0.025
5824.54205 17.915 0.021
5824.62256 17.966 0.023
5825.56007 17.848 0.022
5826.48297 17.872 0.029
5826.57033 17.964 0.028
5827.50930 18.024 0.040
5827.58979 17.953 0.028
5828.52255 17.902 0.019
5828.59806 17.926 0.020
5829.53346 17.895 0.020
5829.60942 17.888 0.019
5830.54657 17.880 0.018
5831.51863 17.856 0.017
5831.59356 17.890 0.020
5832.53965 17.899 0.018
5833.48607 17.912 0.032
5833.57729 17.874 0.021
5834.53678 17.867 0.017
5836.52036 17.987 0.031
5836.58391 17.863 0.024
5839.54128 17.954 0.038
5840.48562 17.823 0.035
5840.58709 17.919 0.025
5841.51367 17.891 0.030
5841.59627 17.978 0.033
5842.55980 17.884 0.030
5843.51724 17.930 0.026
5843.59855 17.813 0.028
5844.54100 17.914 0.027
5845.50190 17.868 0.031
5845.58206 17.861 0.034
5846.54378 17.980 0.036
5850.56776 17.894 0.021
5851.53093 17.884 0.024
5852.56065 17.937 0.038
5854.55176 17.935 0.031
5855.54009 17.953 0.030
5856.54592 17.863 0.027
5859.54767 17.874 0.028
5861.52025 17.805 0.022
5862.52769 17.949 0.025
5866.51998 17.868 0.040
5867.52349 17.950 0.028
5868.52450 17.792 0.032
5869.51542 17.946 0.030
5870.52107 17.909 0.022
5972.87853 17.912 0.022
5977.85534 17.937 0.026
5978.85405 17.907 0.023
5979.84375 17.827 0.023
5980.86362 17.890 0.029
5982.86820 17.895 0.019
5983.86142 17.889 0.016
5984.85496 17.905 0.017
5985.83883 17.926 0.026
5986.82339 17.951 0.023
5986.90608 17.851 0.027
5987.87332 17.875 0.019
5988.86316 17.905 0.020
5989.84378 17.901 0.023
5990.81355 17.993 0.023
5990.89273 17.881 0.020
5991.86675 17.889 0.017
5992.84337 17.906 0.019
5993.82537 18.025 0.031
5994.80670 17.928 0.026
5994.88440 17.968 0.023
5995.81469 17.858 0.021
5995.89700 17.880 0.019
5996.83901 17.951 0.021
5997.79688 17.945 0.026
5997.88127 17.956 0.018
5998.82223 17.886 0.021
5998.91155 17.881 0.022
5999.85468 17.898 0.020
6003.82684 18.013 0.036
6004.77491 17.855 0.024
6004.87131 17.880 0.019
6005.78991 17.930 0.019
6005.89681 17.915 0.013
6006.82707 17.926 0.016
6006.91569 17.914 0.018
6007.82845 17.911 0.019
6007.91433 17.907 0.018
6008.82226 17.897 0.018
6008.90987 17.890 0.022
6009.82488 17.920 0.016
6009.90931 17.906 0.018
6010.81659 17.899 0.016
6010.90414 17.888 0.014
6011.79664 17.901 0.021
6011.91029 17.862 0.022
6012.81153 17.955 0.019
6012.90773 17.906 0.012
6013.80543 17.871 0.018
6013.90819 17.931 0.015
6014.78176 17.933 0.018
6014.88054 17.962 0.025
6015.75971 17.929 0.017
6016.73953 17.882 0.017
6016.81990 17.942 0.018
6017.72939 17.888 0.022
6017.80586 17.866 0.014
6017.90336 17.921 0.013
6018.79465 17.872 0.018
6018.87630 17.875 0.014
6019.77284 17.963 0.020
6019.86933 17.889 0.014
6020.72779 17.936 0.024
6020.82244 17.912 0.017
6020.90089 17.905 0.022
6021.75101 17.911 0.023
6021.82826 17.866 0.016
6021.92703 17.938 0.030
6022.77639 17.886 0.019
6022.87219 17.891 0.016
6023.73214 17.910 0.022
6023.81266 17.926 0.019
6023.91779 17.969 0.024
6024.76971 17.878 0.020
6024.87387 17.890 0.020
6025.75434 17.880 0.025
6025.84739 17.978 0.031
6026.72787 17.944 0.059
6031.86233 17.910 0.023
6032.80867 17.912 0.019
6033.72758 17.984 0.025
6033.92418 17.928 0.028
6034.91533 17.892 0.019
6036.77268 17.923 0.015
6037.75515 17.904 0.025
6038.72346 17.938 0.024
6038.92601 17.930 0.024
6039.91065 17.849 0.019
6040.89727 17.906 0.019
6041.83691 17.862 0.019
6046.89469 17.885 0.019
6047.78607 17.892 0.016
6048.72600 17.930 0.018
6048.91704 17.940 0.020
6049.84780 17.921 0.018
6050.72390 17.926 0.022
6050.91173 17.932 0.023
6052.73008 17.937 0.023
6052.89714 17.916 0.019
6053.76124 17.881 0.018
6054.86918 17.952 0.021
6058.78534 17.880 0.017
6059.68522 17.878 0.024
6059.86104 17.901 0.017
6061.73922 17.962 0.018
6061.91686 17.908 0.022
6062.79883 17.917 0.021
6063.77805 17.950 0.031
6064.66562 17.909 0.020
6064.88771 17.838 0.018
6065.71330 17.886 0.017
6066.65177 17.907 0.020
6066.83256 17.907 0.018
6067.63607 17.922 0.016
6067.81565 17.891 0.018
6068.60753 17.913 0.023
6068.61522 17.902 0.020
6068.63229 17.907 0.020
6068.65815 17.891 0.019
6068.67376 17.941 0.018
6068.69848 17.903 0.018
6068.72060 17.889 0.017
6068.74266 17.874 0.018
6068.76610 17.923 0.016
6068.77732 17.912 0.015
6068.80474 17.935 0.015
6068.81850 17.932 0.015
6068.83273 17.913 0.014
6068.84702 17.930 0.015
6068.86144 17.904 0.015
6068.87596 17.972 0.016
6068.89172 17.941 0.015
6068.90601 17.907 0.015
6068.92150 17.913 0.015
6068.94017 17.919 0.019
6069.61124 17.962 0.024
6069.69723 17.880 0.017
6069.78663 17.987 0.015
6069.86075 17.921 0.015
6070.60275 17.946 0.030
6070.67172 17.965 0.021
6070.76748 17.901 0.017
6070.84851 17.879 0.019
6070.93533 17.893 0.020
6071.59387 17.914 0.023
6071.66018 17.931 0.020
6071.73316 17.912 0.017
6071.82724 17.915 0.018
6071.91243 17.954 0.032
6075.60194 17.884 0.017
6075.71617 17.905 0.019
6076.58966 17.881 0.019
6076.66899 17.926 0.017
6076.77381 17.918 0.019
6076.94567 17.901 0.041
6077.70507 18.025 0.020
6077.80498 17.845 0.018
6077.89068 17.892 0.019
6078.68756 17.900 0.017
6078.78254 17.903 0.016
6078.87400 17.967 0.018
6079.59252 17.905 0.019
6079.66468 17.913 0.017
6079.76893 17.914 0.016
6079.86810 17.910 0.014
6080.63529 17.919 0.023
6080.71457 17.913 0.018
6080.80302 17.903 0.019
6080.89219 17.911 0.020
6081.59291 17.875 0.026
6081.64980 17.937 0.023
6081.75641 17.909 0.021
6081.84531 17.916 0.023
6081.94100 17.901 0.029
6082.59903 17.974 0.044
6082.67899 17.842 0.042
6082.78586 17.957 0.033
6082.85738 17.899 0.032
6085.58801 17.958 0.028
6085.76100 17.884 0.022
6085.91882 17.928 0.028
6086.69392 17.904 0.017
6086.88720 17.966 0.025
6087.78424 17.883 0.018
6088.63934 17.909 0.016
6089.74312 17.892 0.018
6092.59931 17.914 0.019
6092.87674 17.906 0.028
6093.66972 17.860 0.019
6093.87265 17.975 0.028
6094.73045 17.894 0.022
6094.90591 17.914 0.030
6096.75127 17.910 0.022
6096.90968 17.987 0.032
6097.84126 18.007 0.031
6098.63676 17.919 0.026
6098.81747 17.920 0.022
6099.78204 17.886 0.026
6100.67308 17.919 0.018
6100.85075 18.031 0.034
6101.61518 17.907 0.019
6101.79408 17.911 0.018
6102.58938 17.835 0.020
6102.75453 17.912 0.017
6103.50309 17.921 0.026
6103.68284 17.941 0.018
6104.50047 17.885 0.025
6104.66819 17.893 0.014
6104.83487 17.890 0.018
6105.58463 17.898 0.021
6105.77564 17.910 0.027
6108.58302 17.916 0.022
6108.76880 17.943 0.018
6109.55707 17.863 0.045
6109.69746 17.905 0.020
6109.75781 17.932 0.030
6109.83079 17.924 0.026
6113.56666 17.901 0.033
6113.72424 17.917 0.024
6114.57511 17.916 0.031
6114.74666 17.879 0.020
6115.51157 17.906 0.021
6115.69930 17.921 0.024
6116.55210 17.845 0.017
6116.73252 17.920 0.018
6117.52981 17.876 0.020
6117.70772 17.907 0.018
6118.48451 17.949 0.023
6118.66618 17.877 0.016
6118.82254 17.950 0.021
6119.60988 17.826 0.023
6119.76760 17.878 0.022
6120.65377 17.912 0.017
6120.82197 17.905 0.019
6121.62314 17.868 0.014
6121.77506 17.908 0.015
6123.66571 17.870 0.018
6123.82117 17.894 0.019
6124.67200 17.859 0.019
6124.83257 17.890 0.023
6125.67337 17.906 0.020
6126.49410 17.903 0.022
6126.70869 17.912 0.017
6127.62226 17.924 0.023
6128.60113 17.893 0.019
6130.74296 18.001 0.026
6131.67966 17.875 0.016
6131.74914 17.891 0.020
6132.74384 17.923 0.019
6133.66500 17.825 0.020
6134.56612 17.935 0.031
6135.53486 17.946 0.025
6135.75775 17.930 0.020
6136.70689 17.894 0.022
6140.53443 17.919 0.035
6140.71805 17.944 0.048
6141.55988 17.921 0.024
6141.73654 17.897 0.026
6142.64906 17.954 0.036
6147.62162 17.896 0.024
6148.56034 17.914 0.017
6149.58113 17.953 0.020
6150.60273 17.956 0.027
6151.75319 17.955 0.023
6152.65609 17.922 0.019
6154.61098 17.851 0.024
6158.48947 17.910 0.019
6158.67165 17.900 0.022
6159.59288 17.924 0.023
6160.59250 17.855 0.017
6161.49074 17.940 0.026
6161.69410 17.919 0.026
6164.68199 17.899 0.028
6168.67564 17.958 0.020
6169.65029 17.882 0.021
6171.61465 17.938 0.021
6172.57238 17.930 0.018
6175.53448 17.899 0.022
6179.50163 17.927 0.028
6180.49069 17.888 0.035
6180.66284 17.935 0.032
6181.62988 17.929 0.019
6182.64368 17.971 0.024
6184.55992 17.922 0.018
6185.64416 17.891 0.019
6190.50549 17.912 0.025
6191.55820 17.899 0.021
6195.52106 17.926 0.022
6195.60036 17.928 0.021
6196.52015 17.838 0.025
6196.59947 17.724 0.018
6197.52180 17.630 0.020
6197.60119 17.637 0.023
6199.53232 17.398 0.021
6200.62490 17.343 0.022
6202.58147 17.470 0.028
6203.58292 17.467 0.020
6204.53654 17.559 0.017
6204.61328 17.542 0.021
6205.55940 17.637 0.016
6209.56695 17.874 0.029
6210.53031 17.819 0.021
6210.60311 17.877 0.024
6211.56146 17.903 0.018
6211.59986 17.821 0.020
6212.55743 17.928 0.021
6213.50947 17.954 0.030
6213.57773 17.854 0.026
6214.56383 17.871 0.023
6216.56675 17.912 0.024
6217.51293 17.899 0.019
6218.49742 17.903 0.026
6218.57406 17.890 0.024
6219.50487 18.022 0.027
6223.55033 17.872 0.027
6233.52110 18.022 0.033
6334.86223 17.873 0.022
6335.85119 17.914 0.023
6337.89178 17.891 0.022
6338.87157 17.929 0.019
6340.84224 17.922 0.021
6341.87977 17.979 0.022
6343.84463 17.948 0.029
6344.84756 17.910 0.019
6345.86641 17.927 0.020
6347.86965 17.901 0.019
6348.86628 17.871 0.019
6349.87170 17.900 0.023
6352.88259 17.879 0.017
6353.85821 17.846 0.019
6354.87617 17.940 0.018
6360.79667 17.889 0.019
6360.88165 17.944 0.017
6361.85702 17.970 0.020
6362.80508 17.943 0.021
6362.89384 17.890 0.018
6363.86642 17.885 0.018
6367.87011 17.884 0.013
6368.80685 17.867 0.017
6368.89998 17.925 0.018
6369.82870 17.873 0.017
6370.78457 17.956 0.020
6370.87509 17.892 0.017
6371.79643 17.893 0.015
6371.88598 17.942 0.015
6372.78911 17.873 0.018
6372.87797 17.889 0.016
6373.80589 17.971 0.022
6373.89489 17.880 0.019
6374.82167 17.864 0.017
6374.90290 17.841 0.016
6375.81862 17.916 0.018
6375.83690 17.909 0.017
6375.91776 17.931 0.018
6376.83295 17.881 0.017
6376.91468 17.943 0.017
6377.84484 17.955 0.015
6378.75226 17.940 0.023
6378.84014 17.959 0.016
6379.74980 17.858 0.022
6379.83675 17.883 0.018
6379.92259 17.859 0.026
6380.84116 17.935 0.017
6381.75467 17.873 0.020
6381.84840 17.947 0.015
6382.83266 17.909 0.021
6386.74811 17.919 0.026
6386.84494 17.953 0.020
6387.74666 17.877 0.016
6387.82944 17.925 0.017
6387.91300 17.834 0.022
6388.74653 17.921 0.022
6388.85768 17.842 0.017
6388.87374 17.855 0.018
6389.73517 17.960 0.023
6389.82868 17.952 0.019
6389.91122 17.897 0.019
6390.78621 17.914 0.018
6391.78293 17.912 0.026
6393.78085 17.893 0.019
6394.73524 17.879 0.022
6395.70353 17.948 0.030
6395.87684 17.892 0.014
6396.83550 17.922 0.014
6397.77518 17.957 0.015
6398.69283 17.898 0.019
6398.87318 17.949 0.019
6399.78632 17.967 0.018
6400.69592 17.901 0.019
6400.70861 17.916 0.018
6400.72269 17.918 0.018
6400.73897 17.936 0.020
6400.75175 17.924 0.019
6400.76849 17.884 0.020
6400.78247 17.964 0.020
6400.78714 17.938 0.018
6400.78862 17.920 0.018
6400.79169 17.970 0.018
6400.79806 17.925 0.019
6400.80353 17.909 0.018
6400.80966 17.889 0.019
6400.82394 17.881 0.017
6400.84321 17.899 0.017
6400.85266 17.883 0.017
6400.86445 17.927 0.018
6400.87790 17.901 0.018
6400.89112 17.896 0.017
6400.90553 17.912 0.018
6400.92031 17.922 0.020
6401.71071 17.892 0.020
6401.85258 17.913 0.014
6401.88903 17.948 0.017
6402.81430 17.895 0.017
6403.72351 17.935 0.016
6403.90471 17.935 0.018
6404.83232 17.963 0.017
6405.81130 17.916 0.024
6405.82406 17.878 0.022
6406.85954 17.889 0.021
6407.77779 17.870 0.019
6408.72955 17.868 0.048
6409.82927 17.810 0.026
6415.79156 17.978 0.028
6416.67771 17.894 0.025
6416.89241 17.939 0.019
6417.77955 17.922 0.018
6418.65098 17.947 0.024
6418.80161 17.913 0.018
6419.69966 17.919 0.017
6419.86636 17.946 0.021
6420.71750 17.886 0.015
6420.90019 17.928 0.015
6421.93349 17.944 0.031
6422.93407 17.927 0.036
6423.84282 17.896 0.020
6424.68307 17.920 0.019
6424.87785 17.908 0.016
6426.77831 17.870 0.017
6427.93063 17.896 0.022
6428.77410 17.951 0.021
6431.77233 17.918 0.018
6431.93786 17.951 0.031
6432.79683 17.892 0.023
6433.60350 17.939 0.033
6433.78393 17.958 0.024
6434.68584 17.935 0.025
6434.86902 17.871 0.020
6435.71661 17.909 0.018
6435.90555 17.954 0.018
6436.70331 17.937 0.021
6436.89258 17.917 0.019
6437.82916 17.895 0.032
6441.70033 17.959 0.025
6441.74094 17.900 0.029
6441.93220 17.893 0.030
6442.71559 17.898 0.016
6442.89006 17.922 0.020
6443.65415 17.902 0.024
6443.87442 17.887 0.029
6444.72422 17.947 0.023
6444.91214 17.911 0.021
6445.73223 17.945 0.021
6445.92943 17.945 0.024
6446.71282 18.007 0.017
6446.91854 17.929 0.017
6447.67577 17.891 0.017
6447.86234 17.922 0.018
6448.62500 17.920 0.019
6448.81004 17.888 0.016
6449.58407 17.923 0.019
6449.77020 17.867 0.020
6449.93205 17.944 0.022
6450.71049 17.889 0.014
6450.85348 17.924 0.017
6450.88878 17.897 0.018
6450.91906 17.918 0.019
6451.55775 17.871 0.031
6451.58710 17.944 0.024
6451.65067 17.897 0.019
6451.68342 17.905 0.019
6451.74484 17.935 0.017
6451.83612 17.932 0.021
6451.88254 17.929 0.020
6452.61461 17.919 0.014
6452.84979 17.890 0.015
6454.62437 17.914 0.022
6454.80923 17.988 0.022
6455.58157 17.953 0.022
6456.59050 17.942 0.013
6456.77679 17.905 0.017
6457.74079 17.931 0.015
6457.91405 17.965 0.021
6458.70774 17.940 0.019
6458.88603 17.941 0.018
6459.65246 17.878 0.017
6459.84189 17.905 0.016
6460.69689 17.901 0.017
6461.59870 17.959 0.023
6461.80689 17.920 0.019
6462.66785 17.914 0.019
6463.53974 17.820 0.031
6463.72971 17.895 0.020
6463.89538 17.950 0.023
6464.72813 17.907 0.024
6468.53323 17.988 0.033
6468.72863 17.849 0.025
6469.59749 17.929 0.022
6469.78455 17.902 0.023
6471.80594 17.946 0.036
6472.77701 17.880 0.020
6473.55260 17.972 0.027
6473.73814 17.890 0.018
6474.49720 17.817 0.031
6474.66924 17.911 0.021
6474.85317 17.862 0.022
6475.65206 17.923 0.017
6475.83092 17.937 0.033
6476.59690 17.931 0.023
6476.78525 17.937 0.016
6477.59049 17.879 0.018
6477.77833 17.875 0.024
6478.63870 17.939 0.024
6479.70584 17.981 0.030
6480.60403 17.915 0.026
6480.78777 17.974 0.022
6481.59946 17.939 0.023
6481.61411 17.864 0.020
6482.77512 17.916 0.030
6484.51035 17.935 0.028
6485.57708 17.920 0.019
6485.80994 17.931 0.023
6486.54415 17.925 0.021
6486.75736 17.985 0.020
6487.54384 17.861 0.020
6487.74709 17.940 0.017
6489.58186 17.887 0.024
6489.78499 17.951 0.023
6490.62346 17.885 0.018
6491.47166 17.920 0.028
6491.69164 17.955 0.022
6492.50367 17.906 0.027
6492.70420 17.953 0.029
6496.52940 18.005 0.032
6497.61428 17.866 0.029
6497.79593 17.897 0.028
6498.63744 17.935 0.019
6499.47131 17.917 0.023
6500.57127 17.832 0.027
6501.60711 17.863 0.019
6501.78132 17.907 0.028
6505.51419 17.843 0.022
6505.72184 17.965 0.025
6506.65081 17.898 0.028
6507.71066 17.880 0.033
6508.61953 17.900 0.017
6509.52468 17.935 0.017
6509.71014 17.897 0.016
6510.60084 17.948 0.017
6511.52347 17.890 0.020
6511.75919 17.901 0.021
6514.66038 17.938 0.018
6515.61256 17.933 0.019
6516.60443 17.863 0.017
6518.61712 17.930 0.018
6519.56999 17.905 0.019
6523.50577 17.875 0.021
6523.65982 17.892 0.023
6524.60404 17.935 0.020
6525.60966 17.925 0.032
6527.60541 18.005 0.042
6529.67399 17.864 0.030
6529.67720 17.944 0.033
6531.66335 17.905 0.022
6532.65964 17.911 0.017
6534.52465 17.882 0.021
6535.60925 17.789 0.025
6538.55492 17.953 0.020
6539.60700 17.909 0.018
6541.60659 17.894 0.017
6543.65759 17.900 0.020
6545.55851 17.912 0.017
6546.59611 17.856 0.024
6552.55639 17.969 0.035
6556.61944 17.927 0.034
6559.49566 17.905 0.027
6560.55860 17.959 0.026
6562.51774 17.948 0.022
6563.56217 17.848 0.024
6564.49275 17.891 0.031
6564.58609 17.932 0.022
6565.55390 17.924 0.022
6567.53930 17.985 0.036
6568.53653 17.915 0.030
6569.48685 17.943 0.024
6569.57935 17.928 0.019
6570.55723 17.918 0.021
6571.56529 17.933 0.024
6572.52480 17.915 0.025
6573.50339 17.933 0.023
6573.59077 17.866 0.018
6578.54070 17.994 0.029
6579.50936 17.954 0.025
6580.53026 17.927 0.035
6581.56517 17.905 0.026
6582.57961 17.934 0.024
6583.56819 17.813 0.031
6584.57002 17.990 0.040
6585.56660 17.965 0.031
6590.53842 17.920 0.032
6593.52917 17.894 0.028
