551.86538 18.402 0.037
552.90111 18.433 0.036
553.84938 18.450 0.034
554.84211 18.432 0.036
558.72675 18.463 0.057
559.80260 18.602 0.051
561.74150 18.543 0.050
562.69537 18.666 0.077
567.87269 18.583 0.054
568.89044 18.829 0.060
569.88551 18.807 0.066
571.86809 18.737 0.061
572.88962 18.730 0.066
573.92202 18.805 0.055
574.90480 18.759 0.066
576.65556 18.718 0.066
578.82355 18.763 0.051
581.80540 18.746 0.061
582.83818 18.732 0.063
583.85990 18.734 0.059
587.93710 18.584 0.080
588.89245 18.659 0.058
590.87406 18.797 0.093
599.91759 18.742 0.070
601.70255 18.726 0.045
605.89247 18.659 0.077
606.79871 18.728 0.049
607.79537 18.695 0.049
608.78718 18.679 0.053
614.85840 18.833 0.065
615.81674 18.661 0.055
616.81907 18.734 0.072
623.73726 18.763 0.062
624.70386 18.816 0.056
625.61690 18.731 0.061
626.83590 18.770 0.067
628.75204 18.779 0.058
629.76453 18.890 0.070
630.59124 18.671 0.071
631.77523 18.802 0.059
632.70074 18.735 0.060
633.72881 18.713 0.048
635.79987 18.674 0.078
643.69938 18.748 0.053
645.77058 18.661 0.062
652.69938 18.762 0.053
655.52463 18.794 0.071
656.66823 18.676 0.060
664.62421 18.770 0.065
665.74177 18.821 0.067
666.61673 18.745 0.051
667.73487 18.710 0.054
671.55266 18.714 0.070
684.59278 19.086 0.072
687.58579 18.741 0.057
689.65084 18.755 0.061
698.58873 18.621 0.064
699.58707 18.711 0.050
706.61357 18.665 0.092
712.57213 18.714 0.055
716.62437 18.708 0.070
727.58009 18.752 0.070
733.53258 18.659 0.058
751.52261 18.757 0.105
875.86668 18.788 0.063
887.83807 18.794 0.077
895.86968 18.718 0.063
898.80307 18.770 0.058
918.86915 18.750 0.061
925.83636 18.404 0.041
928.86834 18.458 0.050
931.87152 18.432 0.061
933.83188 18.489 0.046
936.92063 18.659 0.050
937.86415 18.719 0.064
939.82390 18.620 0.057
941.79794 18.750 0.050
950.77791 18.716 0.071
952.71004 18.559 0.053
962.74907 18.744 0.065
963.87193 18.782 0.068
965.72568 18.703 0.062
966.76416 18.773 0.053
970.87100 18.735 0.077
971.94270 18.647 0.074
985.69235 18.604 0.045
990.74863 18.901 0.077
991.71691 18.802 0.065
995.78619 18.618 0.075
997.76007 18.717 0.065
1006.70142 19.118 0.100
1021.57182 18.806 0.068
1035.70557 18.699 0.067
1036.67933 18.780 0.066
1036.75806 18.794 0.080
1040.67651 18.726 0.058
1043.54895 18.870 0.073
1048.64449 18.844 0.065
1054.71045 18.757 0.069
1061.64321 18.885 0.092
1068.57409 18.791 0.080
1074.58131 18.785 0.087
1077.63449 18.791 0.071
1080.54703 21.151 0.498
1087.59650 18.772 0.093
1090.61562 18.628 0.075
1092.57774 18.778 0.079
1105.54986 18.817 0.075
1229.83852 18.637 0.071
1239.87767 18.820 0.077
1242.84910 18.837 0.083
1245.85019 18.691 0.084
1253.83886 18.729 0.065
1256.86891 18.542 0.053
1259.86288 18.670 0.057
1262.82322 18.785 0.069
1267.85549 18.668 0.084
1280.87695 18.739 0.056
1288.84976 18.648 0.051
1291.85115 19.232 0.070
1295.74057 18.670 0.060
1297.87722 18.811 0.068
1298.88059 18.866 0.098
1299.78935 18.758 0.066
1305.89753 18.742 0.067
1306.85155 18.721 0.054
1308.67659 18.723 0.060
1312.89628 18.575 0.055
1313.70610 18.770 0.048
1315.75652 18.913 0.075
1316.85618 18.741 0.054
1318.73845 18.650 0.061
1319.92474 18.752 0.072
1320.84946 18.770 0.063
1321.81387 18.714 0.063
1332.61975 18.639 0.075
1332.65761 18.807 0.101
1332.85103 18.719 0.074
1333.75796 18.732 0.084
1333.78399 18.738 0.069
1335.67391 18.579 0.052
1336.78624 18.702 0.065
1339.78312 18.776 0.072
1341.78268 18.700 0.052
1345.84933 18.655 0.053
1347.79237 18.762 0.058
1348.79124 18.846 0.065
1349.67647 18.741 0.053
1354.76639 18.698 0.064
1355.72444 18.750 0.080
1365.71908 18.758 0.064
1366.66576 18.693 0.062
1367.76666 18.765 0.067
1368.76150 18.791 0.063
1369.78256 18.730 0.058
1374.81305 18.688 0.071
1375.63015 18.768 0.059
1394.63920 18.666 0.054
1395.61430 18.594 0.047
1398.61852 18.753 0.049
1399.66689 18.729 0.061
1400.71161 18.690 0.061
1401.66401 18.976 0.082
1402.64463 18.703 0.048
1403.69002 18.751 0.063
1407.66130 18.784 0.070
1408.53417 18.736 0.057
1409.49610 18.556 0.073
1410.49241 18.748 0.064
1415.49181 18.607 0.089
1416.49792 18.679 0.060
1417.52823 18.406 0.053
1418.49997 18.397 0.052
1419.49052 18.410 0.042
1431.65205 18.680 0.067
1435.52828 18.784 0.088
1437.56537 18.684 0.070
1442.54836 18.747 0.075
1447.50095 18.679 0.067
1450.52292 18.821 0.071
1460.53285 18.664 0.082
1478.52944 18.662 0.085
1602.87574 18.639 0.064
1606.88480 18.700 0.064
1610.87365 18.831 0.068
1616.86243 18.624 0.051
1618.89676 18.632 0.059
1622.84160 18.754 0.063
1625.82659 18.668 0.063
1628.83976 18.796 0.080
1633.88459 18.721 0.055
1643.91763 18.700 0.057
1645.81053 18.734 0.073
1647.79689 18.831 0.079
1652.86546 18.682 0.064
1654.80290 18.752 0.064
1661.79502 18.677 0.057
1662.86257 18.701 0.058
1663.86755 18.729 0.043
1665.83974 18.675 0.060
1666.80975 18.691 0.051
1668.82367 18.767 0.061
1669.85248 18.741 0.070
1670.86767 18.732 0.060
1671.81458 18.738 0.046
1675.80272 18.652 0.060
1676.76578 18.789 0.058
1681.87506 18.738 0.078
1683.77965 18.715 0.073
1687.79091 18.787 0.072
1691.67272 17.641 0.013
1693.72525 18.768 0.055
1695.83466 18.797 0.060
1698.82720 18.762 0.085
1700.61039 18.614 0.074
1703.62522 18.690 0.060
1705.74094 18.696 0.063
1709.70986 18.672 0.061
1717.75310 18.698 0.048
1726.82060 18.705 0.076
1728.81857 18.847 0.087
1729.76908 18.814 0.055
1730.75246 18.918 0.073
1731.84564 18.717 0.053
1732.80177 18.753 0.064
1742.83293 18.599 0.083
1743.79022 18.748 0.078
1745.78513 18.787 0.073
1748.65256 18.639 0.061
1749.59428 18.688 0.053
1750.59858 18.606 0.052
1751.53960 18.766 0.054
1752.71165 18.745 0.064
1754.69472 18.925 0.068
1755.70812 18.704 0.064
1756.60918 18.782 0.061
1757.68398 18.678 0.071
1758.65365 18.642 0.059
1759.58201 18.814 0.050
1761.63562 18.840 0.062
1762.59614 18.670 0.049
1763.55229 18.692 0.053
1764.53962 18.797 0.062
1765.64292 18.704 0.059
1769.61430 18.707 0.064
1772.62569 18.650 0.062
1775.64112 18.712 0.059
1776.64017 18.712 0.053
1777.65094 18.794 0.066
1783.65120 18.778 0.057
1784.64105 18.780 0.066
1785.63475 18.711 0.062
1787.63552 18.751 0.077
1789.59540 18.716 0.049
1802.57508 18.443 0.060
1804.55405 18.484 0.053
1810.54591 18.714 0.062
1812.56935 18.713 0.066
1814.60683 18.772 0.065
1816.61934 18.688 0.077
1819.54526 18.717 0.067
1826.55163 18.595 0.076
1833.54237 18.605 0.073
2130.49587 18.677 0.055
2133.51285 18.712 0.062
2136.63407 18.658 0.075
2141.62477 18.618 0.070
2144.70549 18.677 0.069
2170.60642 18.587 0.066
2179.50468 18.531 0.090
2189.49977 18.700 0.097
2212.52624 18.768 0.083
2333.90537 18.627 0.082
2337.81206 18.740 0.077
2349.83045 18.750 0.068
2357.82358 18.704 0.058
2365.89816 18.663 0.066
2373.77858 18.854 0.082
2405.85844 18.673 0.062
2464.77300 18.703 0.059
2708.90446 18.626 0.057
2850.63683 18.688 0.054
2858.76417 18.637 0.079
3059.85012 18.708 0.070
3064.86529 18.692 0.070
3068.81863 18.748 0.076
3070.90389 18.695 0.065
3073.85633 18.692 0.064
3075.89240 18.608 0.063
3080.80560 18.728 0.071
3083.75774 18.707 0.061
3085.88005 18.687 0.050
3087.78199 18.744 0.078
3089.83138 18.686 0.046
3091.88321 18.687 0.051
3097.80815 18.743 0.071
3099.89470 18.575 0.083
3101.79982 18.635 0.070
3102.89456 18.728 0.065
3104.75024 18.988 0.211
3106.89188 18.797 0.086
3107.88240 18.740 0.073
3109.82057 18.754 0.054
3110.88600 18.711 0.055
3112.88557 18.631 0.052
3113.89657 18.813 0.061
3114.82693 18.746 0.057
3115.88736 18.679 0.052
3116.86775 18.678 0.068
3124.76153 18.764 0.081
3126.69905 18.726 0.055
3127.86542 18.658 0.060
3128.86521 18.816 0.085
3130.74420 18.659 0.066
3131.71062 18.710 0.090
3134.87964 18.524 0.121
3137.76478 18.603 0.062
3138.64696 18.652 0.072
3139.93426 18.667 0.059
3142.81499 18.729 0.060
3144.83203 18.653 0.053
3146.88098 18.731 0.057
3151.80270 18.830 0.072
3152.80426 18.830 0.072
3153.80286 18.577 0.070
3154.89052 18.888 0.113
3156.85920 18.812 0.085
3157.91583 18.716 0.074
3158.88198 18.651 0.083
3162.84066 18.708 0.070
3163.81427 18.734 0.055
3164.78842 18.724 0.052
3165.70551 18.654 0.049
3167.65086 18.618 0.069
3168.85293 18.814 0.067
3169.81965 18.667 0.061
3170.63722 18.665 0.046
3171.77527 18.821 0.051
3171.90084 18.713 0.064
3172.79964 18.739 0.064
3173.83707 18.558 0.060
3174.75609 18.766 0.052
3175.80788 18.751 0.058
3177.81317 18.752 0.077
3179.54727 18.708 0.061
3180.77125 18.661 0.043
3182.83136 18.727 0.063
3183.79032 18.788 0.074
3183.83186 18.857 0.092
3184.55123 18.596 0.056
3184.74491 18.842 0.067
3185.49235 18.653 0.087
3185.67603 18.714 0.058
3185.86720 18.582 0.063
3190.64318 18.735 0.075
3191.78143 18.622 0.067
3193.59518 18.730 0.056
3194.54562 18.564 0.064
3194.78812 18.755 0.060
3195.54531 18.830 0.064
3196.73877 18.706 0.060
3197.56943 18.742 0.064
3199.67737 18.701 0.050
3201.53979 18.799 0.062
3202.66852 18.732 0.060
3203.58256 18.702 0.044
3204.61633 18.749 0.047
3205.70752 18.770 0.046
3206.76900 18.700 0.079
3210.49952 18.691 0.072
3211.65476 18.695 0.064
3217.69558 18.606 0.061
3218.69463 18.761 0.087
3223.69859 18.646 0.068
3224.74314 18.727 0.075
3226.67403 18.764 0.088
3228.64446 18.600 0.058
3230.71437 18.687 0.059
3231.61770 18.755 0.069
3232.65123 18.606 0.071
3238.66604 18.768 0.072
3240.51511 18.613 0.060
3241.69873 18.586 0.093
3245.60202 18.772 0.091
3247.48905 18.784 0.070
3249.59542 18.422 0.065
3251.50640 18.906 0.093
3254.56812 18.777 0.092
3255.62002 18.830 0.108
3255.63507 18.852 0.103
3256.54029 18.670 0.081
3256.67611 18.895 0.097
3257.50057 18.645 0.054
3258.57332 18.801 0.081
3260.53684 18.805 0.097
3261.52471 18.808 0.073
3265.52231 18.674 0.074
3267.57299 18.780 0.074
3274.52355 18.555 0.067
3277.54495 18.678 0.067
3279.60780 18.850 0.079
3282.52271 18.755 0.065
3289.50469 18.624 0.072
3294.49573 18.615 0.068
3301.50487 18.860 0.124
3305.56866 18.698 0.095
3418.88682 18.683 0.054
3423.86043 18.764 0.065
3427.86499 18.615 0.056
3429.89314 18.669 0.069
3436.85026 18.569 0.072
3443.80548 18.655 0.053
3445.84850 18.554 0.044
3447.89698 18.698 0.067
3449.91414 18.758 0.069
3453.81632 18.560 0.066
3455.87622 18.655 0.064
3456.88472 19.031 0.077
3457.87920 18.724 0.061
3459.87016 18.737 0.058
3468.92060 18.804 0.062
3470.91163 18.782 0.060
3472.84101 18.835 0.058
3473.90308 18.731 0.067
3474.90947 18.796 0.063
3475.90061 18.626 0.042
3477.91635 18.654 0.055
3479.78695 18.686 0.046
3480.91589 18.653 0.058
3482.91990 18.697 0.057
3496.77468 18.777 0.083
3497.87593 18.678 0.058
3499.76913 18.477 0.048
3500.85608 18.718 0.054
3502.67188 18.601 0.049
3503.82460 18.657 0.055
3506.78071 18.662 0.066
3508.88820 18.949 0.113
3509.61051 18.724 0.101
3509.63855 18.696 0.064
3509.68633 18.696 0.063
3509.74284 18.707 0.047
3509.76988 18.841 0.058
3509.85474 18.655 0.042
3509.85861 18.657 0.043
3509.91403 18.652 0.046
3510.76459 18.939 0.073
3510.78582 18.693 0.055
3510.81138 18.903 0.060
3510.82615 18.739 0.050
3510.84680 18.616 0.042
3510.87457 18.900 0.054
3510.88661 19.482 0.093
3510.89961 19.163 0.074
3510.90167 18.784 0.056
3510.91509 19.061 0.070
3510.92624 19.134 0.091
3510.93158 18.658 0.059
3510.93682 18.864 0.072
3511.60073 19.065 0.149
3511.65335 18.577 0.063
3511.71115 18.855 0.079
3511.76072 18.862 0.069
3511.83103 18.870 0.064
3511.86068 18.712 0.054
3511.89222 18.744 0.062
3511.93625 18.699 0.061
3512.60224 18.840 0.114
3512.69240 18.626 0.062
3512.81047 18.754 0.084
3512.87083 18.925 0.085
3512.93505 18.609 0.058
3517.76283 18.610 0.096
3520.87443 18.730 0.080
3521.69026 18.654 0.054
3522.79581 18.697 0.063
3523.82997 18.633 0.049
3524.83034 18.874 0.071
3525.90544 18.902 0.077
3526.93625 18.740 0.087
3528.60872 18.776 0.060
3530.82841 18.780 0.045
3537.79616 18.628 0.058
3538.72203 18.755 0.050
3540.77835 18.776 0.060
3544.78843 18.826 0.087
3547.78834 18.601 0.063
3550.80172 18.801 0.061
3551.79643 18.718 0.058
3552.81554 18.677 0.070
3553.79854 18.661 0.101
3554.81743 18.760 0.091
3555.80699 18.584 0.081
3556.71925 18.624 0.057
3558.60332 18.395 0.044
3559.61171 18.533 0.046
3560.65304 18.634 0.037
3561.58949 18.777 0.059
3562.64218 18.731 0.056
3563.69420 18.714 0.055
3569.63279 18.676 0.082
3573.74115 18.675 0.071
3574.73822 18.600 0.060
3575.68002 18.740 0.050
3576.74651 18.545 0.059
3577.78442 18.743 0.073
3578.72113 18.579 0.046
3579.66649 18.688 0.051
3580.70607 18.588 0.061
3581.71926 18.680 0.057
3582.66825 18.792 0.053
3583.68641 18.728 0.054
3584.69036 18.548 0.042
3585.68855 18.676 0.046
3586.74303 18.728 0.055
3588.76970 18.712 0.077
3589.73231 18.840 0.070
3590.72856 18.717 0.066
3591.70359 18.836 0.054
3592.73691 18.705 0.075
3601.70478 18.913 0.091
3602.70510 18.844 0.095
3603.68630 18.779 0.069
3607.68400 18.717 0.070
3609.51185 18.531 0.060
3615.63050 18.732 0.058
3617.65976 18.725 0.064
3619.59269 18.767 0.054
3621.59509 18.655 0.062
3628.65965 18.796 0.104
3629.51778 18.747 0.057
3631.61857 18.732 0.081
3633.54517 18.814 0.088
3634.62424 18.796 0.082
3639.49482 18.725 0.046
3641.59882 18.588 0.095
3644.58160 18.769 0.064
3649.55499 18.817 0.064
3651.59924 18.903 0.102
3655.56792 18.601 0.070
3659.56576 18.899 0.117
3664.54538 18.862 0.078
3668.53058 18.643 0.074
3676.50956 18.904 0.094
3777.86981 18.707 0.057
3783.85615 18.707 0.058
3785.87166 18.673 0.060
3787.88131 18.691 0.061
3791.85569 18.523 0.061
3793.89992 18.650 0.065
3795.88858 18.668 0.057
3797.80128 18.525 0.060
3798.84747 18.811 0.067
3799.90184 18.718 0.078
3801.85660 18.699 0.057
3802.89106 18.627 0.054
3804.80429 18.685 0.076
3805.84283 18.671 0.062
3806.83956 18.741 0.065
3807.86365 18.829 0.074
3808.86732 18.777 0.064
3810.78234 18.629 0.059
3811.81087 18.678 0.073
3812.89181 18.704 0.066
3813.87432 18.709 0.058
3814.86698 18.693 0.064
3818.78462 18.748 0.065
3819.84820 18.755 0.050
3820.81222 18.724 0.048
3821.81546 18.716 0.054
3822.85919 18.739 0.062
3823.82012 18.739 0.052
3824.81406 18.699 0.076
3825.84612 18.761 0.062
3826.81531 18.776 0.058
3827.84624 18.681 0.047
3828.82642 18.743 0.072
3829.75416 18.901 0.079
3830.78551 18.807 0.063
3832.78843 18.663 0.052
3833.81329 18.652 0.046
3834.78627 18.756 0.054
3835.77398 18.808 0.063
3836.73545 18.717 0.079
3837.77603 18.717 0.063
3838.78401 18.600 0.078
3838.90209 18.793 0.081
3839.77993 18.732 0.066
3840.78309 18.677 0.063
3841.73829 18.672 0.070
3841.88822 18.708 0.060
3842.73664 18.700 0.074
3845.76251 18.807 0.088
3846.77061 18.805 0.065
3846.90695 18.751 0.054
3847.84377 18.698 0.061
3848.79376 18.699 0.064
3848.92505 18.829 0.081
3849.79132 18.827 0.060
3850.74008 18.617 0.054
3850.90937 18.827 0.076
3851.75013 18.762 0.081
3851.91498 18.667 0.056
3852.73863 18.581 0.060
3852.86274 18.543 0.050
3853.73132 18.716 0.043
3853.89702 18.760 0.046
3856.72016 18.794 0.065
3856.90770 18.614 0.050
3858.75647 18.719 0.051
3860.77594 18.589 0.076
3861.70936 18.630 0.060
3861.81345 18.716 0.047
3861.91238 18.624 0.054
3862.69118 18.697 0.060
3862.90590 18.808 0.057
3863.70404 18.662 0.053
3863.84795 18.734 0.056
3863.92394 18.724 0.049
3864.72237 18.710 0.055
3864.90697 18.679 0.045
3865.68152 18.582 0.058
3865.81641 18.725 0.058
3865.89501 18.780 0.054
3866.72629 18.677 0.048
3866.86574 18.641 0.051
3867.67219 18.758 0.070
3867.85762 18.685 0.064
3867.92789 18.766 0.064
3868.68002 18.826 0.089
3868.82382 18.713 0.072
3868.90379 18.780 0.085
3869.64970 18.702 0.072
3869.83886 18.750 0.068
3869.91430 18.574 0.070
3873.71360 18.739 0.054
3873.85264 18.778 0.063
3873.92320 18.701 0.061
3874.71487 18.681 0.076
3874.88723 18.624 0.057
3875.65160 18.663 0.047
3875.79907 18.673 0.045
3875.89807 18.656 0.058
3876.69466 18.620 0.051
3877.67944 18.706 0.046
3877.82827 18.730 0.053
3877.90149 18.710 0.062
3880.88296 18.703 0.053
3881.63029 18.735 0.069
3881.70323 18.736 0.058
3881.84599 18.775 0.047
3882.61531 18.665 0.058
3882.81832 18.632 0.050
3882.88843 18.675 0.054
3883.68069 18.485 0.045
3883.92781 18.614 0.059
3886.64885 18.621 0.054
3886.83557 18.707 0.054
3886.90754 18.716 0.056
3886.93356 18.667 0.064
3887.61603 18.578 0.055
3887.81868 18.680 0.056
3887.84653 18.826 0.062
3887.91859 18.574 0.053
3888.64685 18.841 0.071
3889.79175 18.671 0.048
3890.58685 18.676 0.070
3891.72310 18.720 0.057
3891.84009 18.705 0.057
3891.92181 18.665 0.073
3892.63348 18.934 0.091
3893.67336 18.633 0.054
3893.92476 18.623 0.079
3894.71559 18.676 0.067
3896.65933 18.887 0.101
3900.57461 18.737 0.104
3900.76105 18.778 0.064
3900.83637 18.596 0.064
3901.59479 18.700 0.069
3901.76328 18.744 0.062
3901.84005 18.622 0.068
3901.91256 18.541 0.075
3902.60942 18.773 0.059
3903.70181 18.701 0.069
3904.59245 18.701 0.048
3904.75575 18.684 0.052
3904.82471 18.853 0.057
3904.87753 18.574 0.053
3905.58933 18.760 0.052
3905.76338 18.693 0.045
3905.83599 18.718 0.044
3905.90461 18.870 0.081
3906.52797 18.651 0.078
3906.54605 18.626 0.069
3906.69788 18.801 0.058
3906.77089 18.605 0.049
3906.84347 18.703 0.061
3907.63453 18.994 0.084
3907.82942 18.595 0.070
3908.57072 18.711 0.057
3908.76114 18.747 0.056
3908.83642 18.718 0.050
3909.57583 18.630 0.050
3909.77374 18.730 0.045
3909.85216 18.787 0.069
3910.63204 18.662 0.048
3912.57497 18.643 0.041
3912.77179 18.719 0.042
3912.85964 18.692 0.053
3913.57274 18.764 0.050
3913.77494 18.640 0.049
3913.86477 18.713 0.064
3914.59021 18.809 0.065
3915.57073 18.562 0.050
3915.77408 18.707 0.047
3915.87109 18.779 0.063
3916.61858 18.909 0.083
3916.79126 18.680 0.073
3917.65865 18.878 0.081
3917.86485 18.934 0.091
3918.65733 18.706 0.054
3918.86175 18.694 0.072
3919.60488 18.762 0.073
3919.84195 18.657 0.083
3920.55655 18.758 0.054
3920.75284 18.722 0.049
3920.83161 18.683 0.050
3921.56362 18.730 0.068
3921.76000 18.747 0.088
3922.75649 18.539 0.067
3930.60404 18.729 0.059
3931.55516 18.754 0.067
3931.68184 18.869 0.067
3932.56697 18.570 0.054
3933.55594 18.778 0.052
3933.73730 18.691 0.051
3933.81296 18.695 0.086
3934.52676 18.774 0.070
3934.65083 18.674 0.044
3934.72059 18.630 0.042
3934.78962 18.713 0.055
3935.57665 18.742 0.057
3935.74797 18.669 0.057
3935.79968 18.682 0.067
3936.53023 18.568 0.061
3936.69555 18.806 0.059
3936.77315 18.792 0.078
3937.60543 18.791 0.057
3938.53777 18.686 0.071
3938.73938 18.801 0.072
3938.79199 18.678 0.069
3940.64077 18.770 0.047
3941.68989 18.611 0.067
3944.59427 18.587 0.048
3945.54315 18.749 0.056
3945.73118 18.730 0.080
3946.55781 18.688 0.059
3946.74284 18.719 0.059
3950.56125 18.714 0.052
3950.78804 18.815 0.077
3951.55740 18.833 0.075
3956.60379 18.774 0.084
3957.54467 18.873 0.071
3958.61744 18.639 0.068
3959.55736 18.749 0.061
3959.72176 18.729 0.069
3960.53540 18.643 0.048
3960.71531 18.646 0.052
3961.61048 18.763 0.091
3963.49703 18.758 0.066
3963.67160 18.685 0.053
3963.74489 18.483 0.067
3964.57022 18.787 0.053
3965.55709 18.676 0.050
3966.54826 18.641 0.056
3966.73282 18.655 0.066
3967.57207 18.406 0.056
3968.53482 18.697 0.066
3968.70634 18.760 0.069
3969.54257 18.706 0.063
3969.71734 18.563 0.062
3970.55055 18.672 0.060
3971.59034 18.786 0.077
3973.61550 18.658 0.062
3974.54529 18.848 0.092
3975.54780 18.724 0.052
3976.54307 18.748 0.069
3979.55619 18.668 0.095
3982.62897 18.659 0.068
3986.61960 18.868 0.086
3987.54196 18.863 0.069
3988.55478 18.742 0.053
3989.61654 18.698 0.078
3990.65879 18.750 0.080
3994.51148 18.647 0.088
3995.60911 18.818 0.065
3999.64661 18.920 0.086
4000.55369 18.588 0.076
4001.54343 18.557 0.051
4002.54009 18.660 0.060
4004.56305 18.598 0.071
4005.56576 18.523 0.081
4006.56400 18.757 0.056
4012.53615 18.528 0.066
4016.58121 18.745 0.087
4019.52088 18.628 0.062
4021.57464 18.680 0.090
4024.52231 18.765 0.069
4026.51782 18.681 0.061
4028.53387 18.736 0.071
4031.53399 18.841 0.084
4039.51841 18.648 0.082
4042.51598 18.784 0.112
4142.88921 18.867 0.157
4150.87502 18.865 0.105
4155.84733 18.687 0.074
4158.80922 18.662 0.064
4160.83721 18.744 0.094
4162.85984 18.820 0.088
4164.89971 18.654 0.066
4167.82729 18.694 0.086
4169.83436 18.791 0.073
4174.84892 18.636 0.064
4176.83062 18.721 0.064
4177.88429 18.798 0.071
4179.78203 18.637 0.064
4180.82877 18.696 0.076
4181.91696 18.730 0.090
4183.79596 18.581 0.062
4184.86401 18.695 0.053
4185.84334 18.615 0.061
4190.86172 18.646 0.058
4192.87406 18.732 0.060
4193.88500 18.658 0.057
4194.90655 18.697 0.054
4196.92693 18.700 0.079
4202.87633 18.748 0.055
4203.86447 18.712 0.056
4204.86363 18.741 0.064
4205.86013 18.755 0.058
4207.86380 18.786 0.055
4208.89346 18.698 0.058
4213.86155 18.691 0.052
4215.89911 18.737 0.067
4216.81994 18.666 0.064
4217.84228 18.691 0.045
4218.88306 18.725 0.062
4219.92401 18.746 0.087
4220.86429 18.817 0.102
4222.83078 18.711 0.058
4228.81880 18.707 0.089
4229.79761 18.735 0.068
4230.78457 18.732 0.052
4231.80667 18.651 0.054
4232.81491 18.861 0.101
4234.75910 18.708 0.067
4235.78398 18.717 0.066
4238.80778 18.724 0.066
4239.90599 18.670 0.079
4243.70154 18.688 0.075
4244.86339 18.647 0.065
4245.85662 18.687 0.065
4246.91132 18.646 0.070
4250.87717 18.691 0.109
4256.72225 18.743 0.092
4258.71930 18.688 0.073
4268.62277 18.835 0.090
4269.66292 18.715 0.060
4272.71382 18.666 0.053
4273.67364 18.708 0.067
4274.65730 18.660 0.060
4275.71417 18.714 0.078
4277.61328 18.564 0.073
4278.68754 18.751 0.082
4283.63294 18.634 0.062
4284.61676 18.776 0.078
4285.62353 18.678 0.082
4286.71739 18.589 0.084
4289.66285 18.702 0.075
4290.72038 18.502 0.073
4291.74105 18.650 0.073
4292.60214 18.723 0.055
4293.62960 18.664 0.053
4294.60138 18.649 0.060
4295.63071 18.732 0.057
4296.61019 18.655 0.046
4297.60398 18.750 0.057
4298.71353 18.690 0.063
4299.68048 18.707 0.062
4300.80532 18.621 0.071
4301.48281 18.692 0.064
4302.76191 18.669 0.060
4307.59699 18.815 0.068
4310.74670 18.724 0.129
4312.64278 18.804 0.069
4315.67661 18.812 0.102
4317.63009 18.700 0.068
4319.63786 18.725 0.072
4320.73927 18.690 0.080
4326.64882 18.353 0.052
4327.67699 18.443 0.068
4328.61802 18.346 0.047
4328.75044 18.406 0.088
4329.60897 18.562 0.073
4330.59157 18.403 0.050
4331.61800 18.539 0.069
4332.62313 18.556 0.059
4333.61849 18.445 0.059
4334.61272 18.411 0.079
4338.65268 18.778 0.108
4339.62167 18.784 0.076
4340.54242 18.611 0.103
4341.62012 18.659 0.087
4342.65632 18.666 0.087
4343.63568 18.592 0.066
4344.68510 18.707 0.080
4345.63550 18.791 0.092
4346.64080 18.710 0.083
4347.65484 18.648 0.074
4349.62660 18.704 0.064
4351.62526 18.708 0.096
4357.63671 18.623 0.078
4359.60782 18.662 0.080
4367.60695 18.698 0.104
4370.60588 18.658 0.081
4372.57794 18.770 0.075
4380.58767 18.599 0.066
4515.88301 18.649 0.074
4519.85452 18.659 0.075
4520.84696 18.685 0.089
4523.84531 18.789 0.088
4524.89637 18.785 0.072
4530.88588 18.757 0.055
4534.83260 18.821 0.087
4536.84173 18.588 0.073
4538.85065 18.724 0.068
4540.88051 18.709 0.056
4542.90688 18.650 0.055
4543.86828 18.754 0.057
4544.86508 18.709 0.050
4545.88264 18.708 0.060
4547.90874 18.682 0.065
4550.85639 18.787 0.071
4551.91418 18.749 0.081
4552.91111 18.676 0.066
4556.87554 18.840 0.060
4557.90154 18.711 0.048
4558.83657 18.763 0.058
4559.86573 18.658 0.055
4560.86619 18.700 0.052
4561.85508 18.757 0.046
4564.85928 18.704 0.054
4565.84818 18.746 0.050
4566.85019 18.709 0.049
4567.85449 18.783 0.059
4568.88453 18.643 0.058
4569.87043 18.749 0.056
4570.87572 18.743 0.060
4571.84123 18.791 0.057
4572.87900 18.738 0.097
4573.85476 18.657 0.050
4574.85692 18.670 0.062
4575.86861 18.596 0.057
4579.92092 18.619 0.071
4583.84072 18.613 0.068
4586.82120 18.596 0.069
4587.85897 18.714 0.066
4588.74731 18.744 0.066
4589.78107 18.599 0.060
4590.79545 18.685 0.063
4591.77271 18.655 0.058
4592.78485 18.719 0.074
4593.77025 18.732 0.067
4594.79857 18.657 0.052
4595.78909 18.693 0.057
4596.80962 18.690 0.058
4597.80687 18.685 0.061
4598.77626 18.777 0.053
4599.75566 18.741 0.053
4600.76123 18.699 0.050
4601.76590 18.695 0.051
4602.76347 18.698 0.048
4606.81329 18.757 0.089
4610.88635 18.596 0.066
4611.74754 18.653 0.066
4611.93406 18.686 0.078
4616.73632 18.753 0.059
4617.90717 18.718 0.101
4622.71611 18.668 0.066
4623.79597 18.628 0.077
4624.73478 18.648 0.056
4625.71609 18.655 0.076
4626.77103 18.574 0.062
4627.69544 18.754 0.056
4628.68562 18.815 0.061
4629.75128 18.677 0.061
4630.69109 18.689 0.055
4631.70943 18.675 0.050
4632.73211 18.715 0.056
4633.87198 18.614 0.076
4639.81254 18.623 0.091
4640.78806 18.664 0.071
4641.87328 18.697 0.096
4642.71097 18.626 0.069
4643.67704 18.748 0.067
4644.76011 18.567 0.060
4645.67883 18.652 0.065
4646.64653 18.720 0.050
4647.66772 18.710 0.056
4648.66162 18.733 0.055
4648.77103 18.721 0.063
4649.65184 18.665 0.050
4650.68329 18.726 0.065
4651.69462 18.854 0.087
4652.62305 18.718 0.063
4653.61690 18.614 0.054
4654.65606 18.731 0.057
4655.62035 18.783 0.070
4656.62356 18.831 0.080
4658.78078 18.622 0.086
4660.73044 18.665 0.095
4661.61293 18.730 0.064
4666.54572 18.650 0.071
4671.66956 18.755 0.067
4672.62906 18.860 0.084
4674.65723 18.783 0.076
4677.68192 18.755 0.079
4681.68526 18.744 0.079
4682.64093 18.757 0.063
4683.63881 18.702 0.070
4684.65732 18.680 0.075
4685.68344 18.757 0.068
4686.75601 18.676 0.066
4687.67150 18.642 0.079
4688.61767 18.713 0.065
4694.70173 18.764 0.118
4697.62302 18.728 0.092
4698.64457 18.679 0.073
4700.63978 18.689 0.081
4701.62268 18.662 0.068
4702.63752 18.682 0.075
4704.69876 18.748 0.083
4708.65912 18.742 0.074
4710.67707 18.785 0.084
4720.59020 18.749 0.090
4721.62576 18.659 0.106
4724.64250 18.665 0.091
4725.65847 18.620 0.097
4726.61868 18.560 0.079
4733.58289 18.742 0.090
4738.54309 18.502 0.065
4741.62508 18.752 0.079
4755.56416 18.689 0.100
4763.50637 18.677 0.082
4876.87925 18.630 0.069
4883.86504 18.620 0.068
4886.82543 18.709 0.074
4886.83200 18.855 0.085
4888.85952 18.655 0.065
4892.85358 18.840 0.084
4898.82385 18.762 0.082
4901.82671 18.589 0.062
4903.87410 18.663 0.058
4905.87049 18.650 0.078
4912.85528 18.683 0.048
4914.90139 18.673 0.058
4924.75090 18.637 0.051
4925.86859 18.681 0.053
4928.75886 18.711 0.071
4930.80291 18.595 0.066
4931.84737 18.577 0.062
4932.85591 18.761 0.064
4933.85080 18.693 0.078
4934.90662 18.697 0.126
4938.83070 18.700 0.079
4940.77223 18.613 0.061
4941.80796 18.654 0.068
4942.75101 18.775 0.054
4944.75335 18.742 0.064
4945.80645 18.709 0.049
4950.86639 18.852 0.084
4953.84583 18.662 0.074
4954.81528 18.684 0.059
4955.80666 18.769 0.074
6697.89213 18.839 0.057
6702.87655 18.820 0.049
6704.88214 18.787 0.042
6707.84902 18.806 0.060
6708.86777 18.945 0.050
6709.89367 18.798 0.050
6715.82391 18.893 0.042
6716.81795 18.873 0.039
6717.81657 19.120 0.082
6718.83276 19.107 0.089
6719.83035 18.847 0.048
6720.80627 18.895 0.058
6720.89985 18.847 0.039
6721.88003 18.960 0.040
6722.87699 18.939 0.046
6723.85351 18.901 0.043
6724.83385 19.102 0.080
6725.80826 18.920 0.054
6725.90361 18.853 0.047
6726.87182 18.912 0.050
6727.84058 18.750 0.029
6728.80800 18.894 0.040
6728.90367 18.942 0.041
6729.86310 18.935 0.044
6730.81409 18.690 0.059
6731.86294 18.944 0.069
6732.82214 18.856 0.066
6732.91251 19.053 0.060
6733.85458 18.652 0.035
6734.88500 18.786 0.037
6735.83285 18.816 0.046
6736.76422 19.135 0.083
6736.86760 18.800 0.052
6737.81903 18.757 0.040
6737.89701 18.822 0.037
6742.81257 18.756 0.032
6742.90046 18.862 0.036
6744.82131 18.832 0.045
6744.91054 18.874 0.036
6745.81813 18.908 0.041
6745.90470 18.849 0.038
6746.81161 18.787 0.039
6747.83126 18.815 0.038
6747.92503 19.105 0.095
6749.78594 18.852 0.043
6750.79607 18.919 0.055
6751.82665 18.957 0.034
6752.80019 18.799 0.037
6754.79022 18.956 0.061
6755.80918 19.000 0.055
6756.76265 18.910 0.038
6757.72511 18.809 0.056
6757.91141 18.909 0.034
6759.73142 18.873 0.043
6759.88591 18.778 0.026
6760.83628 18.875 0.035
6761.77455 18.826 0.045
6762.72011 18.905 0.048
6763.69316 18.843 0.049
6763.87434 18.856 0.044
6764.80469 18.809 0.039
6765.73034 18.740 0.046
6765.90792 18.868 0.041
6768.88139 18.889 0.037
6769.78330 18.858 0.042
6770.67729 18.949 0.049
6770.84486 18.988 0.044
6771.79713 18.962 0.039
6772.70526 18.852 0.036
6772.90185 18.837 0.033
6773.81966 18.897 0.051
6774.73119 18.972 0.058
6775.69517 18.826 0.039
6775.90006 18.793 0.035
6776.81457 18.893 0.040
6777.79624 18.878 0.039
6784.70905 18.769 0.043
6784.89235 19.013 0.049
6785.68579 18.795 0.035
6785.88441 18.919 0.042
6786.69392 18.834 0.041
6786.90969 18.813 0.041
6789.66640 18.919 0.062
6789.83109 18.864 0.047
6790.69696 18.928 0.057
6790.86841 18.860 0.058
6791.70806 18.824 0.063
6791.88009 18.748 0.046
6792.70179 18.885 0.059
6792.85832 18.780 0.049
6796.65162 18.941 0.053
6796.82536 18.891 0.047
6797.69042 18.857 0.059
6797.85906 18.926 0.050
6798.85083 18.661 0.062
6803.63941 18.907 0.049
6803.80761 18.913 0.038
6804.59186 18.846 0.044
6804.75287 18.877 0.043
6804.92266 18.875 0.051
6805.74371 18.954 0.050
6805.91691 18.897 0.071
6807.70076 18.760 0.049
6807.87196 18.886 0.058
6808.66213 18.912 0.049
6808.85112 18.872 0.043
6809.63266 18.952 0.043
6809.84421 18.863 0.047
6810.63371 18.926 0.051
6810.82138 18.826 0.041
6811.60011 18.883 0.063
6811.79543 18.902 0.051
6813.65953 18.753 0.050
6813.85597 18.848 0.045
6814.67635 18.956 0.042
6814.87447 18.916 0.053
6815.66139 18.862 0.060
6815.87618 18.870 0.048
6816.71472 18.944 0.066
6817.57523 18.820 0.062
6817.75171 18.879 0.044
6817.92551 18.821 0.057
6819.58187 18.934 0.070
6819.73376 18.880 0.060
6823.74059 18.884 0.050
6823.90268 18.767 0.057
6824.70075 18.803 0.047
6824.88776 18.884 0.070
6825.66866 18.984 0.050
6825.85587 18.934 0.064
6826.61974 18.868 0.054
6826.80615 18.816 0.044
6827.60640 18.899 0.043
6827.81584 18.832 0.045
6828.57704 18.780 0.039
6828.78730 18.862 0.043
6829.53210 18.792 0.067
6829.71834 18.896 0.049
6829.87697 18.809 0.055
6830.69531 18.853 0.031
6830.86825 18.790 0.040
6831.77576 18.876 0.043
6832.57525 18.838 0.050
6832.76364 18.642 0.039
6833.59124 18.297 0.033
6833.78116 18.230 0.028
6834.55868 18.320 0.036
6834.74173 18.351 0.029
6835.56529 18.259 0.037
6835.74941 18.378 0.029
6836.53398 18.467 0.051
6836.72238 18.398 0.036
6837.51010 18.360 0.032
6837.69123 18.555 0.034
6837.84766 18.443 0.038
6838.62590 18.532 0.038
6838.80893 18.541 0.040
6839.59376 18.527 0.039
6839.78063 18.539 0.037
6840.59395 18.418 0.036
6840.78504 18.549 0.038
6841.67596 18.533 0.031
6841.83293 18.574 0.043
6842.64878 18.721 0.043
6842.82470 18.615 0.054
6844.60889 18.575 0.031
6844.79755 18.650 0.034
6845.53979 18.694 0.038
6845.71940 18.678 0.034
6847.49840 18.740 0.051
6847.63820 18.721 0.039
6847.77905 18.739 0.042
6851.52080 18.697 0.054
6851.69517 18.843 0.050
6852.51166 18.734 0.063
6852.71238 18.703 0.062
6855.48699 18.798 0.052
6855.67671 18.782 0.040
6856.47266 18.839 0.057
6856.65799 18.899 0.037
6857.47202 18.857 0.046
6857.65840 18.846 0.038
6858.48663 18.769 0.037
6858.67199 18.837 0.035
6859.60759 18.843 0.052
6862.56267 18.858 0.069
6862.75038 18.849 0.048
6863.61851 18.855 0.035
6863.78441 18.751 0.049
6864.64637 18.918 0.047
6865.59761 18.905 0.052
6866.80055 18.798 0.053
6870.54587 18.965 0.064
6871.53907 18.862 0.042
6872.63320 18.844 0.043
6873.60296 18.870 0.051
6879.52085 18.926 0.075
6879.74475 18.760 0.076
6880.69202 19.059 0.087
6881.62813 18.860 0.051
6882.56666 18.942 0.056
6882.73698 18.862 0.064
6884.70888 18.876 0.049
6885.63839 18.838 0.040
6886.56316 18.839 0.051
6886.72613 18.813 0.056
6887.65964 18.879 0.039
6888.58987 18.887 0.040
6889.54515 18.817 0.047
6889.71286 18.847 0.048
6890.65520 18.914 0.046
6891.59622 18.731 0.040
6895.55568 18.790 0.037
6896.50143 18.787 0.043
6898.51612 18.901 0.055
6907.54531 18.885 0.046
6908.52714 18.915 0.063
6909.56040 18.895 0.070
6912.58620 18.851 0.051
6915.59390 18.957 0.065
6918.59285 18.921 0.062
6921.63038 18.948 0.050
6922.62562 18.806 0.056
6924.51553 18.823 0.068
6925.55570 19.022 0.064
6926.57988 18.682 0.047
6928.49607 18.837 0.071
6929.56478 18.855 0.059
6930.60720 18.791 0.060
6936.55102 18.975 0.073
