551.77288 19.135 0.084
552.87078 18.927 0.060
553.79715 19.028 0.061
554.86892 19.001 0.086
557.86692 19.060 0.088
560.73061 18.936 0.095
561.78935 19.018 0.075
562.87533 19.019 0.093
566.72161 19.060 0.137
568.69773 19.132 0.093
569.84379 18.967 0.084
571.81132 19.006 0.071
573.74595 19.093 0.077
574.86571 19.152 0.095
575.84440 19.202 0.096
576.85276 19.045 0.087
577.91226 18.826 0.086
578.78315 19.152 0.082
581.83241 19.017 0.109
581.90409 18.957 0.086
582.78028 18.996 0.086
583.80046 19.110 0.087
587.87552 18.922 0.087
588.83098 19.216 0.097
590.81258 18.942 0.137
599.85631 19.125 0.086
600.77709 19.251 0.079
601.84840 19.079 0.079
605.79205 19.006 0.104
606.70940 19.067 0.074
607.73376 19.062 0.070
608.72553 19.074 0.084
614.76929 19.003 0.075
615.72751 19.034 0.077
616.72973 19.056 0.098
623.76521 19.279 0.104
624.65737 19.155 0.104
625.76674 19.244 0.106
626.70121 19.125 0.092
628.68018 18.974 0.071
629.74727 19.020 0.086
630.74552 19.037 0.088
631.71970 19.063 0.080
632.80151 18.896 0.085
633.85239 18.899 0.078
635.75936 19.201 0.099
643.63270 18.778 0.066
645.52333 18.565 0.058
649.49129 18.709 0.096
652.53044 18.612 0.063
652.78967 18.832 0.090
652.81224 18.662 0.089
653.67700 18.692 0.062
654.78232 18.868 0.085
655.50728 18.784 0.077
656.72114 18.679 0.057
657.57485 18.768 0.057
663.69065 18.907 0.082
664.77952 19.027 0.111
665.54877 18.984 0.062
666.71232 18.899 0.076
666.75744 19.027 0.095
667.51842 19.255 0.108
668.77985 19.197 0.096
669.62391 19.023 0.069
670.61017 18.880 0.084
671.58698 18.977 0.079
672.48853 18.889 0.082
672.58324 18.887 0.082
684.55193 19.293 0.139
684.66561 19.276 0.109
685.57781 19.002 0.086
685.67171 19.081 0.089
686.59325 19.164 0.119
687.50922 19.055 0.102
687.72438 19.312 0.101
688.53482 19.008 0.086
688.60250 18.939 0.071
688.67008 18.990 0.077
689.54305 19.169 0.077
689.63366 18.795 0.072
689.67845 19.009 0.084
694.54721 19.626 0.167
697.52631 19.262 0.125
697.57283 18.908 0.087
698.54865 18.993 0.082
698.63868 18.997 0.097
699.56972 19.075 0.076
700.53386 19.092 0.120
700.60138 19.209 0.109
701.51782 19.067 0.151
706.50845 18.968 0.106
707.54957 19.165 0.136
707.65218 18.855 0.099
708.52943 19.117 0.142
708.61485 18.966 0.121
712.52936 18.903 0.078
712.60895 19.095 0.104
713.52947 19.024 0.076
714.64040 18.878 0.067
715.53796 19.127 0.110
720.58159 19.150 0.115
727.53722 19.171 0.140
728.52047 19.187 0.134
745.53330 19.013 0.098
880.88207 18.967 0.074
881.86677 18.996 0.072
885.87779 19.278 0.114
897.78553 19.001 0.076
900.87295 19.094 0.077
911.87471 18.969 0.079
918.76611 19.088 0.110
925.75572 18.877 0.071
928.81165 18.938 0.081
931.90556 19.047 0.141
933.90543 19.107 0.109
936.88746 19.037 0.088
937.75023 19.101 0.097
939.83683 19.231 0.119
941.80968 19.059 0.077
944.84503 19.157 0.145
949.79175 18.976 0.086
951.69477 19.003 0.081
952.87105 19.021 0.069
962.83693 19.013 0.085
963.81282 19.209 0.104
965.83757 19.295 0.129
966.79869 18.964 0.066
968.77240 19.101 0.105
970.80300 18.965 0.086
971.90795 19.198 0.118
986.70536 19.056 0.107
989.68654 19.026 0.115
990.86518 19.048 0.086
991.80358 18.932 0.083
996.62235 19.077 0.138
998.62140 19.050 0.097
1005.73425 19.060 0.152
1007.67115 19.007 0.096
1011.68896 18.952 0.105
1020.56774 19.179 0.115
1026.51972 18.837 0.083
1035.61069 18.976 0.096
1036.69179 18.978 0.077
1040.62375 19.052 0.085
1041.63313 19.075 0.080
1044.54273 19.233 0.131
1047.61308 18.927 0.074
1051.67173 18.901 0.096
1061.58413 19.078 0.110
1067.54526 18.968 0.083
1075.53648 18.797 0.102
1078.63633 18.979 0.117
1081.53318 19.168 0.113
1088.53969 19.080 0.110
1091.54033 19.041 0.104
1094.58133 18.981 0.110
1103.55962 19.112 0.111
1116.50629 19.156 0.131
1219.86558 19.088 0.120
1227.83334 18.872 0.118
1234.84551 19.120 0.153
1241.81251 18.974 0.145
1245.87550 19.000 0.118
1252.85901 19.046 0.109
1254.79706 19.016 0.095
1257.79893 19.153 0.091
1260.79943 19.044 0.101
1264.80503 19.143 0.104
1265.85864 19.232 0.114
1267.87266 19.118 0.123
1272.81735 19.036 0.111
1278.87724 18.996 0.078
1280.90643 19.044 0.079
1289.70517 19.010 0.110
1294.76122 19.226 0.124
1296.73721 19.058 0.099
1298.79408 19.050 0.116
1305.86087 18.924 0.099
1306.81407 19.116 0.090
1307.84277 19.229 0.120
1313.76467 19.041 0.071
1315.71973 18.961 0.107
1316.88845 19.059 0.088
1317.85097 18.964 0.076
1318.90383 19.128 0.103
1319.84638 18.997 0.098
1320.69943 19.049 0.080
1321.74760 19.078 0.087
1327.68548 19.059 0.125
1332.76437 19.042 0.106
1335.75336 19.033 0.078
1336.72900 19.159 0.095
1339.67713 18.973 0.086
1340.84697 18.947 0.097
1342.68302 19.084 0.081
1347.68026 19.005 0.065
1348.80439 19.045 0.086
1350.71874 18.998 0.074
1354.71106 18.998 0.088
1355.79896 18.970 0.115
1364.70608 18.949 0.110
1365.75596 19.016 0.081
1366.74983 18.997 0.092
1367.62225 18.950 0.108
1368.70586 19.053 0.075
1369.64877 18.985 0.086
1370.69626 19.080 0.080
1373.62024 19.060 0.112
1375.56851 19.017 0.093
1394.79402 19.007 0.126
1395.65379 18.949 0.082
1397.75364 19.007 0.095
1399.70961 18.972 0.087
1400.75151 19.067 0.109
1402.68536 19.055 0.082
1403.72954 18.984 0.110
1407.69540 18.969 0.106
1417.48857 19.157 0.155
1430.58019 19.240 0.138
1432.58614 19.066 0.114
1435.61085 19.053 0.136
1443.61559 19.140 0.153
1448.55960 19.078 0.122
1451.54500 19.132 0.112
1454.58613 19.086 0.148
1460.54656 19.102 0.149
1481.51570 19.083 0.109
1582.87343 19.194 0.131
1586.86672 19.064 0.096
1591.87789 19.094 0.127
1597.85067 19.097 0.112
1600.85909 18.947 0.123
1603.87855 19.285 0.166
1608.83483 19.120 0.119
1611.80224 18.987 0.099
1616.79988 19.085 0.123
1618.85967 18.963 0.102
1622.80525 19.130 0.107
1624.84772 19.185 0.113
1626.78954 18.971 0.094
1628.79522 18.993 0.136
1630.84553 18.986 0.120
1633.75536 19.134 0.100
1643.82855 19.002 0.083
1644.85767 18.981 0.070
1646.75277 18.823 0.081
1650.77572 18.941 0.121
1652.75494 19.077 0.097
1654.73196 19.202 0.111
1660.87428 19.043 0.082
1662.68066 19.038 0.099
1664.78976 18.990 0.084
1665.80288 18.978 0.080
1666.89760 19.115 0.081
1667.81920 18.984 0.094
1669.74170 19.139 0.117
1670.81038 18.944 0.078
1671.69477 19.124 0.093
1672.78583 19.030 0.079
1675.71479 19.066 0.096
1676.72912 19.218 0.108
1682.78326 19.196 0.152
1687.67919 19.126 0.131
1689.73567 18.944 0.091
1692.79509 18.717 0.068
1695.65568 18.952 0.075
1698.78952 18.947 0.080
1700.62336 19.155 0.118
1702.84502 19.022 0.113
1704.57128 19.199 0.133
1705.83517 19.029 0.114
1706.75059 19.053 0.089
1706.79648 19.043 0.078
1716.74764 18.976 0.094
1718.82554 19.165 0.150
1721.82609 19.099 0.136
1725.83472 19.120 0.152
1726.65157 18.954 0.101
1728.69559 18.952 0.076
1729.70785 19.036 0.077
1730.67323 18.972 0.080
1731.66611 19.054 0.077
1732.64841 19.197 0.101
1738.62559 19.031 0.115
1742.63248 19.227 0.110
1744.67023 18.880 0.088
1745.60789 19.077 0.074
1748.70851 18.957 0.087
1749.72373 19.090 0.068
1750.79639 18.849 0.103
1751.70148 19.044 0.082
1752.67476 19.107 0.103
1754.55822 18.916 0.090
1755.50894 18.795 0.089
1756.70806 18.930 0.116
1757.54688 19.006 0.107
1758.74050 19.074 0.121
1759.68601 19.041 0.090
1760.55279 18.972 0.079
1761.52541 18.977 0.083
1762.52257 18.948 0.077
1763.59246 19.137 0.075
1764.62737 19.180 0.096
1765.69946 18.975 0.085
1771.52304 19.027 0.110
1772.53346 19.009 0.087
1773.54809 19.260 0.105
1775.54934 19.082 0.092
1776.54419 19.009 0.082
1777.55651 19.153 0.105
1783.55726 18.987 0.090
1784.54896 19.004 0.070
1785.54347 19.014 0.093
1786.53590 19.073 0.077
1787.49039 19.021 0.107
1789.53984 19.042 0.093
1790.52592 19.079 0.089
1804.58714 18.970 0.106
1810.50771 18.935 0.092
1812.53181 18.940 0.094
1814.56942 19.164 0.110
1817.50991 18.930 0.087
1825.53598 19.089 0.088
1828.55218 19.184 0.154
2117.76789 19.755 0.241
2124.75495 20.323 0.626
2128.72516 19.862 0.259
2131.58826 19.946 0.217
2135.61199 19.694 0.147
2140.59428 20.129 0.305
2143.70129 19.616 0.166
2165.54578 20.079 0.308
2172.49731 19.977 0.337
2185.52550 19.960 0.317
2200.57316 19.460 0.248
2329.85926 19.979 0.200
2346.84935 19.847 0.206
2351.88112 20.034 0.238
2360.88722 19.789 0.201
2371.86103 19.768 0.192
2381.87356 19.768 0.172
2385.88876 19.778 0.188
2389.89999 19.803 0.207
2391.79138 19.709 0.312
2399.78861 19.859 0.165
2402.88743 19.772 0.231
2405.72461 19.911 0.226
2415.75629 20.041 0.326
2417.82042 19.760 0.252
2428.62631 20.129 0.334
2432.68343 19.951 0.373
2433.89624 19.925 0.369
2435.69728 20.115 0.283
2437.76330 19.881 0.249
2439.70686 19.965 0.227
2441.66694 19.898 0.182
2444.67881 19.808 0.231
2452.69499 20.177 0.377
2458.81036 19.841 0.224
2462.61740 19.909 0.187
2464.63091 19.782 0.179
2467.52042 19.815 0.192
2469.53017 19.871 0.174
2471.71439 19.905 0.163
2473.51921 19.765 0.286
2483.59915 19.726 0.191
2486.57779 19.876 0.327
2490.54968 19.886 0.240
2493.50791 20.058 0.274
2495.58250 19.727 0.267
2497.63855 19.926 0.191
2499.68449 19.837 0.170
2501.70264 19.822 0.189
2508.52109 20.016 0.313
2511.69962 19.978 0.365
2518.61879 20.104 0.291
2521.63086 19.601 0.189
2535.55818 19.806 0.276
2541.48198 20.058 0.347
2546.57507 19.706 0.241
2551.48686 20.187 0.459
2555.58278 19.711 0.336
2562.53603 19.665 0.268
2573.50466 19.852 0.404
2704.87189 19.884 0.215
2713.85937 20.163 0.327
2727.90738 19.958 0.201
2732.91958 19.698 0.197
2743.91251 19.816 0.167
2752.82017 19.840 0.252
2755.92973 19.935 0.235
2759.92160 19.903 0.237
2766.79211 19.918 0.186
2770.67722 20.144 0.322
2782.91819 19.754 0.355
2784.89795 19.716 0.214
2786.75619 19.899 0.359
2789.62870 20.091 0.309
2791.58824 19.780 0.241
2794.74512 19.985 0.284
2796.69003 20.025 0.193
2802.77770 19.679 0.277
2808.80857 19.674 0.237
2810.71641 19.970 0.221
2812.67854 19.938 0.220
2813.76838 19.855 0.224
2815.70311 19.954 0.193
2816.83885 19.779 0.233
2817.84748 20.012 0.349
2818.64762 19.978 0.247
2819.64172 19.825 0.187
2821.61186 19.926 0.232
2830.65302 19.823 0.241
2835.57860 19.801 0.411
2836.80990 19.870 0.511
2838.70460 19.907 0.269
2840.68242 19.869 0.196
2842.74893 20.065 0.297
2844.74561 19.865 0.175
2849.66004 19.698 0.196
2851.67782 19.825 0.226
2853.68331 19.991 0.236
2856.56424 20.107 0.293
2858.53365 19.682 0.193
2859.50691 19.666 0.394
2860.68724 20.048 0.420
2862.70512 19.851 0.332
2865.64002 19.909 0.240
2867.67732 19.808 0.195
2869.69118 19.792 0.242
2872.57811 19.909 0.245
2877.55029 19.874 0.227
2882.60803 19.708 0.164
2889.55557 20.267 0.526
2894.62791 19.902 0.321
2898.61431 19.809 0.245
2903.55732 19.840 0.220
2907.61488 19.756 0.332
2916.55063 19.890 0.276
2925.57768 19.905 0.327
2937.53884 19.944 0.329
3049.87887 19.983 0.226
3057.89462 19.887 0.249
3061.86926 19.908 0.260
3067.80588 19.690 0.173
3069.87940 19.893 0.209
3072.84069 19.841 0.190
3074.87614 20.124 0.257
3081.76169 19.882 0.261
3083.86201 19.639 0.163
3085.81587 19.914 0.202
3087.76580 20.157 0.365
3089.75316 19.900 0.214
3090.91121 19.759 0.172
3096.75475 20.261 0.387
3098.75684 19.848 0.215
3099.75529 19.768 0.288
3101.74887 20.001 0.369
3103.75722 19.743 0.231
3107.75045 20.096 0.219
3108.90664 19.916 0.215
3109.72562 19.877 0.193
3110.74050 20.179 0.284
3111.79718 20.084 0.258
3112.73618 19.845 0.210
3113.77943 19.809 0.158
3114.71898 19.983 0.197
3115.77818 20.064 0.223
3118.83484 20.006 0.257
3122.78815 20.099 0.315
3125.76565 19.550 0.246
3126.77191 19.951 0.200
3127.70541 19.513 0.150
3128.72473 20.009 0.278
3129.70314 19.764 0.256
3130.87934 19.803 0.288
3134.67627 20.068 0.514
3137.72454 19.661 0.250
3138.88130 19.898 0.222
3139.74388 19.889 0.176
3140.77995 19.732 0.161
3141.88087 19.629 0.146
3144.69893 20.039 0.236
3146.66051 19.798 0.280
3151.65858 19.753 0.290
3152.66395 19.753 0.190
3153.66633 19.811 0.216
3154.74755 19.892 0.268
3156.65791 19.835 0.232
3158.69432 19.717 0.411
3162.71136 19.660 0.187
3163.67748 19.957 0.208
3163.90158 19.823 0.275
3164.64001 19.792 0.177
3166.70326 19.651 0.232
3167.85627 19.699 0.215
3168.65946 19.917 0.205
3169.62998 19.765 0.158
3169.92325 19.756 0.340
3170.86325 19.872 0.188
3171.65746 20.304 0.261
3172.63600 19.808 0.170
3174.62218 19.747 0.146
3175.62072 19.822 0.186
3176.65313 19.901 0.206
3178.68303 19.687 0.194
3179.71349 19.872 0.204
3180.60562 19.853 0.156
3182.66311 19.773 0.216
3183.62699 19.783 0.216
3184.59772 20.202 0.232
3185.70807 20.055 0.275
3192.74372 20.153 0.314
3193.77456 19.655 0.187
3194.69791 19.815 0.210
3195.57695 20.002 0.197
3196.65475 20.180 0.277
3196.82362 19.744 0.244
3197.64795 19.842 0.211
3199.60292 19.754 0.187
3202.65086 19.945 0.231
3203.78109 20.220 0.248
3205.58756 19.956 0.167
3206.56943 19.888 0.177
3207.57630 20.368 0.439
3210.80387 19.879 0.311
3211.56300 19.734 0.187
3212.56795 19.600 0.230
3217.56427 19.364 0.265
3218.56335 19.684 0.217
3223.55691 20.072 0.353
3224.56858 19.899 0.190
3226.52351 19.959 0.289
3229.53218 20.038 0.220
3230.57250 20.060 0.253
3239.68088 19.865 0.276
3244.66669 20.724 0.772
3246.61762 20.030 0.340
3248.57739 19.923 0.297
3250.56254 20.010 0.250
3253.50358 20.076 0.229
3255.67376 19.313 0.213
3258.59828 19.824 0.288
3262.54500 19.940 0.257
3266.55243 19.706 0.302
3268.62059 19.769 0.205
3274.51372 20.152 0.349
3278.53163 20.160 0.345
3280.58992 20.259 0.331
3287.52140 19.837 0.228
3292.50883 19.757 0.229
3306.53134 21.004 1.163
3308.51938 19.685 0.337
3311.52357 20.303 0.514
3432.83406 20.192 0.361
3442.79915 19.884 0.242
3444.85326 19.987 0.207
3446.88177 19.670 0.176
3448.91254 20.430 0.316
3452.79656 19.808 0.212
3454.85368 19.752 0.218
3468.81200 20.091 0.203
3470.78162 19.784 0.158
3473.81013 19.809 0.197
3475.73195 19.992 0.206
3477.81734 20.077 0.247
3479.87994 19.822 0.136
3481.69411 19.814 0.226
3483.76900 19.846 0.178
3496.87904 20.383 0.388
3497.69438 19.587 0.234
3499.91197 20.404 0.298
3500.83822 19.830 0.162
3501.72170 20.140 0.303
3502.87665 19.583 0.176
3503.79415 20.032 0.189
3504.76255 19.697 0.158
3508.68061 19.814 0.256
3509.66796 20.187 0.283
3512.74464 19.608 0.198
3520.61947 19.009 0.123
3521.78484 19.047 0.091
3522.64138 19.153 0.099
3523.67270 19.269 0.113
3524.65678 19.178 0.122
3525.83539 19.159 0.091
3526.84238 19.225 0.097
3527.85358 19.087 0.127
3528.81758 19.234 0.140
3529.90484 19.229 0.109
3530.76146 19.247 0.088
3538.77779 19.663 0.145
3541.85228 19.854 0.212
3547.67093 19.911 0.346
3550.75003 19.188 0.093
3551.69579 20.064 0.173
3552.80112 19.184 0.163
3553.65425 19.593 0.173
3554.63794 20.569 0.506
3556.61819 19.717 0.174
3558.68139 20.230 0.237
3559.76133 19.827 0.164
3560.78367 19.821 0.155
3561.69352 20.145 0.190
3562.49663 19.891 0.177
3563.55040 19.636 0.151
3564.69227 19.624 0.211
3569.79367 19.824 0.260
3573.54850 20.026 0.330
3574.60304 19.642 0.206
3575.59190 20.038 0.187
3576.64612 20.050 0.214
3577.62212 19.930 0.197
3578.57562 19.710 0.140
3579.55937 19.888 0.158
3580.54607 20.025 0.197
3581.58628 19.712 0.165
3582.53472 19.805 0.200
3583.57420 19.745 0.175
3584.56045 19.939 0.176
3585.55103 19.984 0.197
3586.61612 19.899 0.185
3587.68385 19.765 0.212
3589.58959 19.868 0.131
3590.54725 20.030 0.208
3591.62590 19.709 0.136
3593.51237 19.711 0.139
3594.62755 19.492 0.129
3601.52574 20.013 0.212
3602.54051 19.902 0.262
3603.53142 20.097 0.289
3607.54725 19.695 0.159
3608.53912 19.788 0.216
3617.54273 19.102 0.128
3620.61826 19.819 0.189
3629.60221 19.739 0.249
3632.52344 19.533 0.193
3634.58544 19.833 0.227
3640.61046 19.586 0.204
3643.53155 19.905 0.326
3651.52948 19.707 0.208
3653.55755 20.665 0.871
3774.87035 19.926 0.207
3780.85003 20.352 0.409
3815.76254 19.973 0.650
3815.77193 20.654 1.159
3815.77543 20.679 1.254
3815.78916 19.998 0.268
3815.79256 20.055 0.272
3815.81208 19.598 0.172
3815.82224 20.020 0.267
3815.83289 20.085 0.260
3815.87279 19.748 0.173
3882.93810 19.867 0.218
3890.59060 20.109 0.283
3890.62821 19.644 0.168
3890.64665 20.127 0.248
3890.66383 20.156 0.239
3890.67287 19.806 0.169
3890.68170 19.798 0.166
3890.69038 19.964 0.182
3890.70204 19.969 0.169
3890.71354 19.853 0.154
3890.72503 20.129 0.184
3890.73507 19.276 0.085
3894.66020 19.560 0.222
3894.69263 19.664 0.206
3894.72170 19.970 0.228
3894.76284 19.800 0.230
3894.80501 19.835 0.260
3894.84295 19.651 0.234
3894.87559 20.732 0.560
3896.57015 19.928 0.414
3896.63636 19.988 0.306
3896.70823 19.920 0.216
3896.75228 20.282 0.382
3900.55180 20.161 0.405
3900.76762 19.629 0.175
3901.56202 19.869 0.271
3901.79403 19.877 0.205
4154.87829 19.767 0.192
4157.84649 20.135 0.294
4159.86532 20.087 0.309
4162.81174 19.994 0.343
4164.85245 19.862 0.215
4166.86832 20.163 0.503
4168.90432 19.937 0.270
4174.79036 19.914 0.277
4176.78336 20.090 0.275
4177.83292 20.032 0.247
4178.87987 20.120 0.269
4180.76334 19.978 0.335
4181.86237 19.788 0.176
4182.91458 20.147 0.247
4184.79726 20.274 0.295
4185.91819 19.781 0.259
4190.80840 20.132 0.328
4191.90852 19.977 0.293
4192.82713 19.615 0.230
4193.83806 19.902 0.230
4194.85967 20.138 0.268
4196.84813 20.041 0.277
4202.82943 19.862 0.180
4203.81759 19.850 0.190
4204.81303 19.984 0.226
4205.80810 20.138 0.237
4207.81019 19.963 0.191
4208.83371 20.044 0.242
4213.80890 20.013 0.218
4215.81516 19.973 0.229
4216.77288 19.931 0.235
4217.78073 19.903 0.170
4218.83568 19.581 0.207
4219.86282 19.812 0.224
4220.80002 20.247 0.336
4222.76859 20.039 0.293
4224.88505 19.711 0.216
4228.76582 20.146 0.354
4229.75049 19.759 0.221
4230.73429 19.964 0.284
4231.73667 20.180 0.300
4232.74815 20.198 0.387
4234.63747 19.885 0.287
4235.70990 19.943 0.211
4238.75985 19.815 0.268
4239.71129 19.970 0.230
4240.87977 19.837 0.270
4243.77854 20.190 0.392
4244.75367 20.267 0.308
4245.74451 20.024 0.193
4246.80216 20.181 0.254
4250.82755 19.949 0.291
4256.66449 19.966 0.286
4258.67432 19.934 0.251
4267.63960 19.844 0.198
4268.80821 19.923 0.218
4269.61686 19.962 0.211
4272.66863 19.953 0.186
4273.71778 19.993 0.231
4274.51441 19.939 0.369
4275.66922 19.950 0.289
4277.62662 19.840 0.218
4278.64260 19.657 0.240
4283.58346 19.892 0.298
4284.57188 19.857 0.280
4285.57525 19.807 0.270
4286.57477 20.033 0.287
4289.60962 19.852 0.260
4290.63220 19.835 0.271
4291.69589 19.912 0.234
4292.55727 19.721 0.168
4293.56349 19.917 0.212
4294.55643 20.148 0.271
4295.57828 19.786 0.197
4296.56520 19.858 0.198
4297.62678 20.009 0.212
4298.60324 20.049 0.241
4299.57360 20.022 0.216
4300.47209 19.818 0.248
4301.65234 19.954 0.214
4302.63464 19.565 0.178
4303.75369 19.891 0.282
4304.59947 20.411 0.547
4306.60036 19.882 0.383
4310.70113 19.841 0.341
4312.59515 19.764 0.199
4315.60544 19.733 0.219
4316.62652 19.690 0.201
4317.52493 20.106 0.274
4319.58796 19.746 0.195
4320.68096 19.781 0.228
4326.48977 19.778 0.219
4326.60387 19.934 0.213
4327.62853 19.562 0.206
4328.57076 19.852 0.183
4329.56376 19.670 0.217
4330.60569 19.898 0.217
4331.57038 19.932 0.245
4332.49358 19.640 0.160
4332.54364 19.993 0.205
4332.58161 19.840 0.204
4332.61301 19.958 0.232
4332.63696 19.693 0.181
4332.65818 19.984 0.258
4332.67661 20.068 0.297
4332.70609 19.862 0.285
4332.72175 19.833 0.271
4332.73462 19.646 0.223
4333.57105 19.957 0.273
4334.57003 20.463 0.758
4338.60150 19.745 0.257
4339.57058 19.743 0.200
4340.66770 19.995 0.328
4341.57261 19.978 0.324
4342.60890 19.771 0.216
4343.58814 19.817 0.196
4344.63331 19.660 0.197
4345.58797 19.844 0.239
4346.59003 19.938 0.267
4347.60392 19.739 0.249
4349.57581 19.872 0.187
4350.48171 19.740 0.318
4350.52996 19.614 0.169
4350.55972 19.824 0.191
4350.59378 19.756 0.198
4350.63761 19.870 0.240
4351.57788 20.130 0.319
4353.59774 19.848 0.277
4354.61726 19.885 0.289
4355.63020 19.768 0.259
4356.58186 19.902 0.245
4358.60438 19.973 0.267
4359.62348 20.021 0.393
4361.62415 19.961 0.408
4362.61129 21.140 1.944
4368.57315 19.557 0.279
4371.58918 19.877 0.300
4373.57969 19.806 0.218
4378.56168 20.083 0.359
4381.56491 19.732 0.284
4396.57438 19.854 0.401
4506.85294 19.970 0.330
4512.86720 19.744 0.170
4514.88548 19.790 0.248
4518.86974 19.843 0.339
4521.84004 20.203 0.377
4524.84938 19.656 0.253
4530.83742 19.835 0.180
4533.87322 19.979 0.264
4535.89589 19.893 0.266
4537.82554 20.073 0.264
4539.76879 20.017 0.371
4540.89595 19.831 0.190
4541.89320 20.222 0.254
4542.85660 19.915 0.236
4543.88268 20.058 0.229
4544.88029 19.747 0.162
4545.80490 20.231 0.314
4546.85803 19.811 0.256
4547.87422 19.849 0.218
4550.87396 19.981 0.264
4551.85568 19.864 0.309
4552.86031 20.150 0.601
4556.82822 20.101 0.278
4557.85456 19.784 0.216
4558.85099 19.915 0.202
4559.81865 19.928 0.190
4560.81895 19.924 0.191
4561.80785 19.829 0.157
4564.81217 19.726 0.154
4565.80109 19.897 0.160
4566.80314 19.735 0.142
4567.80351 19.929 0.191
4568.82589 19.746 0.180
4569.81974 19.972 0.239
4570.81040 19.788 0.198
4571.79412 19.779 0.177
4572.83201 20.383 0.340
4573.80768 20.282 0.352
4574.80984 20.002 0.304
4575.81862 19.932 0.244
4578.86124 19.918 0.329
4583.67148 20.011 0.417
4585.88284 20.023 0.273
4586.68131 19.909 0.333
4587.81133 19.786 0.218
4588.79433 19.895 0.201
4589.63649 19.758 0.246
4590.74462 20.280 0.351
4591.62881 20.014 0.378
4592.73776 19.797 0.210
4593.72299 19.806 0.231
4594.75156 19.757 0.194
4595.73930 19.669 0.188
4596.72849 19.998 0.219
4597.75973 19.808 0.202
4598.72914 19.805 0.164
4599.70490 19.924 0.211
4600.71401 19.833 0.154
4601.71867 20.061 0.212
4602.71278 19.783 0.172
4603.93623 19.844 0.255
4606.72662 19.800 0.212
4610.82045 19.954 0.322
4611.70035 19.753 0.205
4611.88685 19.653 0.207
4612.72054 19.886 0.240
4615.87698 20.157 0.420
4616.68235 19.977 0.216
4617.79129 19.975 0.296
4618.72313 20.068 0.278
4622.66443 19.734 0.209
4623.74427 19.592 0.232
4624.67972 19.935 0.235
4625.66480 19.788 0.247
4626.71486 19.529 0.218
4627.63794 19.987 0.203
4628.63822 19.938 0.295
4629.70340 19.883 0.209
4630.64024 19.899 0.245
4631.66179 19.959 0.198
4632.65961 20.020 0.278
4633.71870 20.057 0.261
4639.76413 19.861 0.279
4640.66414 19.915 0.229
4641.82069 19.829 0.315
4642.66257 20.144 0.282
4643.62855 20.068 0.279
4644.69564 19.986 0.237
4645.61821 19.804 0.195
4646.59887 20.035 0.213
4647.60924 19.886 0.201
4649.60341 19.824 0.190
4650.63170 19.992 0.268
4651.64666 19.663 0.171
4652.57575 20.093 0.283
4653.56970 19.976 0.297
4654.60883 20.224 0.307
4655.57312 19.988 0.279
4656.57142 19.731 0.181
4658.73351 19.753 0.283
4660.68301 20.428 0.409
4661.56563 19.937 0.242
4665.72737 19.884 0.317
4666.63283 19.951 0.277
4670.69757 19.937 0.317
4671.62230 19.974 0.209
4672.58189 19.814 0.191
4674.58835 20.042 0.312
4677.56085 19.985 0.220
4681.57624 20.012 0.237
4682.59372 19.793 0.213
4683.59072 19.741 0.254
4684.60872 20.136 0.277
4685.57641 19.799 0.220
4686.69318 19.963 0.329
4687.62363 19.931 0.233
4688.56730 19.757 0.222
4694.64510 19.433 0.276
4697.57105 19.887 0.230
4698.59730 19.916 0.230
4700.59235 19.749 0.215
4701.57522 19.763 0.291
4702.59015 19.665 0.192
4703.65746 19.918 0.290
4708.59095 20.135 0.318
4710.62613 19.746 0.210
4716.66289 20.106 0.389
4720.60838 19.520 0.244
4721.57727 19.785 0.343
4724.58931 19.850 0.330
4726.56855 19.417 0.238
4731.61809 19.532 0.214
4738.49399 19.889 0.272
4740.59820 19.802 0.274
4748.56293 19.731 0.299
4754.53845 19.881 0.392
4755.51675 19.601 0.226
4759.50712 19.640 0.266
4875.84614 19.865 0.305
4878.87638 19.960 0.262
4885.85815 19.858 0.235
4887.89646 19.736 0.225
4891.90205 19.774 0.270
4897.88425 19.951 0.238
4900.90200 19.827 0.227
4903.82680 19.731 0.190
4904.88502 20.080 0.284
4906.87651 19.951 0.250
4910.88305 19.824 0.253
4912.86957 19.955 0.181
4914.85095 20.035 0.216
4921.75911 19.891 0.213
4925.78453 19.960 0.189
4927.83836 20.167 0.305
4929.80708 19.898 0.237
4930.84043 20.205 0.399
4931.78428 19.744 0.236
4932.73949 19.771 0.237
4933.78780 19.748 0.212
4938.76283 19.743 0.223
4939.78815 19.992 0.259
4941.74225 20.053 0.270
4942.78305 19.767 0.170
4943.77094 19.835 0.186
4945.86324 19.993 0.204
4950.78822 19.611 0.175
4952.81518 19.829 0.207
4953.77981 20.140 0.288
4954.74163 19.739 0.198
4954.76818 19.650 0.161
4955.73748 19.920 0.245
5260.86866 18.989 0.053
5261.80352 19.131 0.070
5262.84196 19.079 0.163
5264.82661 18.757 0.055
5264.87974 18.717 0.064
5264.89704 18.706 0.054
5265.80272 18.708 0.049
5266.79069 18.771 0.055
5267.83252 18.770 0.051
5268.80374 19.149 0.066
5269.79863 19.086 0.058
5270.84301 19.028 0.052
5271.79805 19.216 0.069
5272.80491 19.186 0.080
5273.85953 19.012 0.058
5274.80826 19.158 0.075
5275.79481 19.215 0.085
5276.82892 19.016 0.055
5277.79504 19.095 0.078
5278.80507 19.165 0.074
5279.80632 19.204 0.090
5280.85789 19.168 0.056
5281.79283 19.243 0.064
5282.77335 19.167 0.090
5282.91835 19.026 0.087
5283.77448 19.122 0.080
5284.77647 19.089 0.102
5285.77217 19.063 0.090
5285.90169 19.157 0.084
5286.76337 19.082 0.079
5287.83301 19.199 0.076
5288.76636 19.159 0.084
5292.83650 18.866 0.081
5293.84444 19.074 0.065
5294.77426 19.173 0.055
5295.77594 19.075 0.055
5296.81638 18.992 0.045
5297.85072 19.077 0.046
5298.89092 18.970 0.047
5299.87414 19.085 0.051
5301.80243 19.023 0.049
5304.76457 18.952 0.074
5306.76097 18.889 0.054
5307.76393 19.030 0.062
5308.75352 19.038 0.069
5309.82511 19.096 0.058
5310.79295 18.972 0.068
5311.89905 18.941 0.058
5312.88994 18.962 0.064
5313.91617 19.005 0.078
5315.78983 19.062 0.075
5316.74585 18.973 0.100
5319.88985 18.872 0.127
5320.78375 18.965 0.084
5321.73064 18.996 0.073
5321.92472 18.902 0.059
5323.84219 18.965 0.059
5324.77277 18.968 0.063
5325.69045 19.135 0.064
5325.89072 19.004 0.057
5326.81548 19.109 0.054
5327.76261 18.995 0.057
5328.62609 19.008 0.062
5328.88587 18.904 0.055
5334.81168 19.087 0.053
5335.78853 19.081 0.052
5336.84901 19.027 0.059
5337.87681 18.961 0.078
5338.90503 19.064 0.098
5339.91087 18.942 0.117
5340.85238 19.063 0.087
5341.74723 19.028 0.067
5342.61197 18.950 0.104
5342.80759 19.126 0.091
5343.64128 19.121 0.101
5343.83440 19.126 0.092
5348.78166 19.005 0.074
5349.61875 19.070 0.125
5350.67050 18.918 0.081
5351.76449 18.915 0.065
5352.77872 18.894 0.058
5353.74706 18.984 0.053
5354.69298 19.075 0.068
5355.63323 18.994 0.073
5357.63210 19.016 0.074
5358.77919 18.837 0.075
5359.65685 18.692 0.049
5359.88664 19.179 0.101
5362.82371 19.108 0.061
5364.88888 18.911 0.069
5365.85697 18.852 0.068
5369.81336 18.918 0.075
5376.77895 18.988 0.080
5377.70629 18.990 0.060
5378.55514 19.093 0.067
5378.84246 19.112 0.080
5379.74734 19.001 0.061
5380.57405 19.039 0.062
5380.82933 18.683 0.083
5381.70450 19.014 0.081
5382.56803 18.734 0.088
5382.77483 18.789 0.080
5385.57075 19.029 0.053
5386.50384 19.038 0.074
5386.58592 19.025 0.068
5386.67019 18.929 0.063
5386.80012 18.841 0.048
5387.78387 18.778 0.047
5388.71720 18.993 0.054
5389.58724 18.889 0.052
5390.56936 19.017 0.077
5390.82626 19.015 0.065
5391.81222 18.965 0.069
5392.70772 19.020 0.063
5393.72063 18.732 0.064
5396.61735 19.131 0.079
5397.68007 19.125 0.080
5402.68501 18.773 0.129
5403.65256 19.022 0.068
5404.52367 19.044 0.078
5404.72093 18.974 0.079
5405.73656 18.941 0.063
5407.59023 18.953 0.080
5408.50608 18.919 0.083
5408.71320 18.812 0.063
5409.66987 18.998 0.051
5410.67327 19.106 0.055
5411.70882 19.046 0.045
5412.64692 19.064 0.077
5413.70174 19.153 0.061
5418.61572 19.002 0.051
5421.64421 19.092 0.064
5422.72030 19.138 0.065
5426.49243 19.072 0.114
5430.56303 19.192 0.097
5431.55824 19.092 0.070
5434.52320 19.049 0.081
5435.49429 18.987 0.079
5436.49202 18.978 0.074
5438.52726 19.029 0.081
5439.59533 19.016 0.083
5443.60955 18.875 0.068
5444.63517 19.008 0.065
5446.51758 19.185 0.069
5447.53305 18.908 0.057
5448.66511 18.934 0.067
5450.54562 19.010 0.077
5453.48092 18.822 0.103
5457.57637 19.064 0.057
5458.60146 19.070 0.110
5460.48373 18.920 0.095
5461.51478 18.727 0.128
5462.53476 18.949 0.072
5465.53609 18.974 0.076
5467.51783 18.981 0.053
5469.51591 18.956 0.051
5470.54013 18.994 0.064
5471.54562 18.927 0.060
5472.48801 18.968 0.076
5472.58270 19.141 0.086
5473.52873 18.926 0.070
5476.52904 18.950 0.098
5478.50792 18.884 0.061
5479.53714 19.080 0.090
5480.52043 18.901 0.074
5481.48925 18.976 0.118
5485.53612 18.978 0.082
5486.52244 18.951 0.087
5487.50545 19.023 0.063
5488.48936 18.951 0.098
5488.55567 18.948 0.096
5489.54627 18.864 0.088
5490.54233 18.855 0.094
5492.53911 18.843 0.103
5495.49270 18.991 0.099
5497.49540 19.069 0.134
5499.49984 18.824 0.103
5502.51259 18.942 0.075
5598.87280 18.910 0.071
5599.86293 18.884 0.064
5600.85939 19.055 0.061
5616.89314 18.962 0.073
5622.89241 18.995 0.044
5625.82605 19.108 0.069
5627.81901 19.137 0.094
5628.90218 19.065 0.061
5629.82956 19.067 0.065
5631.85824 19.136 0.066
5632.90884 18.968 0.086
5633.81334 19.053 0.052
5634.80708 19.095 0.066
5637.84259 18.966 0.091
5639.80653 19.176 0.083
5639.88204 19.100 0.069
5640.77924 19.053 0.092
5640.85564 19.122 0.078
5641.78332 18.992 0.061
5641.90861 19.145 0.096
5642.84467 19.273 0.085
5643.77142 19.061 0.075
5643.86946 19.092 0.061
5644.77914 19.123 0.085
5644.89042 19.081 0.070
5648.76102 19.086 0.058
5648.86858 19.102 0.059
5649.76743 19.236 0.068
5649.87383 19.189 0.068
5650.75920 19.086 0.053
5650.86580 19.100 0.059
5651.77983 19.346 0.075
5651.89935 19.171 0.055
5652.82324 19.199 0.060
5654.79710 19.212 0.069
5654.88559 18.956 0.053
5655.79382 19.246 0.067
5655.87851 19.158 0.058
5656.83003 19.095 0.051
5657.79045 19.267 0.060
5657.87687 19.166 0.053
5658.78731 18.918 0.060
5658.88288 19.228 0.068
5659.73897 19.210 0.061
5659.81589 19.261 0.075
5659.90660 19.079 0.059
5660.79043 19.207 0.065
5660.90423 19.047 0.060
5662.78140 19.249 0.083
5662.88135 19.056 0.055
5664.84802 19.107 0.081
5665.72224 19.121 0.080
5665.83795 19.038 0.051
5665.92500 19.130 0.064
5667.89587 19.109 0.047
5668.90202 19.203 0.098
5669.89144 19.160 0.082
5670.86959 19.058 0.067
5675.74885 19.168 0.116
5676.67491 19.032 0.039
5677.79109 19.172 0.069
5679.71342 19.190 0.068
5679.89763 19.124 0.058
5680.78697 19.193 0.083
5681.68921 19.017 0.064
5681.87443 19.088 0.066
5682.76591 19.227 0.065
5683.71294 19.138 0.058
5683.93412 19.032 0.080
5684.86660 19.058 0.055
5685.82222 19.151 0.051
5686.73136 19.149 0.063
5686.91708 18.878 0.054
5687.82010 19.064 0.048
5689.74146 19.178 0.065
5690.72007 19.227 0.070
5691.64936 19.290 0.093
5691.85399 18.977 0.055
5692.75662 19.086 0.060
5692.91125 19.067 0.067
5693.78015 19.175 0.060
5693.93658 18.929 0.077
5694.78546 19.105 0.072
5694.94168 19.195 0.150
5695.82795 19.165 0.063
5696.63255 19.119 0.083
5696.81307 18.973 0.065
5697.64187 19.061 0.079
5697.81942 19.191 0.066
5698.64696 19.014 0.117
5698.81810 19.047 0.081
5703.74773 19.241 0.141
5705.78299 18.950 0.063
5706.71683 18.980 0.078
5707.61715 19.032 0.078
5707.79119 19.109 0.060
5708.59806 19.000 0.073
5708.78498 18.887 0.078
5709.63891 19.000 0.064
5712.69729 19.011 0.057
5712.86226 19.007 0.065
5715.63422 19.118 0.065
5715.82327 19.062 0.056
5716.71842 19.138 0.061
5716.88178 18.928 0.055
5721.79400 19.264 0.064
5722.60567 18.995 0.062
5722.61928 19.088 0.060
5722.81944 19.151 0.068
5723.69801 19.029 0.059
5723.85612 19.190 0.086
5724.73918 19.388 0.103
5725.64689 19.143 0.078
5725.66115 19.103 0.066
5726.56766 19.023 0.101
5726.74166 19.338 0.210
5734.72360 18.918 0.070
5735.65099 19.026 0.074
5736.59224 18.962 0.046
5736.80429 19.025 0.051
5737.60278 19.044 0.053
5737.78011 19.095 0.056
5738.62040 18.928 0.058
5739.51858 19.045 0.074
5739.70397 19.157 0.061
5739.87769 19.084 0.093
5740.69139 18.981 0.056
5740.87128 19.066 0.084
5741.63246 19.039 0.059
5741.81182 18.878 0.056
5742.56744 19.167 0.073
5742.74497 19.147 0.051
5743.61748 18.809 0.065
5743.79417 18.859 0.055
5744.55180 19.048 0.077
5744.76697 18.879 0.047
5745.54208 18.931 0.078
5745.72741 19.170 0.066
5746.57186 19.166 0.088
5746.75555 19.051 0.065
5747.64648 18.940 0.077
5748.62053 19.002 0.069
5749.59141 19.176 0.074
5749.75852 19.280 0.096
5753.54094 19.168 0.124
5753.80330 19.031 0.126
5760.53533 18.827 0.066
5760.73880 18.998 0.063
5761.55140 19.405 0.060
5762.59466 19.091 0.065
5762.77038 19.173 0.113
5763.64916 19.070 0.063
5763.81384 19.156 0.097
5764.64149 19.096 0.062
5765.51187 19.081 0.071
5765.70804 19.182 0.071
5766.58758 19.116 0.061
5766.75304 18.953 0.073
5767.65825 19.105 0.066
5768.50228 19.175 0.077
5768.69903 18.991 0.042
5769.52920 19.093 0.058
5775.60960 19.168 0.076
5776.69020 19.261 0.082
5777.59270 19.108 0.064
5778.53079 18.836 0.073
5779.66110 19.093 0.065
5785.47724 18.868 0.083
5785.68381 19.017 0.083
5786.47047 18.997 0.144
5786.48538 19.089 0.138
5786.49987 18.899 0.093
5786.51539 18.785 0.083
5786.52970 18.752 0.079
5786.54794 18.928 0.088
5786.56277 18.829 0.091
5786.57758 18.751 0.067
5786.59225 18.782 0.060
5786.60728 18.894 0.067
5786.62183 18.790 0.055
5786.63531 18.815 0.065
5786.64994 18.974 0.068
5786.66444 18.965 0.063
5786.68779 19.098 0.089
5786.70461 18.959 0.080
5786.72131 18.829 0.086
5786.73580 18.848 0.082
5786.75049 18.720 0.111
5787.47000 19.067 0.120
5787.49883 18.882 0.065
5787.54069 18.912 0.058
5787.56957 19.014 0.057
5787.59853 18.861 0.050
5787.62887 19.048 0.057
5787.66367 19.197 0.078
5787.69704 18.983 0.069
5787.73079 18.946 0.080
5788.48069 18.968 0.100
5788.54833 18.844 0.060
5788.58497 18.829 0.059
5788.62928 18.840 0.058
5788.69965 18.869 0.096
5788.74729 18.790 0.093
5790.64258 18.841 0.072
5791.60397 18.881 0.054
5793.65176 18.989 0.059
5794.56338 18.887 0.056
5795.54321 18.748 0.060
5796.51725 18.993 0.057
5796.70847 18.647 0.076
5801.62475 18.827 0.064
5803.51182 18.829 0.063
5804.61054 18.979 0.063
5805.57227 18.922 0.046
5806.59790 18.776 0.069
5812.51296 18.732 0.087
5813.47604 18.857 0.077
5813.65367 18.906 0.055
5815.63131 18.915 0.051
5816.60285 19.012 0.068
5817.60484 18.842 0.072
5818.58506 18.782 0.068
5819.59326 18.976 0.057
5820.57140 18.781 0.055
5822.54119 18.510 0.052
5822.62983 18.759 0.057
5823.56126 18.773 0.065
5824.48541 18.748 0.070
5824.58239 18.860 0.054
5825.50186 18.670 0.060
5825.59835 18.895 0.064
5826.52261 18.719 0.061
5826.60923 18.967 0.093
5827.54705 18.769 0.069
5827.62711 18.679 0.072
5828.56029 18.829 0.054
5829.48427 18.850 0.080
5829.57095 18.981 0.059
5830.50819 19.012 0.056
5830.58401 18.920 0.060
5831.55604 19.065 0.061
5832.48870 19.050 0.057
5832.58069 18.939 0.070
5833.53735 19.006 0.055
5834.48621 19.044 0.062
5834.57442 18.914 0.055
5835.56397 18.731 0.084
5836.55210 18.958 0.082
5839.50338 19.167 0.095
5839.57887 18.920 0.120
5840.53285 19.045 0.073
5840.61973 18.677 0.065
5841.55305 18.730 0.068
5842.51546 18.513 0.073
5842.59997 18.726 0.097
5842.61103 18.666 0.085
5843.55782 18.795 0.071
5844.50130 18.915 0.071
5844.58159 18.716 0.085
5845.54150 18.826 0.078
5846.50552 18.767 0.090
5846.58237 18.828 0.132
5847.55825 18.721 0.109
5850.52915 18.923 0.058
5851.49037 18.862 0.072
5851.56870 18.741 0.064
5852.51978 18.860 0.084
5854.51064 18.876 0.085
5855.49472 18.522 0.085
5856.49770 18.853 0.085
5857.51260 18.663 0.092
5859.51086 18.759 0.071
5860.52634 18.911 0.080
5970.87884 18.916 0.061
5976.86855 19.072 0.060
5977.86746 19.053 0.062
5978.87797 18.938 0.050
5979.88245 18.970 0.067
5982.82508 18.982 0.063
5983.82219 19.088 0.074
5984.81770 18.937 0.067
5984.90279 18.898 0.074
5985.87751 19.124 0.056
5986.85875 19.020 0.053
5987.83511 19.002 0.058
5988.82242 18.868 0.053
5989.80789 18.909 0.063
5989.88587 19.003 0.071
5990.85199 18.969 0.061
5991.82661 19.161 0.058
5992.79887 18.948 0.063
5992.89891 19.232 0.059
5993.86493 19.146 0.082
5994.83384 19.039 0.065
5995.78598 19.098 0.071
5995.84809 19.105 0.062
5996.80167 19.318 0.080
5996.88601 19.260 0.059
5997.83312 19.041 0.070
5998.78382 19.045 0.084
5998.87405 19.117 0.066
5999.80634 19.089 0.068
5999.89321 19.074 0.058
6003.89004 19.234 0.083
6004.82296 19.075 0.063
6004.90917 19.260 0.070
6005.83296 18.971 0.059
6006.77447 18.969 0.049
6006.87826 19.137 0.056
6007.78182 18.968 0.051
6007.87696 19.096 0.059
6008.77513 19.049 0.055
6008.87176 19.157 0.065
6009.77679 18.958 0.049
6009.87212 19.054 0.055
6010.76770 19.035 0.062
6010.86673 19.110 0.045
6011.74508 19.217 0.077
6011.87226 19.035 0.076
6012.77113 19.161 0.060
6012.87008 19.008 0.041
6013.76686 19.038 0.053
6013.86715 19.193 0.062
6014.74312 19.147 0.073
6014.84136 19.215 0.066
6015.79882 19.105 0.046
6015.88834 19.185 0.052
6016.77986 19.186 0.053
6016.88286 19.109 0.058
6017.76790 19.109 0.055
6017.84549 19.074 0.045
6018.75645 19.243 0.104
6018.83467 18.935 0.050
6019.73450 19.290 0.090
6019.83165 18.993 0.064
6019.90835 19.082 0.049
6020.76656 19.203 0.059
6020.86152 18.985 0.044
6021.71286 19.220 0.100
6021.78980 19.146 0.059
6021.88690 19.018 0.047
6022.73837 19.201 0.075
6022.81490 19.197 0.060
6022.91482 19.293 0.067
6023.77229 19.057 0.059
6023.85300 19.090 0.062
6024.72894 19.126 0.077
6024.83046 19.116 0.064
6024.92142 19.174 0.089
6025.71410 19.000 0.096
6025.79438 19.225 0.136
6025.90068 19.108 0.072
6029.90502 19.178 0.069
6031.78189 19.141 0.066
6032.71274 18.978 0.063
6032.89126 18.944 0.045
6033.84389 19.138 0.064
6034.77052 19.114 0.045
6035.92369 19.028 0.064
6036.90367 19.060 0.057
6037.87056 19.093 0.058
6038.83051 19.137 0.055
6039.80602 19.016 0.065
6040.79301 19.041 0.051
6041.74259 19.126 0.078
6041.92881 19.086 0.075
6047.70825 19.118 0.061
6047.89969 18.872 0.054
6048.82865 18.791 0.045
6049.74882 19.024 0.046
6049.92882 19.060 0.058
6050.83401 19.129 0.067
6051.75635 19.280 0.062
6052.81842 19.124 0.078
6053.67383 18.993 0.073
6053.86468 19.175 0.083
6058.70598 19.214 0.070
6058.87622 19.041 0.057
6059.76205 18.805 0.048
6059.93918 19.127 0.085
6061.84029 19.069 0.056
6062.71029 19.023 0.061
6062.88840 19.209 0.073
6063.86790 18.870 0.059
6064.80358 19.170 0.053
6065.63675 19.115 0.089
6065.81550 19.138 0.066
6066.72796 19.025 0.057
6066.91329 18.944 0.045
6067.71524 19.097 0.055
6067.89281 19.027 0.055
6068.72985 19.058 0.051
6069.69168 19.070 0.053
6069.88262 18.941 0.041
6070.68086 19.043 0.057
6070.85770 18.997 0.052
6071.65486 19.101 0.054
6071.83646 18.810 0.049
6075.63629 19.114 0.054
6075.81885 18.943 0.041
6076.67812 19.075 0.058
6076.85504 19.207 0.066
6077.79968 19.163 0.060
6078.61144 18.860 0.061
6078.79167 19.053 0.058
6079.58752 19.000 0.062
6079.77846 19.231 0.063
6079.94680 19.175 0.120
6080.72365 18.961 0.067
6080.90131 19.098 0.056
6081.67176 19.219 0.078
6081.85443 19.117 0.071
6082.66387 19.047 0.128
6082.86728 19.082 0.100
6085.67418 18.862 0.101
6085.83868 19.061 0.088
6086.61181 18.923 0.060
6086.79531 19.042 0.069
6087.59088 19.073 0.062
6088.56313 18.989 0.061
6089.64317 19.149 0.065
6089.85463 19.033 0.061
6092.67772 19.197 0.069
6093.59366 19.015 0.061
6093.79215 19.088 0.067
6094.64313 19.205 0.082
6094.81664 19.148 0.070
6096.63385 19.109 0.064
6096.83126 19.068 0.062
6097.76586 19.007 0.071
6098.55036 18.862 0.070
6098.73812 19.191 0.072
6098.89210 19.073 0.085
6100.58792 18.949 0.074
6100.76229 19.246 0.067
6101.53926 18.921 0.057
6101.70692 19.109 0.056
6102.49941 18.976 0.098
6102.67599 19.000 0.060
6102.83504 18.933 0.056
6103.58492 19.074 0.070
6103.76327 18.988 0.053
6103.78368 19.086 0.055
6104.58280 19.171 0.061
6104.74925 19.013 0.046
6105.50668 19.095 0.098
6105.69644 19.171 0.061
6108.50649 19.228 0.100
6108.68971 18.965 0.054
6108.84946 19.178 0.066
6109.68345 19.124 0.091
6109.84074 19.309 0.112
6113.64428 19.125 0.080
6113.80028 18.926 0.065
6114.65005 19.152 0.082
6115.59893 19.016 0.065
6115.81664 18.867 0.081
6116.64833 19.104 0.050
6116.81445 18.949 0.055
6117.61710 19.018 0.053
6117.78529 18.996 0.057
6118.55892 19.152 0.062
6118.74755 19.067 0.049
6119.52226 19.124 0.075
6119.70056 19.022 0.046
6120.53639 18.886 0.061
6120.73279 19.048 0.061
6121.52807 19.002 0.058
6121.69685 18.914 0.040
6123.56661 18.906 0.054
6123.74268 19.056 0.057
6124.54087 18.971 0.064
6124.75216 19.074 0.056
6125.55633 18.936 0.062
6125.76101 19.004 0.053
6127.49422 19.064 0.071
6128.51445 19.188 0.060
6128.70282 18.989 0.051
6131.56801 19.004 0.057
6133.55426 18.931 0.071
6133.75659 19.089 0.074
6134.67631 19.000 0.072
6135.66110 19.147 0.083
6136.50422 19.062 0.110
6140.63551 18.975 0.080
6141.48241 19.245 0.104
6141.65725 18.892 0.062
6142.52325 19.220 0.114
6147.52935 19.127 0.060
6147.71669 19.078 0.074
6148.65272 19.147 0.055
6150.50329 18.905 0.070
6151.48690 19.106 0.102
6151.67653 19.015 0.065
6152.55150 18.876 0.062
6154.50147 19.068 0.061
6157.64905 18.994 0.069
6158.59016 18.964 0.060
6159.49675 19.108 0.085
6159.71992 19.185 0.080
6160.67400 19.237 0.076
6161.57086 18.950 0.067
6164.57233 19.044 0.089
6167.55411 19.088 0.144
6168.56738 18.887 0.054
6169.56857 18.909 0.070
6171.51175 18.975 0.049
6171.69973 19.077 0.087
6172.66142 19.061 0.060
6174.62588 18.933 0.077
6175.61092 19.037 0.066
6179.60207 18.823 0.067
6180.58769 18.847 0.069
6181.54884 19.093 0.056
6182.55005 19.106 0.057
6183.60790 18.995 0.050
6184.64937 18.951 0.064
6185.55588 19.045 0.045
6186.56530 18.933 0.056
6190.60266 19.052 0.057
6191.64393 18.867 0.051
6195.56143 19.049 0.064
6195.63795 18.993 0.067
6196.55847 19.128 0.084
6196.63506 18.877 0.075
6197.56020 19.051 0.085
6198.56663 19.165 0.101
6200.60151 18.948 0.106
6201.58200 18.934 0.109
6203.54457 19.027 0.085
6204.49148 18.919 0.071
6204.57480 19.310 0.086
6205.51772 19.006 0.057
6205.59800 19.081 0.060
6208.53866 19.033 0.102
6210.49214 18.925 0.061
6210.56917 18.924 0.058
6211.51912 19.214 0.066
6212.51850 19.029 0.057
6212.58803 18.888 0.054
6213.54766 19.074 0.072
6214.52801 19.092 0.076
6216.52769 18.847 0.051
6217.55062 19.074 0.055
6218.53576 19.231 0.106
6219.56873 19.020 0.080
6221.53188 18.967 0.139
6221.55776 19.141 0.145
6226.53306 18.992 0.099
6231.53427 18.915 0.112
6234.50834 18.996 0.084
6238.53702 19.256 0.103
6334.88899 19.016 0.072
6335.86642 19.108 0.060
6337.87876 19.143 0.082
6338.85632 18.955 0.072
6339.86278 19.135 0.053
6344.88823 18.911 0.048
6347.82995 19.064 0.067
6348.82500 19.138 0.071
6349.83638 19.170 0.075
6350.83817 18.974 0.063
6351.83824 19.241 0.096
6352.83759 19.041 0.072
6353.81108 19.008 0.064
6354.78364 19.051 0.091
6358.84415 19.205 0.061
6360.83431 19.117 0.050
6361.81994 19.061 0.053
6361.90036 18.919 0.059
6362.84273 18.901 0.050
6363.81167 19.019 0.060
6367.82202 18.913 0.041
6367.90884 18.959 0.059
6368.86018 19.187 0.055
6369.78930 19.053 0.059
6369.88382 19.070 0.057
6370.83246 19.143 0.062
6370.91564 18.999 0.069
6371.84563 19.075 0.060
6372.83810 19.161 0.057
6373.76175 18.922 0.063
6373.85527 19.217 0.066
6374.77237 19.035 0.073
6374.86226 19.053 0.058
6375.77002 19.183 0.058
6375.87728 19.050 0.051
6376.78082 19.211 0.064
6376.87542 18.960 0.042
6377.79535 18.975 0.045
6377.88588 19.070 0.041
6378.79165 19.039 0.048
6378.88169 19.011 0.044
6379.78771 19.262 0.078
6379.87875 18.900 0.056
6380.77879 19.078 0.056
6380.88213 18.986 0.055
6381.79999 18.948 0.047
6381.88829 19.094 0.051
6382.79362 19.086 0.082
6382.87317 19.053 0.087
6386.78664 19.303 0.071
6386.89394 19.112 0.069
6387.79013 19.008 0.045
6387.86877 19.118 0.058
6388.81127 19.051 0.055
6388.92583 19.255 0.140
6389.79210 19.117 0.053
6389.86740 19.228 0.065
6390.74438 19.250 0.070
6390.82736 19.096 0.056
6390.91774 19.052 0.062
6391.87599 19.089 0.079
6393.87386 19.155 0.078
6394.83526 18.916 0.056
6395.79812 18.978 0.054
6396.74582 19.144 0.054
6396.91833 19.030 0.049
6397.86215 19.066 0.049
6398.79373 19.083 0.053
6399.69881 19.126 0.073
6399.87385 19.057 0.068
6400.87025 19.060 0.058
6401.80888 19.056 0.052
6402.72025 19.132 0.069
6402.89590 19.080 0.074
6403.80970 19.139 0.048
6404.74477 19.172 0.085
6404.92431 18.874 0.056
6405.83473 19.195 0.080
6407.70196 19.045 0.098
6407.86733 18.820 0.052
6408.81049 18.860 0.068
6409.92339 18.884 0.069
6415.88210 18.938 0.056
6416.77951 19.127 0.054
6417.70393 18.950 0.066
6417.86787 18.989 0.054
6418.72620 19.027 0.056
6418.90024 19.087 0.049
6419.77658 19.202 0.078
6420.64190 18.960 0.049
6420.81196 18.989 0.037
6421.82105 19.029 0.054
6422.76329 19.201 0.053
6423.74035 19.066 0.077
6423.91991 19.077 0.061
6424.79218 19.238 0.054
6426.64257 18.944 0.052
6426.88283 18.892 0.049
6427.90848 18.944 0.056
6428.67567 19.133 0.075
6428.87077 18.912 0.054
6431.67152 19.267 0.097
6431.85622 19.022 0.056
6432.69626 19.088 0.067
6432.87800 18.946 0.070
6433.68295 18.879 0.078
6434.59648 18.626 0.073
6434.78664 18.764 0.045
6435.63242 18.563 0.054
6435.81967 18.427 0.034
6436.62018 18.467 0.050
6436.80946 18.458 0.040
6437.75040 18.442 0.051
6437.90696 18.511 0.066
6441.71277 18.535 0.062
6441.84600 18.543 0.058
6442.62587 18.707 0.042
6442.81025 18.599 0.034
6443.63225 18.544 0.052
6443.70316 18.531 0.058
6444.70955 18.486 0.045
6444.82922 18.500 0.039
6445.62896 18.940 0.066
6445.83669 18.687 0.043
6446.61979 18.815 0.044
6446.80862 18.626 0.029
6447.59594 18.715 0.047
6447.78048 18.533 0.040
6447.94351 18.693 0.060
6448.71606 18.584 0.041
6448.89198 18.738 0.058
6449.66826 18.635 0.048
6449.85212 18.553 0.040
6450.61836 18.698 0.043
6450.80271 18.761 0.038
6451.56806 18.821 0.073
6451.75476 18.773 0.049
6451.91923 18.653 0.048
6452.71074 18.730 0.032
6454.53736 18.825 0.058
6454.71561 18.840 0.040
6454.89076 18.688 0.044
6455.78803 18.979 0.058
6456.68281 18.957 0.039
6456.89335 18.847 0.040
6457.83254 18.937 0.048
6458.80072 18.960 0.050
6459.56929 19.169 0.070
6459.75985 18.900 0.042
6460.57432 19.035 0.095
6460.86668 18.967 0.063
6461.68725 19.098 0.071
6461.90605 18.961 0.069
6462.84634 18.686 0.043
6463.62088 18.890 0.064
6463.81202 18.942 0.053
6464.62910 19.051 0.081
6464.82052 18.766 0.056
6468.61525 19.206 0.099
6469.50769 18.833 0.068
6469.70358 18.934 0.067
6471.62357 19.142 0.082
6472.67257 19.056 0.060
6473.63506 19.085 0.049
6473.81946 18.842 0.051
6474.77248 19.023 0.060
6475.54491 19.177 0.078
6475.74846 18.853 0.050
6476.51542 18.855 0.059
6476.70386 19.078 0.064
6477.50852 19.094 0.074
6477.69691 18.817 0.053
6478.54647 19.051 0.087
6479.60888 19.158 0.070
6479.82799 18.859 0.066
6480.70679 18.683 0.050
6481.51466 18.856 0.080
6481.75794 18.956 0.063
6483.65111 18.812 0.055
6485.46201 18.924 0.119
6485.48541 18.943 0.067
6485.50768 19.181 0.076
6485.52147 18.957 0.063
6485.55447 18.904 0.063
6485.59043 18.966 0.064
6485.64730 18.948 0.050
6485.68111 19.034 0.053
6485.71804 18.879 0.043
6485.74232 18.915 0.046
6485.77616 19.009 0.052
6485.83018 18.827 0.051
6486.47902 18.905 0.064
6486.55274 18.843 0.054
6486.64420 18.979 0.056
6486.71679 18.845 0.049
6486.77711 18.948 0.045
6486.81204 18.850 0.053
6486.83389 18.854 0.061
6487.47749 19.092 0.067
6487.55241 19.086 0.065
6487.65293 19.101 0.054
6487.73121 18.937 0.042
6487.82781 18.992 0.064
6489.69345 18.918 0.057
6490.52465 19.099 0.065
6490.71126 18.881 0.048
6491.55953 18.896 0.066
6491.77572 18.822 0.053
6492.60034 18.997 0.065
6492.78088 19.129 0.095
6496.62981 18.990 0.120
6497.71575 18.774 0.071
6498.54360 19.127 0.061
6498.72348 18.935 0.052
6499.55727 19.033 0.056
6500.71184 18.936 0.065
6501.69483 18.958 0.043
6504.71093 18.856 0.068
6505.63924 18.711 0.050
6505.79228 18.754 0.082
6506.75333 18.715 0.056
6508.51989 18.999 0.056
6508.70309 18.813 0.046
6509.62693 19.005 0.041
6510.49097 19.106 0.051
6510.71313 19.020 0.057
6511.65647 19.063 0.054
6514.52213 18.798 0.060
6515.47885 19.213 0.061
6515.75541 19.083 0.060
6518.49177 19.068 0.063
6518.71202 19.080 0.052
6519.66978 19.182 0.063
6523.57996 19.091 0.060
6524.50632 19.034 0.068
6525.50809 18.936 0.080
6526.65038 18.902 0.066
6529.58513 18.826 0.055
6531.56669 18.936 0.058
6532.56403 18.849 0.047
6533.57804 18.949 0.057
6534.62681 18.970 0.063
6536.60722 18.997 0.047
6539.50221 18.946 0.052
6541.49759 18.977 0.058
6543.57178 18.903 0.048
6544.60365 19.022 0.065
6545.64915 19.035 0.059
6547.61721 18.806 0.076
6555.58746 18.838 0.063
6558.55501 19.017 0.051
6559.60396 19.164 0.078
6561.51543 18.947 0.071
6562.60817 18.926 0.052
6563.60776 18.849 0.061
6564.54116 19.101 0.070
6565.51287 18.916 0.067
6565.60788 18.990 0.064
6567.58122 18.675 0.054
6568.57714 18.928 0.066
6569.53818 19.014 0.051
6570.49253 18.766 0.058
6571.52384 18.996 0.078
6571.60809 19.103 0.093
6572.58291 18.876 0.070
6573.54390 18.846 0.058
6577.51489 18.838 0.107
6578.49309 19.058 0.090
6578.58677 18.999 0.075
6579.57044 18.920 0.089
6581.50811 18.881 0.061
6582.54018 18.801 0.058
6583.52572 18.774 0.087
6584.52377 18.820 0.083
6585.52698 18.629 0.071
6590.52085 18.765 0.064
6590.54812 18.769 0.065
6593.49665 18.778 0.089
6593.51565 19.032 0.087
6595.51868 18.567 0.061
6600.50607 18.888 0.097
