2115.76895 19.783 0.217
2124.64927 18.504 0.182
2128.62234 20.366 0.280
2131.69137 20.169 0.278
2134.72380 20.345 0.408
2138.60742 20.390 0.359
2143.56785 20.699 0.638
2162.56948 19.329 0.128
2168.58741 18.863 0.113
2180.54414 19.859 0.275
2184.54885 20.445 0.556
2195.53327 21.550 1.381
2323.89037 20.536 0.454
2326.85599 20.365 0.492
2341.86747 20.431 0.376
2350.88535 20.520 0.357
2359.84517 18.406 0.062
2370.88627 20.009 0.245
2384.72719 20.485 0.372
2388.72861 20.864 0.744
2390.69936 20.563 0.548
2400.72769 20.699 0.446
2402.84502 21.020 0.582
2404.89183 20.355 0.288
2410.73742 19.449 0.131
2415.65452 20.978 0.972
2417.68988 20.574 0.466
2425.61940 20.621 0.681
2431.66916 20.704 0.570
2433.64571 20.672 0.407
2435.76293 20.982 0.517
2437.65052 20.899 0.664
2439.58793 20.501 0.317
2441.59668 20.248 0.259
2444.57999 20.341 0.339
2446.59546 21.024 0.585
2452.57749 20.127 0.389
2458.54569 19.872 0.305
2462.85635 20.286 0.370
2464.49869 20.644 0.609
2466.81257 20.400 0.399
2468.52305 20.250 0.253
2470.53333 20.408 0.390
2472.52932 18.704 0.113
2474.67464 18.559 0.069
2485.67284 21.010 0.878
2489.74266 20.416 0.398
2492.68881 20.504 0.437
2494.74989 17.900 0.035
2497.54418 19.984 0.216
2499.58072 20.445 0.274
2501.60776 20.329 0.278
2503.55575 19.641 0.508
2511.58820 20.325 0.437
2518.53514 20.310 0.361
2521.52781 20.496 0.389
2526.55635 20.685 0.451
2529.65483 20.841 0.673
2540.53770 20.073 0.335
2545.57752 19.910 0.314
2550.52680 20.222 0.378
2555.48764 20.154 0.441
2560.56468 19.964 0.486
2561.50013 20.249 0.425
2566.54192 20.180 0.451
2699.89814 20.299 0.383
2711.91421 19.996 0.370
2726.90721 19.265 0.092
2732.82318 20.274 0.288
2743.81476 20.153 0.258
2748.83443 20.841 0.703
2755.82259 20.261 0.232
2756.89463 20.060 0.250
2759.82225 20.035 0.225
2765.84383 20.274 0.288
2769.88970 20.521 0.407
2782.76498 18.848 0.107
2784.75903 19.068 0.085
2786.64946 19.232 0.128
2788.75116 19.593 0.125
2790.83466 19.875 0.193
2792.64629 19.927 0.224
2792.66120 19.830 0.200
2794.66653 20.219 0.280
2796.60399 20.111 0.226
2802.63122 19.531 0.482
2808.67050 20.357 0.404
2810.60227 20.201 0.298
2812.55888 20.102 0.308
2814.57655 20.388 0.371
2815.61122 20.121 0.328
2817.64192 20.480 0.493
2821.54279 20.146 0.327
2829.80212 20.373 0.385
2834.65878 19.827 0.698
2836.54198 20.313 0.355
2838.57105 19.715 0.196
2839.81203 19.620 0.184
2841.75220 19.138 0.101
2844.47562 18.690 0.118
2848.72721 19.183 0.143
2851.57616 20.053 0.253
2853.58715 20.106 0.217
2855.63722 20.552 0.632
2857.76239 20.434 0.464
2863.72799 20.637 0.691
2866.74132 20.650 0.587
2869.59777 20.139 0.236
2871.53760 20.203 0.254
2875.67686 21.101 0.865
2878.64166 20.172 0.270
2884.52405 20.159 0.322
2894.57251 20.232 0.292
2897.64885 20.315 0.470
2902.51066 20.502 0.546
2902.56541 21.479 1.352
2903.52240 20.013 0.235
2904.54718 20.246 0.446
2904.60100 21.169 0.970
2905.50096 20.387 0.462
2905.56184 20.332 0.501
2906.50473 20.532 0.522
2906.60951 20.363 0.392
2907.47298 20.901 1.643
2908.50615 20.609 0.675
2909.50680 20.579 0.502
2910.50094 20.182 0.394
2912.50605 19.917 0.276
2912.58861 20.114 0.309
2915.49751 20.238 0.710
2918.51935 20.263 0.448
2921.51788 19.855 0.330
2922.58716 20.252 0.597
2923.53583 19.955 0.269
2924.53786 20.345 0.325
2925.52296 20.294 0.354
2927.52612 20.154 0.350
2929.52381 20.644 0.843
2930.52018 19.974 0.267
2932.57774 20.437 0.444
2941.51762 20.314 0.489
2942.50988 20.200 0.360
2943.51298 20.665 0.920
2945.53108 19.814 0.373
2946.52092 20.024 0.408
2950.50642 21.795 2.799
3045.88018 21.020 0.739
3046.88035 20.547 0.596
3056.86030 20.662 0.598
3060.85985 20.645 0.391
3066.85412 20.488 0.331
3069.80688 20.647 0.520
3071.81222 22.493 3.029
3074.81693 20.442 0.338
3076.84177 20.490 0.372
3078.85748 19.995 0.264
3081.89014 18.935 0.092
3083.88738 18.495 0.050
3085.74792 18.350 0.061
3087.81414 18.373 0.051
3088.89308 18.455 0.048
3090.81694 18.701 0.063
3092.76223 18.978 0.109
3097.73134 20.590 0.538
3099.72492 20.347 0.430
3100.72450 19.905 0.356
3102.72413 20.427 0.405
3104.72310 20.576 1.092
3105.75215 20.302 0.611
3106.72515 20.034 0.497
3108.69266 20.311 0.274
3109.88669 20.249 0.243
3111.75868 20.380 0.348
3113.70123 20.538 0.300
3114.68756 20.561 0.342
3116.74089 20.246 0.371
3122.69725 19.993 0.341
3124.89137 20.807 0.585
3126.61637 20.525 0.461
3127.62371 20.160 0.340
3128.65059 20.343 0.383
3129.61984 20.989 0.907
3130.62611 20.288 0.493
3131.81130 20.158 0.322
3134.59908 19.883 0.262
3135.66558 20.226 0.304
3137.68752 20.128 0.336
3138.62158 19.779 0.194
3139.76441 20.052 0.189
3140.62476 19.981 0.251
3141.71037 19.762 0.164
3142.60486 19.703 0.181
3144.61320 19.803 0.200
3145.68839 19.436 0.157
3147.77322 19.841 0.195
3151.58099 20.504 0.469
3152.59011 20.380 0.356
3153.58948 20.536 0.497
3154.66378 20.113 0.334
3156.56815 20.031 0.429
3158.58747 20.173 0.512
3162.56365 20.882 0.882
3163.54389 20.085 0.346
3164.54501 20.896 0.462
3165.54475 20.701 0.435
3166.72753 20.343 0.408
3167.58665 19.986 0.309
3168.54673 20.549 0.385
3169.55127 20.182 0.265
3170.61748 19.860 0.160
3171.54441 20.446 0.316
3172.55000 20.061 0.226
3174.53075 19.814 0.203
3174.86465 19.890 0.217
3175.51814 19.814 0.240
3176.56949 20.108 0.411
3178.60859 20.108 0.271
3179.63176 20.434 0.254
3180.50750 21.041 0.662
3183.49923 20.331 0.366
3184.51861 20.327 0.316
3185.52476 20.749 0.592
3191.82318 21.091 0.602
3193.69560 20.147 0.227
3194.76874 19.211 0.124
3195.47929 19.049 0.119
3196.50211 18.771 0.130
3197.47797 18.848 0.112
3199.51031 19.013 0.147
3201.48469 19.433 0.152
3202.72884 19.819 0.207
3203.49254 19.834 0.192
3205.48546 20.069 0.249
3206.51292 20.293 0.228
3207.49780 20.400 0.458
3211.47953 19.976 0.247
3212.50096 20.382 0.522
3218.48515 22.185 1.993
3223.49517 20.567 0.521
3224.49638 20.525 0.358
3228.49755 20.360 0.328
3230.49405 20.506 0.329
3241.50365 20.748 0.530
3246.49483 20.269 0.430
3248.51178 20.122 0.313
3250.48711 19.961 0.259
3251.61594 20.525 0.365
3253.55259 20.159 0.272
3257.62254 20.301 0.327
3261.60384 21.400 0.909
3268.57028 20.183 0.224
3270.49923 18.263 0.094
3271.56563 18.625 0.148
3275.59952 18.873 0.128
3279.49632 19.539 0.160
3283.54511 20.309 0.270
3298.52265 22.610 4.063
3431.84529 18.401 0.062
3438.84346 21.466 1.131
3443.90013 20.369 0.291
3446.79740 20.884 0.507
3448.83444 20.392 0.303
3449.80448 20.718 0.395
3450.89749 20.742 0.330
3453.89495 20.724 0.365
3456.78825 20.682 0.459
3468.75678 20.264 0.314
3471.76174 20.337 0.393
3474.75374 20.354 0.312
3477.74012 20.589 0.345
3480.75607 20.539 0.256
3484.69693 21.958 2.182
3499.65252 21.050 0.583
3502.65358 20.009 0.208
3503.90719 19.735 0.162
3509.64180 19.382 0.141
3511.62952 18.617 0.104
3520.73996 19.863 0.193
3521.89393 19.886 0.201
3522.90348 20.136 0.285
3523.89704 20.506 0.495
3525.88505 20.070 0.223
3528.84015 19.964 0.209
3538.54494 20.428 0.404
3539.54354 20.905 0.827
3544.65561 20.142 0.408
3550.56595 19.927 0.328
3552.72792 20.474 0.304
3554.53323 21.333 1.229
3556.80248 20.321 0.340
3558.73205 20.166 0.226
3560.54419 20.842 0.431
3561.79195 20.475 0.272
3562.72261 20.335 0.281
3563.80282 19.467 0.191
3574.50468 20.142 0.273
3578.50118 20.406 0.264
3579.74716 23.714 6.512
3581.50124 20.295 0.286
3583.48108 20.411 0.362
3584.48565 20.439 0.354
3585.47666 19.989 0.194
3586.49606 20.860 0.456
3587.57351 20.904 0.515
3588.51029 21.364 0.725
3618.66285 19.891 0.235
3642.52676 20.089 0.390
3650.50688 20.859 0.586
3652.52528 20.344 0.491
3772.87668 19.766 0.244
3779.84286 21.690 1.480
4911.84071 20.922 0.428
5260.86123 20.120 0.120
5260.90485 19.821 0.116
5261.79607 20.055 0.123
5262.83451 20.362 0.460
5264.81909 20.228 0.181
5264.87222 19.837 0.138
5264.88951 20.026 0.147
5265.79513 20.001 0.097
5266.78322 20.070 0.140
5267.82505 19.850 0.082
5268.79631 19.933 0.116
5269.79114 19.901 0.087
5270.83556 19.991 0.080
5271.79063 19.748 0.082
5272.79747 19.835 0.099
5273.85207 19.479 0.056
5274.80079 19.530 0.072
5275.78652 19.588 0.078
5275.91784 19.380 0.118
5276.82144 19.482 0.059
5277.78761 19.444 0.067
5277.91678 19.456 0.098
5278.79762 19.496 0.067
5279.79821 19.266 0.070
5280.85044 19.492 0.055
5281.78539 19.581 0.069
5282.76586 19.961 0.109
5282.91062 19.780 0.076
5283.76703 19.765 0.126
5284.76905 19.719 0.102
5285.76471 20.061 0.170
5285.89406 20.053 0.126
5286.75588 20.034 0.144
5287.82553 20.007 0.111
5288.75892 19.862 0.118
5292.82901 19.986 0.140
5293.83699 20.316 0.130
5294.76193 20.276 0.114
5295.76344 20.320 0.111
5296.80702 20.114 0.082
5297.83820 20.286 0.092
5298.87738 20.152 0.090
5299.86134 20.654 0.142
5301.79006 20.140 0.094
5304.75133 20.643 0.251
5306.72308 20.207 0.110
5307.75112 20.225 0.124
5308.74122 20.186 0.123
5309.81244 20.181 0.109
5310.78053 19.907 0.103
5312.87521 20.384 0.152
5314.85172 20.120 0.147
5315.77747 20.299 0.205
5316.73028 19.847 0.141
5319.87069 18.544 0.075
5320.77114 18.655 0.056
5321.71828 18.727 0.036
5321.91245 18.708 0.035
5322.88390 18.795 0.043
5323.82947 18.881 0.039
5324.76033 18.937 0.044
5325.65488 19.118 0.044
5325.87701 19.018 0.042
5326.80163 19.084 0.039
5327.74998 19.292 0.052
5328.61364 19.337 0.057
5328.87341 19.473 0.066
5334.78102 19.868 0.071
5335.77459 19.738 0.091
5336.81003 19.667 0.086
5337.86430 20.045 0.152
5338.88303 19.895 0.150
5339.89831 20.216 0.216
5340.83973 20.232 0.185
5341.73468 19.980 0.107
5342.59957 20.166 0.214
5342.79474 20.494 0.210
5343.62887 20.172 0.229
5343.82177 20.020 0.139
5348.76912 20.124 0.130
5349.60566 20.318 0.250
5350.65787 20.276 0.219
5351.73512 20.206 0.140
5352.75137 20.069 0.106
5352.82074 20.142 0.121
5353.71873 20.111 0.101
5354.66419 20.192 0.132
5355.60548 20.038 0.129
5357.61563 20.342 0.186
5358.75117 19.865 0.100
5359.87279 19.874 0.145
5362.78331 19.923 0.095
5364.75545 19.756 0.107
5365.84432 19.940 0.156
5369.80097 19.698 0.130
5376.76607 20.283 0.183
5377.68809 20.367 0.158
5378.52739 20.202 0.128
5379.73459 20.113 0.112
5380.81671 20.032 0.164
5381.69176 20.055 0.148
5382.55543 20.583 0.317
5382.76218 20.073 0.179
5385.51443 19.872 0.083
5386.48864 19.752 0.101
5386.57084 19.862 0.104
5386.65449 19.902 0.110
5388.68221 20.087 0.099
5389.54916 19.970 0.126
5390.55666 20.064 0.131
5390.81366 20.586 0.191
5391.79957 20.213 0.150
5392.66927 20.094 0.107
5393.70799 20.184 0.158
5396.60404 19.987 0.119
5397.66744 20.158 0.161
5402.67733 20.070 0.177
5403.63965 20.349 0.155
5404.51111 19.856 0.117
5404.70827 20.151 0.170
5405.72393 20.154 0.145
5407.57725 20.317 0.191
5407.77094 20.213 0.189
5408.70040 20.249 0.154
5409.63337 20.226 0.100
5410.63687 20.093 0.106
5411.67354 19.956 0.073
5412.63422 20.247 0.152
5413.66493 20.336 0.100
5414.71227 20.331 0.120
5418.60247 20.149 0.105
5421.62962 20.056 0.106
5422.67529 20.006 0.100
5425.53933 19.427 0.057
5430.55008 18.801 0.050
5431.54532 18.684 0.037
5434.50970 18.946 0.059
5435.48130 19.111 0.065
5436.47925 19.432 0.094
5438.51454 19.774 0.114
5439.58272 19.652 0.105
5443.59696 20.064 0.130
5444.62226 19.963 0.148
5446.50397 20.138 0.122
5447.52046 20.276 0.141
5448.61882 20.482 0.201
5450.53287 19.984 0.134
5451.66270 19.915 0.118
5457.55828 20.224 0.117
5458.58841 19.859 0.117
5459.61955 19.950 0.132
5461.50166 20.040 0.166
5462.51652 19.887 0.119
5465.52569 19.752 0.112
5469.52038 19.757 0.070
5471.56359 19.718 0.086
5473.49133 19.575 0.113
5477.54231 19.162 0.077
5480.53583 18.652 0.042
5485.52778 19.234 0.081
5487.52113 19.947 0.125
5489.51993 20.063 0.186
5492.54054 19.996 0.254
5497.52539 19.939 0.145
5597.85943 20.579 0.256
5598.85162 19.889 0.118
5599.85547 19.866 0.103
5600.85193 20.217 0.160
5607.88516 20.628 0.197
5614.88186 19.994 0.118
5620.86194 19.959 0.111
5624.82266 20.003 0.116
5625.78472 20.165 0.179
5627.80950 18.920 0.045
5629.78887 18.551 0.035
5630.78142 18.605 0.034
5632.77859 18.738 0.069
5634.76305 18.985 0.048
5635.83669 19.172 0.093
5638.75678 19.215 0.098
5639.79867 19.383 0.077
5640.89494 19.511 0.077
5643.75073 20.091 0.156
5644.89511 19.908 0.124
5648.75306 20.428 0.176
5649.89117 20.398 0.117
5651.82750 20.056 0.105
5654.78577 20.374 0.141
5655.89652 20.456 0.161
5657.92596 20.656 0.333
5659.80803 20.526 0.158
5660.92335 20.189 0.248
5664.79240 20.017 0.132
5665.91710 20.142 0.102
5669.77884 20.149 0.127
5675.73724 20.250 0.151
5676.93059 20.165 0.150
5679.88660 20.292 0.129
5681.75569 20.298 0.125
5683.70098 20.054 0.089
5684.93484 19.744 0.150
5686.91969 20.105 0.126
5690.61978 19.785 0.137
5691.84297 19.562 0.070
5693.65082 19.469 0.075
5694.77001 19.295 0.052
5695.90614 19.312 0.055
5697.64344 19.420 0.078
5698.73921 19.207 0.075
5705.77069 18.689 0.037
5707.70068 18.989 0.046
5708.77325 18.974 0.046
5712.78139 19.566 0.060
5715.65877 19.603 0.067
5716.82976 19.735 0.088
5722.66162 20.036 0.100
5722.67519 20.198 0.118
5723.81799 20.079 0.103
5725.71532 20.296 0.119
5734.84732 20.408 0.238
5736.66543 20.239 0.085
5737.75522 20.219 0.095
5739.57089 20.411 0.171
5740.65145 20.366 0.167
5741.72061 20.365 0.118
5742.73381 20.481 0.124
5743.84606 19.882 0.140
5745.51679 20.495 0.207
5746.70663 20.192 0.132
5748.66010 20.177 0.124
5752.58692 19.839 0.138
5760.75313 20.204 0.124
5762.52896 20.435 0.188
5763.66577 20.107 0.120
5764.75206 20.307 0.142
5766.58913 20.129 0.108
5767.74291 20.365 0.180
5769.51464 20.163 0.120
5776.53088 20.448 0.252
5778.50779 20.556 0.296
5785.54279 20.416 0.281
5787.49413 20.702 0.240
5788.71098 19.856 0.205
5793.54437 20.516 0.169
5795.54461 19.483 0.085
5801.54915 18.570 0.034
5804.61193 18.287 0.025
5807.62600 18.411 0.037
5813.66516 19.529 0.071
5817.56704 19.862 0.129
5819.64723 19.917 0.146
5822.59065 20.441 0.188
5827.58159 19.610 0.107
5829.55020 20.272 0.130
5831.56046 20.087 0.136
5833.56884 20.311 0.155
5836.56310 20.109 0.203
5840.58982 20.224 0.180
5842.55121 19.593 0.117
5844.55842 19.894 0.183
5847.54953 20.169 0.303
5852.55219 19.970 0.166
5977.88497 20.141 0.122
5983.82385 20.113 0.138
5986.80896 20.889 0.276
5989.80199 20.146 0.148
5991.85564 19.915 0.087
5994.79377 20.126 0.166
5996.81738 20.299 0.139
5998.82570 19.960 0.099
6003.89170 19.949 0.119
6005.87716 20.144 0.094
6007.85448 19.993 0.102
6009.77994 20.448 0.140
6010.89504 20.237 0.089
6012.83726 20.154 0.096
6014.75949 20.233 0.114
6015.84298 20.197 0.084
6017.77106 20.040 0.085
6018.86452 20.196 0.123
6020.74464 20.307 0.151
6021.80407 19.846 0.082
6022.87565 20.215 0.111
6025.70618 20.957 0.434
6031.79762 18.766 0.034
6033.74591 19.082 0.043
6036.70286 19.794 0.080
6038.74006 20.144 0.122
6040.80762 20.127 0.122
6047.73506 20.410 0.127
6049.68395 20.272 0.129
6050.86189 20.111 0.107
6052.92444 19.882 0.093
6061.78777 20.067 0.097
6062.91528 20.261 0.155
6064.92781 20.137 0.106
6066.79498 19.713 0.078
6067.85649 20.263 0.108
6069.68057 20.480 0.147
6070.74611 19.950 0.081
6071.82388 20.175 0.107
6076.57853 20.227 0.137
6077.80118 20.110 0.101
6078.87559 19.726 0.083
6079.94832 19.753 0.199
6081.59446 19.654 0.104
6082.66537 19.928 0.195
6085.78865 19.388 0.070
6086.79682 19.417 0.068
6088.65350 19.196 0.040
6092.83343 18.638 0.027
6094.60712 18.776 0.049
6096.72603 19.137 0.050
6096.73882 19.124 0.055
6097.90693 19.126 0.073
6099.75470 19.478 0.091
6101.52810 19.606 0.078
6102.56783 19.854 0.117
6103.58641 19.694 0.076
6104.66976 19.934 0.073
6105.72304 19.971 0.083
6108.79650 19.966 0.108
6109.68492 20.216 0.174
6113.75164 19.914 0.121
6114.85349 20.841 0.393
6116.57934 20.348 0.113
6117.67024 20.165 0.099
6118.72271 20.430 0.118
6119.72938 20.037 0.096
6121.49204 20.411 0.130
6123.61548 20.118 0.111
6124.73938 20.368 0.120
6125.83093 19.988 0.151
6127.75645 20.764 0.263
6132.55650 20.201 0.138
6134.55368 20.143 0.172
6136.55487 19.559 0.121
6141.49805 19.796 0.111
6149.62085 19.155 0.055
6152.50162 19.424 0.064
6157.67917 19.639 0.088
6159.55341 20.039 0.121
6161.57229 20.324 0.165
6174.64945 20.019 0.175
6179.59098 20.128 0.179
6191.50359 20.091 0.166
6196.53581 19.793 0.138
6199.53352 20.100 0.208
6211.50933 19.864 0.094
6213.56306 18.985 0.063
6218.53870 18.989 0.061
6219.57019 19.148 0.077
6233.54067 20.568 0.333
6238.52573 20.481 0.299
6340.89064 20.349 0.126
6347.83311 20.411 0.171
6350.87531 20.731 0.233
6354.78683 20.764 0.313
6362.83343 19.851 0.079
6367.88648 19.790 0.061
6370.77121 19.921 0.086
6371.90340 20.066 0.079
6372.89612 20.262 0.108
6374.86394 20.783 0.196
6376.82161 19.949 0.087
6378.76715 20.436 0.156
6379.88631 20.332 0.137
6381.85031 19.914 0.076
6386.77549 20.068 0.103
6387.87080 20.263 0.121
6389.79537 20.243 0.127
6390.86145 20.525 0.140
6393.83551 20.623 0.184
6395.83881 20.263 0.091
6397.81126 20.393 0.108
6399.72677 20.766 0.185
6401.75952 20.463 0.123
6403.68768 20.282 0.132
6404.87379 19.963 0.086
6407.80526 20.109 0.120
6415.72683 20.212 0.141
6416.92177 19.887 0.084
6418.75279 20.585 0.149
6419.91527 20.031 0.098
6421.89483 20.752 0.247
6423.89606 20.428 0.140
6426.76620 20.781 0.171
6428.89956 20.340 0.155
6432.66836 20.009 0.125
6433.77201 20.242 0.128
6435.62075 20.106 0.165
6436.69172 20.287 0.143
6437.90861 19.469 0.121
6442.75675 20.083 0.094
6444.88496 20.025 0.135
6446.92022 20.245 0.137
6447.94515 19.944 0.175
6449.58573 20.191 0.116
6450.63555 20.118 0.102
6451.69488 20.340 0.117
6452.82407 20.145 0.087
6454.86502 20.000 0.110
6456.75088 20.521 0.116
6458.60379 20.584 0.198
6459.65408 20.068 0.098
6461.54395 20.179 0.157
6462.82101 20.152 0.140
6463.86810 20.162 0.143
6468.58998 20.498 0.227
6469.75975 20.341 0.164
6473.58091 20.675 0.189
6474.65587 20.407 0.156
6475.75005 20.586 0.190
6476.80021 20.065 0.107
6478.56162 20.128 0.144
6480.61921 20.525 0.192
6481.77422 20.212 0.143
6485.62846 20.195 0.104
6486.75879 20.295 0.117
6490.64108 20.513 0.149
6491.79089 20.323 0.200
6496.54404 20.114 0.180
6498.57575 20.581 0.132
6500.66990 20.153 0.162
6505.49225 20.140 0.141
6507.64304 20.677 0.249
6509.60079 20.092 0.072
6511.48056 20.420 0.172
6514.75479 20.476 0.208
6518.60246 20.037 0.088
6523.56969 20.325 0.131
6525.59058 19.809 0.143
6534.52599 20.081 0.129
6544.54736 20.697 0.190
6559.56891 20.166 0.143
6563.56347 20.522 0.207
6565.61818 20.328 0.179
6569.58069 20.718 0.215
6572.56774 19.999 0.142
6576.51446 20.158 0.293
6581.52729 19.521 0.096
6584.52862 18.560 0.052
