5260.86564 20.209 0.135
5261.80049 20.255 0.162
5262.83892 20.032 0.400
5264.82358 20.288 0.170
5264.87667 20.288 0.219
5264.89396 19.978 0.112
5265.79959 20.407 0.168
5266.78766 20.255 0.156
5267.82947 20.237 0.127
5268.80072 19.840 0.106
5269.79560 20.228 0.120
5270.83998 20.057 0.108
5271.79506 19.288 0.055
5272.80188 19.093 0.054
5273.85651 19.024 0.043
5274.80524 18.965 0.048
5275.79097 18.989 0.054
5276.82588 19.089 0.047
5277.79203 19.071 0.050
5278.80206 19.407 0.066
5279.80331 19.634 0.101
5280.85489 19.901 0.085
5281.78982 20.216 0.118
5282.77033 20.160 0.158
5282.91517 20.026 0.131
5283.77146 19.929 0.135
5284.77349 20.132 0.162
5285.76916 20.157 0.175
5285.89857 20.125 0.173
5286.76036 19.967 0.150
5287.82998 20.116 0.124
5288.76334 19.878 0.120
5292.83350 20.156 0.236
5293.84143 20.087 0.122
5294.74768 20.218 0.125
5294.78506 20.132 0.089
5294.82228 20.241 0.094
5294.85235 20.138 0.087
5294.89264 20.109 0.087
5295.74866 20.045 0.122
5295.78703 20.140 0.103
5295.82547 20.067 0.098
5295.86340 20.279 0.101
5295.90300 20.168 0.095
5296.79292 20.277 0.100
5296.82737 20.118 0.084
5296.86478 20.202 0.081
5296.90490 20.182 0.110
5297.78604 20.229 0.111
5297.82407 20.128 0.085
5297.86187 20.182 0.079
5297.90097 20.390 0.108
5298.78694 20.169 0.119
5298.82479 20.164 0.123
5298.86272 20.139 0.098
5298.90222 20.369 0.120
5299.73375 19.823 0.079
5299.77139 20.181 0.111
5299.84689 19.955 0.073
5299.88578 20.255 0.110
5300.84253 20.290 0.135
5300.88222 20.007 0.098
5300.92108 20.290 0.132
5301.77600 20.182 0.130
5301.81335 20.300 0.116
5301.85087 19.958 0.106
5301.89114 20.234 0.130
5303.89874 20.448 0.174
5304.73639 20.067 0.177
5304.77572 19.894 0.110
5306.70912 19.088 0.048
5306.77322 19.180 0.052
5306.83635 19.228 0.045
5306.87551 19.138 0.044
5306.91443 19.107 0.046
5307.69888 19.230 0.053
5307.76241 19.325 0.059
5307.82381 19.399 0.060
5307.86315 19.226 0.049
5307.90282 19.190 0.044
5308.69017 19.779 0.106
5308.75201 19.603 0.082
5308.81353 19.552 0.066
5308.85145 19.480 0.056
5309.68791 19.765 0.115
5309.75295 19.841 0.095
5309.82354 19.899 0.085
5309.86765 20.041 0.115
5309.90599 19.801 0.076
5310.66762 19.990 0.145
5310.73359 20.113 0.152
5310.78995 19.989 0.117
5310.86538 20.034 0.097
5310.90337 20.587 0.167
5311.78879 20.139 0.183
5311.84773 20.129 0.129
5311.89605 20.435 0.178
5312.71037 20.150 0.198
5312.75975 20.311 0.191
5312.80231 20.093 0.149
5312.84208 20.294 0.198
5312.88692 20.135 0.144
5312.92404 20.072 0.122
5313.79615 20.331 0.223
5313.83512 20.158 0.184
5313.87536 20.276 0.208
5313.91320 20.322 0.215
5314.68389 20.232 0.233
5314.72634 20.089 0.217
5314.76600 20.045 0.167
5314.80353 20.252 0.187
5314.86136 20.182 0.186
5314.89853 20.326 0.180
5315.65257 19.639 0.204
5315.70717 20.418 0.356
5315.74932 20.394 0.219
5315.78684 20.332 0.175
5315.82474 20.125 0.183
5315.86492 20.385 0.254
5315.90682 19.986 0.209
5316.69780 20.211 0.532
5316.74286 19.872 0.198
5316.78266 20.166 0.220
5316.82188 20.005 0.196
5316.87707 19.667 0.201
5319.88687 20.339 0.369
5320.66034 20.094 0.143
5320.69932 19.990 0.137
5320.74330 20.051 0.131
5320.78076 19.917 0.127
5320.82077 20.309 0.213
5320.86243 20.071 0.127
5320.89989 20.073 0.129
5321.65971 20.071 0.201
5321.72765 19.984 0.120
5321.76620 20.254 0.178
5321.80542 20.127 0.138
5321.84701 20.278 0.232
5321.88450 19.809 0.116
5321.92175 20.391 0.190
5322.70807 19.527 0.084
5322.85562 19.561 0.086
5322.88083 19.312 0.067
5322.92124 19.305 0.061
5323.67855 19.190 0.073
5323.74447 19.206 0.079
5323.78284 19.282 0.063
5323.82608 19.318 0.063
5323.86552 19.369 0.072
5323.90299 19.306 0.066
5324.65349 19.415 0.096
5324.71835 19.182 0.069
5324.75575 19.259 0.066
5324.79417 19.441 0.086
5324.83486 19.320 0.079
5324.87225 19.353 0.067
5324.91290 19.295 0.055
5325.64549 19.564 0.080
5325.69968 19.495 0.068
5325.73619 19.459 0.061
5325.77451 19.569 0.067
5325.81448 19.564 0.074
5325.86153 19.579 0.082
5325.90025 19.720 0.087
5325.94081 19.409 0.201
5326.67451 19.569 0.072
5326.73519 19.834 0.095
5326.77260 19.832 0.083
5326.81212 19.656 0.068
5326.85037 19.712 0.084
5326.88884 19.802 0.100
5326.92757 19.842 0.108
5327.68868 19.875 0.097
5327.75963 20.350 0.144
5327.79850 20.013 0.117
5327.83682 20.129 0.163
5327.87577 20.203 0.137
5327.91389 20.154 0.122
5328.61061 20.042 0.118
5328.68463 20.032 0.122
5328.75348 19.987 0.114
5328.79188 20.136 0.124
5328.83260 20.153 0.133
5328.87036 20.125 0.131
5328.90812 19.917 0.100
5329.70835 20.624 0.232
5334.63090 20.183 0.152
5334.69701 19.959 0.106
5334.77781 20.105 0.089
5334.83757 20.350 0.134
5334.87528 20.251 0.154
5334.91590 20.363 0.205
5335.72115 20.343 0.107
5335.76041 20.066 0.086
5335.80006 20.107 0.110
5335.83946 20.317 0.167
5335.87717 20.078 0.134
5335.91487 20.080 0.117
5336.79430 20.096 0.120
5336.85869 20.159 0.113
5336.92371 20.017 0.123
5337.77039 20.478 0.177
5337.81019 20.081 0.134
5337.84858 20.099 0.151
5337.88651 19.992 0.151
5337.92497 20.151 0.206
5338.76785 20.538 0.213
5338.80704 20.287 0.231
5338.84833 20.449 0.339
5339.64344 20.130 0.196
5339.68325 20.220 0.193
5339.74966 20.349 0.181
5339.81490 20.278 0.160
5339.88055 20.376 0.256
5339.92047 20.579 0.330
5340.62942 19.977 0.245
5340.66710 20.076 0.170
5340.75362 19.991 0.161
5340.81133 20.446 0.324
5340.84938 20.103 0.226
5340.88784 20.500 0.230
5340.92546 20.357 0.255
5341.59961 20.129 0.172
5341.67282 20.532 0.180
5341.74419 20.233 0.157
5341.81875 19.983 0.114
5341.85696 20.188 0.160
5341.89469 20.291 0.158
5341.93488 20.132 0.146
5342.60898 19.783 0.161
5342.64645 20.043 0.191
5342.68409 20.221 0.193
5342.72158 19.769 0.115
5342.76320 20.093 0.138
5342.80457 19.955 0.156
5342.84231 19.885 0.141
5342.88017 19.864 0.171
5342.91802 20.197 0.234
5343.58971 19.259 0.121
5343.62735 19.253 0.105
5343.66501 19.404 0.095
5343.70276 19.142 0.064
5343.74076 19.125 0.067
5343.78117 19.223 0.077
5343.82024 19.214 0.078
5343.85835 19.323 0.083
5343.87108 19.170 0.077
5343.90918 19.169 0.081
5348.60522 19.188 0.081
5348.67469 18.995 0.062
5348.76740 19.008 0.052
5348.80565 19.148 0.062
5348.84356 19.013 0.050
5348.88809 18.987 0.071
5348.92774 19.177 0.087
5349.60415 19.332 0.128
5349.68596 18.947 0.054
5349.78075 19.103 0.076
5349.81876 19.117 0.062
5349.85798 19.397 0.115
5350.65638 19.088 0.082
5350.69394 19.326 0.116
5350.73265 19.242 0.073
5351.59474 19.393 0.075
5351.66327 19.527 0.072
5351.74426 19.509 0.068
5351.83086 19.627 0.107
5351.89129 19.572 0.113
5352.60598 19.446 0.138
5352.67483 19.829 0.091
5352.76047 20.121 0.131
5352.84354 19.726 0.103
5352.89705 19.808 0.116
5353.56592 19.990 0.122
5353.64897 20.008 0.108
5353.72722 20.072 0.107
5353.78244 19.974 0.094
5353.82015 20.092 0.123
5353.86492 20.125 0.123
5354.57824 20.211 0.174
5354.67229 20.169 0.139
5354.76952 20.177 0.143
5354.84140 20.297 0.152
5354.88158 20.107 0.170
5354.92007 20.000 0.162
5355.61350 20.111 0.139
5355.69789 20.067 0.142
5355.78489 20.102 0.116
5355.82546 20.185 0.155
5355.87400 19.957 0.162
5357.61415 20.268 0.199
5357.69607 19.969 0.134
5357.78636 20.244 0.154
5357.88344 20.086 0.191
5358.66587 20.138 0.143
5358.75916 20.318 0.192
5359.59299 20.596 0.285
5359.63412 20.228 0.165
5359.68798 20.231 0.153
5359.73729 20.136 0.132
5359.78597 20.108 0.129
5359.83003 20.363 0.184
5359.86978 20.237 0.192
5361.63584 20.308 0.237
5361.68185 20.384 0.232
5362.59648 20.008 0.154
5362.68212 20.066 0.120
5362.77739 20.396 0.173
5362.88189 20.270 0.266
5364.52453 20.425 0.242
5364.56949 20.143 0.143
5364.65403 20.299 0.152
5364.74941 20.595 0.253
5364.79376 20.087 0.187
5364.83314 20.070 0.165
5364.87313 20.150 0.182
5365.54238 20.239 0.244
5365.58682 20.274 0.165
5365.67717 20.117 0.124
5365.76985 20.409 0.177
5365.84130 20.296 0.182
5365.87991 20.036 0.174
5368.61635 20.194 0.184
5368.79446 19.976 0.133
5369.82596 20.132 0.157
5376.63221 20.188 0.194
5376.67233 20.434 0.255
5376.71208 20.632 0.281
5376.75034 20.252 0.207
5376.78859 20.007 0.147
5376.82680 20.128 0.218
5376.86478 20.353 0.295
5377.52078 20.192 0.205
5377.57531 20.033 0.153
5377.60412 20.184 0.211
5377.65052 20.499 0.192
5377.67144 20.394 0.175
5377.71614 20.115 0.122
5377.75923 20.090 0.129
5377.80195 20.598 0.252
5377.84013 20.143 0.161
5378.49444 20.016 0.130
5378.57704 20.165 0.118
5378.66361 20.468 0.159
5378.73560 20.276 0.123
5378.77365 20.187 0.116
5378.81214 20.306 0.152
5378.85206 20.391 0.203
5379.49096 20.113 0.156
5379.52890 19.919 0.134
5379.61360 20.159 0.128
5379.70054 20.179 0.144
5379.75697 20.141 0.139
5379.79459 20.310 0.163
5379.83239 20.180 0.194
5379.87345 20.301 0.257
5380.50240 20.338 0.179
5380.54027 20.048 0.116
5380.59599 20.157 0.110
5380.68283 20.143 0.107
5380.73613 20.139 0.140
5380.77413 20.262 0.155
5380.81223 20.137 0.175
5380.85026 20.130 0.275
5381.54976 19.464 0.095
5381.58725 19.509 0.137
5381.64603 19.372 0.116
5381.68726 19.515 0.089
5381.72526 19.417 0.100
5381.76353 19.518 0.119
5381.81032 19.345 0.123
5381.84847 19.067 0.091
5382.53849 19.027 0.088
5382.58289 19.034 0.083
5382.62580 19.235 0.085
5382.66713 19.111 0.070
5382.70711 19.139 0.063
5382.74514 19.297 0.082
5382.78991 18.983 0.076
5382.83369 19.044 0.088
5384.77498 19.570 0.107
5384.81310 20.285 0.295
5385.48445 19.687 0.098
5385.56626 19.955 0.083
5385.82299 19.908 0.085
5386.46980 19.833 0.120
5386.49966 19.942 0.125
5386.58178 19.866 0.112
5386.66583 20.079 0.137
5386.69182 20.244 0.119
5386.75617 19.986 0.097
5386.79561 19.954 0.100
5386.83752 20.358 0.153
5387.54071 20.137 0.103
5387.70007 20.271 0.118
5387.73849 20.119 0.095
5387.77935 20.309 0.148
5387.82271 20.027 0.121
5388.48027 20.013 0.157
5388.51817 20.287 0.156
5388.60536 20.145 0.106
5388.71269 20.254 0.137
5388.77713 19.986 0.130
5388.82028 20.465 0.207
5389.46888 20.079 0.250
5389.50776 20.408 0.201
5389.54625 20.288 0.148
5389.65357 20.534 0.184
5389.75873 20.385 0.204
5389.79798 20.184 0.192
5389.83756 20.263 0.174
5390.54103 20.213 0.202
5390.58674 20.488 0.244
5390.67245 20.666 0.320
5390.72214 20.297 0.145
5390.76042 20.299 0.118
5390.79822 20.225 0.139
5391.47317 19.520 0.146
5391.53228 20.248 0.188
5391.65315 20.456 0.188
5391.76026 20.546 0.236
5391.82192 20.295 0.199
5392.46931 19.825 0.153
5392.50714 20.393 0.193
5392.54614 19.989 0.127
5392.63056 20.241 0.121
5392.73967 20.519 0.155
5392.79939 19.940 0.101
5392.83693 19.789 0.164
5393.65399 20.039 0.150
5393.69241 20.088 0.145
5393.73035 20.344 0.219
5393.77586 19.991 0.145
5393.81374 20.112 0.187
5395.81798 20.432 0.230
5396.53765 19.953 0.222
5396.61285 20.100 0.143
5396.67515 20.105 0.116
5396.70973 20.283 0.135
5396.78232 20.177 0.145
5397.58751 20.482 0.271
5397.63734 20.509 0.319
5397.67555 20.769 0.324
5397.71700 20.098 0.217
5402.65216 20.022 0.239
5402.68203 20.124 0.400
5403.49505 20.485 0.199
5403.53222 20.409 0.167
5403.56974 20.203 0.140
5403.61022 20.134 0.139
5403.64957 20.111 0.144
5403.68764 20.142 0.155
5403.72860 20.406 0.198
5403.76639 20.272 0.238
5404.47031 20.079 0.164
5404.50823 19.945 0.131
5404.54601 19.728 0.108
5404.58383 20.047 0.171
5404.62701 19.936 0.124
5404.66644 19.975 0.130
5404.70536 20.009 0.141
5404.74487 19.853 0.131
5404.78865 19.926 0.158
5405.64334 20.378 0.218
5405.68320 20.045 0.176
5405.72104 20.159 0.158
5405.75862 19.898 0.139
5405.79620 20.205 0.222
5407.49781 19.987 0.152
5407.53584 19.929 0.145
5407.57414 20.084 0.181
5407.61479 20.099 0.168
5407.65300 20.323 0.206
5407.69202 20.289 0.216
5407.73009 19.655 0.111
5407.76805 20.122 0.172
5408.53184 20.313 0.224
5408.57918 20.128 0.161
5408.61946 20.240 0.159
5408.65723 20.730 0.329
5408.69595 20.292 0.200
5408.73387 20.029 0.153
5408.77155 19.783 0.160
5409.48178 19.996 0.129
5409.52303 20.028 0.120
5409.62889 20.105 0.094
5409.73591 20.162 0.127
5409.77367 20.175 0.172
5410.48598 20.278 0.173
5410.52412 20.136 0.131
5410.63242 20.118 0.130
5410.73959 20.194 0.170
5410.77805 20.259 0.162
5411.50058 20.049 0.117
5411.56091 20.222 0.097
5411.66913 20.476 0.125
5411.75309 20.526 0.206
5412.51319 20.535 0.258
5412.55267 20.130 0.144
5412.59289 19.918 0.145
5412.63130 20.181 0.162
5412.67457 19.950 0.130
5412.73540 20.226 0.199
5413.49430 20.041 0.124
5413.55499 20.207 0.128
5413.66204 20.127 0.087
5413.74649 20.347 0.170
5414.47471 19.847 0.100
5414.51246 20.189 0.108
5414.59768 20.142 0.106
5414.70937 20.058 0.104
5414.76956 20.252 0.141
5416.63226 20.377 0.190
5416.68738 20.149 0.151
5418.54944 20.318 0.132
5418.59953 20.351 0.128
5418.64967 20.429 0.147
5418.69907 20.425 0.174
5421.50767 20.432 0.183
5421.55129 20.654 0.201
5421.56737 20.218 0.131
5421.61211 20.347 0.141
5421.65506 20.601 0.213
5421.69747 20.343 0.157
5422.49167 20.010 0.140
5422.53238 20.036 0.147
5422.63092 20.213 0.103
5422.75872 20.196 0.153
5423.51498 20.356 0.128
5423.58661 20.063 0.102
5423.69447 20.472 0.257
5425.52333 20.369 0.154
5426.49093 19.661 0.171
5426.52943 19.971 0.265
5426.64439 20.441 0.468
5430.47670 18.912 0.079
5430.51544 18.923 0.064
5430.56154 19.040 0.069
5430.59958 18.923 0.057
5430.63863 19.092 0.067
5431.47762 19.002 0.077
5431.51634 18.993 0.056
5431.55664 19.066 0.059
5431.59437 19.040 0.054
5431.63586 19.114 0.078
5431.67502 19.009 0.074
5432.55851 19.006 0.095
5432.65300 19.196 0.096
5433.63138 19.001 0.081
5433.67690 19.267 0.101
5434.50815 19.123 0.079
5434.55286 19.443 0.084
5434.59132 19.279 0.070
5434.63849 19.177 0.067
5434.68093 19.426 0.093
5435.47983 19.466 0.094
5435.51981 19.521 0.101
5435.56496 19.862 0.131
5435.63582 19.672 0.086
5435.68405 19.695 0.100
5436.47777 19.764 0.130
5436.54484 20.277 0.182
5436.66206 19.944 0.113
5437.50096 20.117 0.134
5437.62398 20.059 0.097
5438.51288 20.036 0.156
5438.57749 20.333 0.190
5438.65302 20.296 0.163
5438.69062 20.339 0.161
5439.52260 20.245 0.249
5439.56892 20.727 0.306
5439.60641 20.376 0.219
5439.64455 20.017 0.156
5443.49813 20.279 0.173
5443.53706 20.123 0.156
5443.58293 20.329 0.177
5443.62074 20.427 0.195
5443.66311 20.211 0.154
5444.50358 19.884 0.130
5444.55510 20.292 0.162
5444.60675 20.346 0.193
5444.64485 20.148 0.135
5445.47830 20.402 0.184
5445.57616 20.066 0.125
5445.65228 20.049 0.111
5446.48272 20.293 0.166
5446.53384 20.057 0.127
5446.57431 20.260 0.159
5446.61303 20.404 0.149
5446.65285 20.395 0.159
5447.50144 20.052 0.098
5447.54403 20.310 0.159
5447.60794 20.492 0.169
5448.47524 19.975 0.204
5448.52004 19.871 0.111
5448.57414 19.951 0.128
5449.47640 20.816 0.485
5449.51475 20.080 0.163
5449.54575 20.458 0.187
5449.62936 20.394 0.185
5450.51751 20.275 0.206
5450.55503 20.402 0.228
5450.60370 20.171 0.163
5450.64359 20.104 0.181
5451.50524 19.153 0.121
5451.63298 20.254 0.169
5453.47772 20.451 0.439
5453.54324 19.812 0.142
5457.47659 20.757 0.339
5457.55377 20.145 0.103
5457.60102 19.818 0.115
5458.47810 20.287 0.280
5458.54245 20.445 0.298
5458.58541 20.240 0.160
5459.50391 20.169 0.185
5459.54823 20.045 0.130
5459.59243 20.125 0.145
5460.49190 19.805 0.158
5460.57896 19.834 0.253
5461.49866 20.146 0.251
5461.59065 19.952 0.150
5462.47980 19.948 0.208
5462.53323 19.676 0.122
5463.50396 19.633 0.092
5463.58358 19.654 0.098
5463.58701 19.776 0.125
5464.49419 19.196 0.067
5464.54678 19.193 0.080
5465.50992 19.195 0.097
5467.48309 19.582 0.135
5468.55264 19.758 0.140
5469.60745 20.090 0.129
5471.51736 20.068 0.132
5471.58579 20.304 0.156
5472.50441 20.057 0.185
5472.54542 19.946 0.149
5472.55147 20.435 0.226
5473.50113 19.798 0.134
5476.49234 20.055 0.158
5476.52038 19.847 0.147
5477.53934 19.822 0.132
5479.50853 20.328 0.238
5480.49041 19.828 0.149
5480.55947 19.883 0.155
5481.53015 20.296 0.439
5485.51210 19.846 0.205
5486.49854 19.799 0.189
5486.55889 19.963 0.199
5487.54489 19.960 0.156
5488.53211 20.123 0.165
5489.51848 19.755 0.140
5490.51862 20.657 0.460
5492.52825 19.644 0.197
5494.52872 18.938 0.092
5495.53092 19.017 0.066
5497.53017 18.985 0.059
5499.53247 19.181 0.097
5507.50881 20.442 0.401
5596.86738 18.996 0.066
5596.87362 18.968 0.065
5597.88005 19.214 0.115
5598.86217 19.168 0.069
5599.87564 19.448 0.086
5600.86847 19.449 0.073
5602.86893 19.879 0.157
5604.87711 19.998 0.148
5605.87524 20.164 0.115
5606.87295 19.884 0.109
5607.87764 20.107 0.124
5608.87216 20.152 0.182
5611.85656 19.618 0.139
5612.87180 19.844 0.140
5614.85723 20.209 0.176
5615.86555 19.833 0.102
5616.85861 20.248 0.199
5619.87643 20.455 0.298
5620.84666 20.060 0.141
5621.84948 19.548 0.066
5622.88718 19.701 0.061
5624.84217 19.612 0.082
5625.82130 19.364 0.066
5626.81827 19.231 0.114
5627.84554 19.412 0.065
5628.85627 19.617 0.067
5629.82446 19.607 0.094
5630.80188 19.843 0.101
5631.82960 20.375 0.241
5632.83692 20.000 0.122
5633.79417 20.235 0.133
5634.84905 19.895 0.119
5635.85804 20.083 0.153
5637.81792 20.102 0.231
5638.79635 19.558 0.115
5639.78284 19.540 0.098
5639.85857 19.604 0.071
5640.75578 19.831 0.194
5640.79862 19.704 0.119
5640.83706 19.548 0.127
5640.88564 19.718 0.092
5641.75198 19.884 0.134
5641.79254 19.916 0.122
5641.87208 19.950 0.122
5642.75832 20.232 0.197
5642.79384 19.823 0.107
5642.85284 19.933 0.121
5642.87414 19.543 0.099
5642.91621 20.290 0.326
5643.76836 20.170 0.172
5643.80665 20.474 0.201
5643.86639 20.148 0.124
5643.90762 20.126 0.145
5644.77609 20.322 0.256
5644.81681 19.995 0.165
5644.88734 19.981 0.136
5647.85726 20.175 0.190
5647.87746 20.744 0.336
5647.89342 20.208 0.237
5648.75797 20.243 0.154
5648.82338 20.434 0.161
5648.86551 20.295 0.136
5648.91085 20.193 0.172
5649.76439 20.412 0.162
5649.80637 20.265 0.123
5649.87079 20.254 0.147
5649.90902 20.399 0.161
5650.75617 20.442 0.165
5650.81866 20.187 0.112
5650.86276 21.011 0.260
5650.91163 20.208 0.136
5651.77677 20.266 0.142
5651.81982 20.172 0.115
5651.89602 20.136 0.116
5652.75686 20.100 0.100
5652.82016 20.272 0.115
5652.86205 20.114 0.104
5653.78546 19.900 0.087
5653.91591 19.920 0.083
5654.79018 19.569 0.087
5654.83687 19.750 0.084
5654.88106 19.684 0.070
5655.73911 19.742 0.101
5655.77821 19.670 0.092
5655.81617 19.771 0.096
5655.85696 19.519 0.063
5655.90667 19.593 0.080
5656.79861 19.118 0.046
5656.83949 19.247 0.043
5656.92590 19.136 0.086
5657.78739 18.972 0.042
5657.82837 18.931 0.035
5657.87386 18.840 0.033
5657.91824 18.961 0.041
5658.78424 18.943 0.053
5658.84127 19.037 0.046
5658.87966 19.044 0.054
5658.92080 18.855 0.058
5659.73591 19.008 0.042
5659.77355 19.037 0.047
5659.81283 18.941 0.046
5659.85515 19.023 0.066
5659.90305 19.086 0.046
5660.72711 19.062 0.057
5660.77446 19.040 0.050
5660.81780 19.140 0.050
5660.87348 19.106 0.063
5662.72618 19.199 0.076
5662.76655 19.233 0.081
5662.82830 19.312 0.063
5662.86647 19.173 0.053
5662.90842 19.281 0.054
5663.76915 20.141 0.164
5664.77181 19.642 0.133
5664.81241 19.605 0.088
5664.87281 19.632 0.104
5664.91646 19.702 0.094
5665.74045 19.647 0.099
5665.78626 19.982 0.088
5665.85061 19.893 0.108
5665.89817 19.899 0.081
5667.73285 19.868 0.105
5667.78656 20.372 0.158
5667.83832 20.317 0.132
5667.89283 20.127 0.091
5668.72037 20.018 0.153
5668.77751 20.356 0.215
5668.84401 20.229 0.172
5668.89898 19.631 0.138
5669.73716 20.054 0.149
5669.73945 20.194 0.158
5669.78756 20.257 0.146
5669.83662 19.966 0.113
5669.88841 20.376 0.189
5670.72157 19.906 0.135
5670.76133 20.202 0.164
5670.82524 20.334 0.196
5670.86611 20.293 0.156
5670.90749 20.146 0.156
5671.74350 20.146 0.154
5675.70732 20.110 0.132
5675.74580 20.054 0.146
5675.78364 20.320 0.174
5675.82449 20.113 0.162
5675.89393 20.572 0.206
5676.67183 20.249 0.129
5676.71036 20.446 0.117
5676.74948 20.609 0.154
5676.78909 20.126 0.111
5676.85366 20.201 0.109
5676.89974 20.152 0.102
5677.70123 20.324 0.161
5677.74654 20.205 0.120
5677.78796 20.382 0.151
5677.83811 20.257 0.143
5677.89048 20.334 0.119
5679.66910 20.192 0.161
5679.70973 20.105 0.119
5679.75117 20.551 0.179
5679.80327 20.248 0.146
5679.85429 20.295 0.125
5679.89461 20.206 0.126
5680.65669 20.349 0.219
5680.69573 20.415 0.209
5680.73445 20.272 0.146
5680.78395 20.343 0.218
5680.83683 20.140 0.115
5680.88076 20.298 0.118
5680.92102 20.116 0.126
5681.68619 20.163 0.149
5681.72435 20.102 0.119
5681.76409 20.505 0.153
5681.82672 20.254 0.138
5681.87140 19.817 0.110
5681.91136 20.640 0.202
5682.67338 20.080 0.143
5682.71517 20.743 0.254
5682.76282 20.475 0.159
5682.81462 20.275 0.145
5682.89482 20.066 0.104
5682.93381 20.257 0.203
5683.69596 20.192 0.138
5683.76666 20.499 0.182
5683.81515 20.156 0.101
5683.87590 20.032 0.099
5683.91676 20.322 0.131
5684.67808 20.161 0.120
5684.72844 20.346 0.138
5684.77934 20.035 0.126
5684.83144 20.435 0.156
5684.88999 20.215 0.132
5684.93018 20.481 0.202
5685.76519 20.237 0.128
5685.80472 20.204 0.096
5685.85701 20.085 0.083
5685.90106 20.690 0.174
5686.65346 20.104 0.149
5686.71542 20.394 0.148
5686.76082 20.188 0.105
5686.81166 20.246 0.110
5686.86186 20.149 0.151
5686.90050 20.464 0.218
5687.65478 19.842 0.133
5687.69855 20.186 0.186
5687.75095 20.336 0.146
5687.79293 20.279 0.125
5687.84521 19.817 0.088
5688.86815 20.021 0.114
5688.92568 20.278 0.234
5689.68797 20.163 0.122
5689.75280 20.174 0.138
5689.80215 20.125 0.095
5690.64054 20.047 0.141
5690.69075 20.114 0.116
5690.74754 20.359 0.206
5690.79204 20.055 0.146
5690.83581 20.212 0.199
5690.90396 20.102 0.191
5691.64786 20.217 0.175
5691.70920 20.113 0.125
5691.75968 20.057 0.124
5691.80397 20.032 0.122
5691.85247 20.204 0.148
5691.90965 20.024 0.140
5692.65117 20.156 0.228
5692.70785 19.885 0.113
5692.75513 20.209 0.130
5692.79309 19.957 0.103
5692.83344 20.122 0.141
5692.87209 20.101 0.125
5692.90976 20.260 0.177
5693.62375 19.597 0.110
5693.66022 20.271 0.156
5693.72961 20.263 0.134
5693.77867 19.955 0.093
5693.81725 20.035 0.098
5693.85542 20.224 0.128
5693.89330 20.177 0.145
5693.93509 20.179 0.200
5694.63646 20.027 0.144
5694.67143 19.923 0.105
5694.73642 20.170 0.156
5694.78397 20.006 0.141
5694.82621 19.792 0.095
5694.86346 19.872 0.103
5694.90107 19.808 0.106
5694.94021 19.732 0.186
5695.64660 19.612 0.107
5695.69494 19.438 0.091
5695.78262 19.626 0.090
5695.82648 19.668 0.081
5695.86561 19.595 0.067
5695.90305 19.606 0.071
5695.94104 19.298 0.103
5696.63107 19.515 0.095
5696.68275 19.402 0.076
5696.73020 19.575 0.086
5696.76944 19.560 0.108
5696.81158 19.334 0.071
5696.85412 19.558 0.095
5696.90448 19.200 0.057
5697.60480 18.988 0.067
5697.64040 19.109 0.062
5697.69801 19.125 0.060
5697.73545 19.054 0.063
5697.77643 19.101 0.066
5697.81794 19.111 0.052
5697.85613 19.081 0.049
5697.90022 19.161 0.059
5697.94065 19.052 0.098
5698.63310 19.150 0.086
5698.68238 19.170 0.090
5698.72133 19.177 0.104
5698.76154 19.162 0.088
5698.80264 19.190 0.076
5698.84236 19.210 0.075
5698.88217 19.250 0.092
5698.92692 19.158 0.103
5702.63473 18.855 0.165
5702.66392 19.097 0.193
5702.75240 19.163 0.155
5702.78285 19.439 0.183
5702.91940 19.229 0.145
5703.68182 19.630 0.167
5703.71339 20.269 0.306
5703.76133 19.684 0.135
5703.83120 20.044 0.209
5705.70937 20.002 0.177
5705.75169 19.814 0.150
5705.79568 20.011 0.173
5705.85369 20.264 0.202
5705.90016 20.182 0.209
5706.58245 20.328 0.340
5706.73870 20.132 0.210
5706.79043 20.103 0.185
5706.85640 19.999 0.146
5707.58869 19.980 0.136
5707.62684 20.669 0.234
5707.68338 20.245 0.143
5707.72153 20.235 0.158
5707.76071 20.051 0.101
5707.80108 20.281 0.151
5707.84052 19.952 0.095
5707.88027 20.423 0.220
5707.92724 20.763 0.333
5708.59659 20.336 0.207
5708.64248 20.022 0.201
5708.69184 20.352 0.166
5708.74098 19.837 0.136
5708.78328 20.360 0.258
5708.83266 20.201 0.154
5708.88050 19.834 0.179
5709.57003 20.364 0.206
5709.61227 20.194 0.167
5709.62501 20.181 0.160
5709.66506 20.642 0.211
5710.73306 20.044 0.139
5712.58395 20.557 0.391
5712.66880 20.088 0.123
5712.68141 20.348 0.155
5712.72053 20.217 0.122
5712.76175 20.141 0.111
5712.80309 20.154 0.130
5712.84251 20.166 0.133
5712.90684 19.614 0.114
5713.77117 20.441 0.136
5713.81783 20.133 0.112
5713.85843 19.730 0.109
5714.59797 20.089 0.214
5714.61240 20.032 0.177
5714.68889 19.816 0.107
5715.56226 19.963 0.125
5715.61835 20.127 0.123
5715.67031 20.418 0.151
5715.71219 20.122 0.104
5715.76179 20.252 0.115
5715.80338 20.331 0.128
5715.84556 20.277 0.138
5715.90159 20.011 0.147
5716.58860 19.583 0.132
5716.60126 20.161 0.147
5716.61599 20.378 0.205
5716.62861 20.506 0.221
5716.68903 20.330 0.183
5716.74245 20.231 0.126
5716.78613 20.658 0.189
5716.82522 20.581 0.254
5716.86598 20.480 0.224
5716.91285 20.186 0.236
5721.63134 19.869 0.130
5721.70960 19.954 0.121
5721.77795 19.740 0.082
5721.81711 19.466 0.073
5721.86919 19.639 0.099
5721.90985 19.570 0.161
5722.60266 19.532 0.084
5722.61627 19.727 0.099
5722.65706 19.391 0.065
5722.67065 19.676 0.079
5722.71181 19.618 0.091
5722.77687 19.580 0.072
5722.81641 19.449 0.076
5723.55890 19.367 0.084
5723.60693 19.455 0.078
5723.65435 19.547 0.081
5723.69498 19.632 0.082
5723.73601 19.518 0.072
5723.77446 19.594 0.077
5723.81345 19.679 0.071
5723.85311 19.552 0.081
5724.55352 19.249 0.139
5724.62257 19.204 0.081
5724.63508 19.190 0.092
5724.67317 19.207 0.074
5724.68628 19.568 0.110
5724.73616 19.425 0.075
5724.78473 19.306 0.077
5724.82542 19.464 0.089
5725.57634 19.308 0.060
5725.58980 19.420 0.063
5725.60327 19.338 0.061
5725.64386 19.326 0.065
5725.65814 19.394 0.067
5725.71062 19.441 0.059
5725.75027 19.305 0.057
5725.79002 19.398 0.068
5726.55121 19.380 0.110
5726.59908 19.599 0.116
5726.63694 19.622 0.109
5726.68445 19.484 0.080
5726.72519 19.556 0.092
5726.76479 19.611 0.131
5726.80971 20.005 0.174
5734.61284 20.244 0.208
5734.68983 19.495 0.096
5734.73790 19.941 0.191
5734.78143 20.138 0.164
5734.83145 19.960 0.171
5734.87402 19.966 0.176
5735.66493 20.294 0.192
5735.73141 20.078 0.116
5735.77425 20.591 0.204
5735.82050 20.214 0.139
5735.86736 20.036 0.165
5736.52244 20.226 0.177
5736.56546 20.032 0.115
5736.60600 20.391 0.126
5736.64974 20.369 0.112
5736.68989 20.193 0.101
5736.77130 20.153 0.098
5736.81865 20.307 0.112
5736.86551 20.358 0.149
5737.50888 20.105 0.217
5737.54877 20.144 0.129
5737.60128 20.237 0.122
5737.64365 20.081 0.086
5737.69851 20.557 0.130
5737.73800 20.246 0.106
5737.77862 20.490 0.157
5737.82536 20.303 0.132
5737.86663 20.526 0.202
5738.57824 20.113 0.120
5738.61893 20.032 0.127
5738.67039 20.080 0.098
5738.72457 20.372 0.147
5738.76429 20.157 0.116
5739.51711 19.951 0.141
5739.55514 20.250 0.161
5739.59343 19.962 0.123
5739.64440 20.222 0.125
5739.70250 20.261 0.144
5739.74060 20.170 0.113
5739.77965 20.663 0.214
5739.82695 20.461 0.185
5739.87621 20.254 0.225
5740.53217 19.794 0.117
5740.57435 19.897 0.163
5740.63570 19.901 0.140
5740.68969 19.825 0.093
5740.73904 19.920 0.096
5740.77793 20.095 0.125
5740.82285 19.796 0.118
5740.86980 20.038 0.174
5741.50971 19.548 0.099
5741.54793 19.619 0.092
5741.59313 19.742 0.088
5741.63100 19.803 0.093
5741.68167 19.636 0.071
5741.73066 19.732 0.075
5741.77176 19.751 0.086
5741.81033 19.648 0.081
5741.84836 19.796 0.085
5741.88713 19.544 0.082
5742.52275 19.464 0.093
5742.56596 19.447 0.075
5742.60421 19.632 0.080
5742.66329 19.675 0.064
5742.70492 19.698 0.073
5742.74350 19.578 0.058
5742.78176 19.795 0.071
5742.81985 19.621 0.063
5742.86001 19.646 0.077
5743.61600 19.518 0.098
5743.65391 19.862 0.125
5743.70733 19.654 0.094
5743.75488 19.830 0.110
5743.79268 19.542 0.090
5743.83061 19.452 0.077
5743.86838 19.811 0.139
5744.51246 19.667 0.131
5744.55032 19.555 0.104
5744.58889 19.699 0.108
5744.62709 19.670 0.097
5744.70244 19.821 0.093
5744.76363 19.634 0.079
5744.80736 19.490 0.076
5744.85289 19.797 0.136
5745.50138 19.370 0.095
5745.54061 19.582 0.118
5745.58740 19.478 0.093
5745.62712 19.523 0.098
5745.68756 19.398 0.067
5745.72592 19.661 0.084
5745.76408 19.673 0.097
5745.80203 19.631 0.108
5746.55873 19.259 0.077
5746.56770 19.272 0.082
5746.60804 19.314 0.062
5746.64873 19.420 0.074
5746.71472 19.470 0.087
5746.75252 19.406 0.085
5746.79488 19.593 0.105
5746.84062 19.394 0.118
5747.60149 19.282 0.098
5747.64488 19.494 0.112
5747.69139 19.861 0.170
5747.73456 19.589 0.110
5747.77875 19.493 0.103
5748.61905 19.511 0.093
5748.67049 19.445 0.077
5749.51454 19.822 0.166
5749.55214 19.565 0.099
5749.58994 19.555 0.082
5749.62994 19.521 0.081
5749.68027 19.894 0.139
5749.71883 19.769 0.120
5749.75704 19.791 0.129
5749.79659 19.664 0.141
5752.55864 19.674 0.129
5753.48576 19.875 0.339
5753.53920 19.531 0.140
5753.58838 20.610 0.542
5753.64422 19.564 0.211
5753.73919 20.048 0.299
5753.80158 19.973 0.318
5759.82114 19.582 0.137
5760.51714 19.494 0.115
5760.52459 19.676 0.131
5760.57362 19.496 0.110
5760.62557 19.750 0.115
5760.67326 20.176 0.182
5760.72470 19.689 0.109
5760.76296 19.790 0.102
5760.80065 20.004 0.131
5761.49420 18.860 0.036
5761.59215 19.810 0.097
5762.50071 19.552 0.102
5762.53895 19.577 0.089
5762.57689 19.497 0.096
5762.61849 19.662 0.114
5762.65776 19.562 0.089
5762.69501 19.686 0.099
5762.73325 19.579 0.106
5763.48882 19.366 0.074
5763.53343 19.733 0.078
5763.57490 19.702 0.066
5763.67529 19.667 0.095
5763.72297 19.810 0.103
5763.76069 19.593 0.094
5763.79875 19.448 0.111
5764.49848 19.405 0.068
5764.53808 19.529 0.070
5764.57802 19.644 0.084
5764.62724 19.457 0.063
5764.66877 19.550 0.066
5764.71670 19.537 0.063
5764.78456 19.726 0.095
5765.49671 19.599 0.087
5765.53991 19.547 0.085
5765.60250 19.584 0.063
5765.64887 19.666 0.073
5765.69199 19.605 0.084
5765.73970 19.611 0.094
5766.46993 19.789 0.131
5766.50861 19.635 0.090
5766.56298 19.683 0.099
5766.61264 19.713 0.078
5766.65350 19.591 0.063
5766.69496 19.842 0.104
5766.73841 19.516 0.081
5767.48555 19.624 0.118
5767.53019 19.615 0.106
5767.57310 19.728 0.092
5767.63370 20.236 0.159
5767.69763 19.848 0.113
5767.73998 19.692 0.104
5767.78124 19.866 0.138
5768.48656 19.801 0.107
5768.52642 19.630 0.082
5768.58693 19.830 0.084
5768.63379 19.704 0.074
5768.67840 19.620 0.063
5768.72531 19.736 0.078
5768.76609 19.838 0.108
5769.47077 19.648 0.114
5769.51021 19.762 0.098
5769.56418 19.601 0.075
5769.62196 19.601 0.078
5769.67510 19.783 0.082
5769.72402 19.844 0.101
5769.76621 19.709 0.099
5770.66719 19.601 0.106
5770.75115 19.751 0.096
5775.59346 19.615 0.109
5775.63621 19.787 0.133
5776.52788 19.727 0.152
5776.58916 19.494 0.118
5776.63572 20.056 0.151
5776.70390 19.768 0.109
5776.75212 20.204 0.253
5777.50816 19.620 0.072
5777.55817 19.721 0.074
5777.63429 19.865 0.095
5777.69461 19.663 0.068
5777.75926 19.840 0.090
5778.49184 19.900 0.173
5778.54387 19.457 0.111
5778.59608 19.495 0.102
5779.58421 19.576 0.069
5779.62976 19.572 0.062
5779.68399 19.667 0.106
5779.72498 19.862 0.104
5784.50927 20.198 0.191
5784.60630 20.166 0.156
5784.71668 20.166 0.318
5785.48949 20.093 0.213
5785.56097 20.352 0.274
5785.61159 20.316 0.228
5785.65602 20.326 0.226
5785.69831 20.045 0.175
5786.47875 19.983 0.202
5786.55550 19.863 0.176
5786.59989 20.000 0.137
5786.64292 19.896 0.145
5786.69682 20.210 0.215
5786.74384 19.950 0.197
5787.52016 20.222 0.159
5787.57864 20.286 0.152
5787.62139 20.163 0.141
5787.66217 20.307 0.168
5787.70508 20.534 0.234
5788.47384 20.000 0.192
5788.52922 20.219 0.162
5788.58341 20.174 0.151
5788.62174 19.951 0.126
5788.66439 20.050 0.181
5788.70808 19.507 0.163
5788.74579 20.106 0.237
5790.56147 20.366 0.264
5790.60219 20.204 0.202
5790.64108 20.041 0.187
5790.68222 20.169 0.160
5790.72233 20.056 0.149
5791.49008 20.493 0.246
5791.56869 19.878 0.110
5793.49106 20.123 0.166
5793.55658 20.515 0.197
5793.59617 20.542 0.214
5793.63729 20.047 0.129
5793.67654 20.038 0.120
5793.71682 19.796 0.125
5794.49393 20.314 0.197
5794.56189 20.170 0.148
5794.60350 20.235 0.164
5794.64457 20.151 0.139
5794.69014 20.164 0.148
5795.54146 20.173 0.193
5795.61134 19.888 0.184
5795.69826 20.170 0.163
5795.73527 20.286 0.189
5796.51555 20.061 0.115
5796.58513 20.647 0.298
5796.62421 20.255 0.145
5796.70697 20.082 0.206
5798.68798 19.984 0.196
5801.50598 20.135 0.142
5801.55894 20.117 0.151
5801.59799 20.317 0.197
5801.63596 19.982 0.186
5801.67752 20.108 0.182
5802.54795 19.707 0.106
5802.59173 20.511 0.298
5803.52438 20.309 0.196
5804.47747 19.284 0.071
5804.54162 19.335 0.072
5804.58210 19.294 0.071
5804.61988 19.353 0.072
5804.65913 19.187 0.084
5804.70057 19.219 0.073
5805.53240 19.221 0.053
5805.57078 19.194 0.044
5805.61178 19.241 0.063
5805.66019 19.212 0.078
5806.52599 18.947 0.065
5806.59639 18.880 0.067
5807.56630 19.109 0.080
5807.60866 19.183 0.083
5807.64839 18.829 0.058
5812.51145 19.069 0.099
5812.55176 19.392 0.133
5812.59113 19.297 0.113
5812.63374 18.931 0.109
5813.47281 19.302 0.139
5813.53470 19.465 0.085
5813.57490 19.690 0.087
5813.61276 19.799 0.093
5813.65063 19.390 0.075
5815.50633 20.048 0.125
5815.54443 19.713 0.085
5815.59193 19.892 0.098
5815.62979 19.936 0.102
5815.66620 20.418 0.176
5816.51570 20.109 0.123
5816.56315 20.051 0.121
5816.60135 20.022 0.160
5816.64200 20.010 0.229
5817.51689 20.158 0.142
5817.56414 20.194 0.170
5817.64301 19.814 0.150
5818.50773 20.071 0.146
5818.54562 20.099 0.158
5818.58354 20.394 0.258
5818.62402 20.907 0.473
5819.49601 19.957 0.130
5819.55426 20.145 0.159
5819.59176 20.664 0.235
5819.63106 20.115 0.150
5820.48458 20.117 0.211
5820.52284 20.269 0.187
5820.56990 19.915 0.130
5820.60774 19.772 0.122
5822.53664 20.314 0.215
5822.58162 20.055 0.138
5822.62526 20.080 0.160
5823.51333 20.457 0.301
5823.55669 19.853 0.145
5823.60030 20.297 0.192
5824.47835 20.647 0.460
5824.53725 19.899 0.103
5824.57780 19.875 0.103
5824.61778 20.036 0.142
5825.49733 19.944 0.159
5825.55525 20.098 0.143
5825.59336 20.404 0.184
5826.47817 19.742 0.189
5826.51804 20.340 0.222
5826.56554 20.188 0.182
5826.60468 20.063 0.219
5827.50451 19.741 0.155
5827.54249 20.048 0.197
5827.58497 20.437 0.240
5827.62253 20.595 0.298
5828.51774 20.057 0.121
5828.55574 20.139 0.129
5828.59327 20.033 0.125
5829.47966 20.140 0.252
5829.52868 19.983 0.111
5829.56639 20.333 0.138
5829.60466 20.357 0.152
5830.50361 20.260 0.138
5830.54177 19.957 0.108
5830.57943 20.051 0.147
5831.48191 20.725 0.298
5831.54046 20.115 0.138
5831.57789 20.181 0.143
5831.61360 19.949 0.141
5832.52388 20.400 0.144
5832.56349 20.358 0.178
5832.60173 20.403 0.226
5833.52178 20.428 0.164
5833.56132 20.163 0.139
5833.59926 20.585 0.245
5834.52097 20.019 0.104
5834.55874 20.138 0.126
5834.59490 19.892 0.111
5835.54214 20.123 0.202
5836.50455 19.889 0.192
5836.53777 19.920 0.173
5836.56959 20.035 0.212
5839.49805 19.897 0.184
5839.53650 19.809 0.153
5839.57430 20.001 0.242
5840.47930 18.987 0.165
5840.52832 19.231 0.080
5840.58075 19.178 0.065
5841.48178 19.758 0.279
5841.52252 19.527 0.128
5841.56583 19.101 0.076
5841.60184 19.195 0.089
5842.52378 19.472 0.137
5842.57241 19.858 0.183
5843.48179 19.946 0.287
5843.52551 19.654 0.117
5843.56602 19.538 0.117
5843.60699 20.409 0.267
5844.51044 19.779 0.131
5844.54938 20.070 0.180
5844.58892 20.246 0.308
5845.50987 19.890 0.157
5845.55033 20.119 0.208
5845.59058 20.718 0.581
5846.51352 20.647 0.400
5846.55228 19.984 0.211
5847.54046 20.130 0.304
5850.52457 19.810 0.107
5850.56302 20.376 0.168
5851.51355 20.005 0.147
5851.55133 20.195 0.170
5852.50212 19.939 0.202
5852.54265 19.626 0.143
5854.49034 20.140 0.335
5854.50455 19.794 0.162
5854.51881 19.695 0.169
5854.53361 20.113 0.176
5854.54703 19.878 0.171
5854.55823 19.746 0.171
5855.52552 19.682 0.137
5855.55349 20.203 0.231
5856.52709 19.839 0.177
5857.50734 20.271 0.298
5858.50829 19.738 0.187
5859.50479 19.709 0.137
5859.54075 19.693 0.140
5860.52026 19.847 0.166
5861.51403 19.991 0.172
5862.52146 20.322 0.229
5866.50920 20.322 0.335
5867.51238 20.012 0.176
5868.51373 20.308 0.260
5869.50465 19.776 0.155
5870.50929 19.580 0.102
5872.50388 19.153 0.099
5873.50507 19.596 0.139
5961.88313 19.499 0.151
5970.87275 20.114 0.154
5971.87412 19.975 0.112
5972.88897 20.395 0.213
5976.87817 19.848 0.095
5977.83779 19.044 0.059
5977.87567 19.247 0.066
5978.84140 19.507 0.084
5978.88597 19.398 0.062
5979.83437 19.309 0.085
5979.87789 19.585 0.086
5980.85929 20.116 0.172
5982.82050 19.861 0.144
5982.86387 19.718 0.090
5983.81917 19.634 0.109
5983.85558 19.891 0.098
5983.90325 19.614 0.088
5984.83777 19.455 0.069
5984.88509 19.683 0.072
5985.82341 19.531 0.101
5985.86002 19.762 0.101
5985.90354 19.744 0.161
5986.83000 19.961 0.126
5986.86838 19.704 0.079
5987.81472 19.506 0.106
5987.84480 19.579 0.083
5987.89424 19.776 0.084
5988.83187 20.229 0.174
5988.87918 19.896 0.092
5989.80489 19.665 0.114
5989.83949 19.952 0.131
5989.88131 19.939 0.162
5990.80773 20.259 0.186
5990.84549 20.069 0.124
5990.88693 20.201 0.134
5991.82056 20.323 0.165
5991.84783 20.511 0.162
5992.80038 19.978 0.145
5992.83756 20.210 0.136
5992.87963 19.996 0.095
5993.79720 19.641 0.154
5993.83500 20.344 0.239
5993.87488 19.968 0.145
5994.80388 19.996 0.162
5994.82924 20.078 0.147
5994.87994 20.472 0.212
5995.79056 19.863 0.123
5995.81189 20.187 0.152
5995.84506 20.151 0.136
5995.89421 20.328 0.150
5996.79867 19.882 0.115
5996.83624 20.428 0.172
5996.88298 20.339 0.117
5997.83009 19.963 0.129
5997.87845 20.232 0.146
5997.91616 20.723 0.464
5998.80596 20.432 0.221
5998.85494 20.342 0.161
5998.89623 20.652 0.195
5999.79035 20.235 0.171
5999.83935 20.297 0.168
5999.87728 20.282 0.138
5999.91528 20.129 0.176
6002.80893 20.254 0.281
6002.83886 19.881 0.184
6002.87958 20.386 0.263
6003.86372 20.098 0.178
6004.75964 20.397 0.230
6004.79640 20.370 0.190
6004.85427 19.989 0.123
6004.89191 20.125 0.123
6005.75966 20.086 0.140
6005.80072 20.141 0.121
6005.84926 20.302 0.150
6005.90605 20.304 0.107
6006.77142 20.003 0.105
6006.82429 20.156 0.103
6006.87522 20.137 0.105
6006.91289 19.989 0.112
6007.77724 20.250 0.144
6007.82415 19.968 0.102
6007.87240 20.553 0.173
6007.91001 20.241 0.121
6008.76046 20.101 0.122
6008.79931 20.263 0.134
6008.85777 19.950 0.115
6008.89516 20.434 0.159
6009.75334 20.200 0.133
6009.78772 20.068 0.103
6009.84522 20.141 0.110
6009.88304 20.078 0.101
6009.92088 19.844 0.189
6010.76618 20.131 0.136
6010.81530 20.262 0.116
6010.86523 20.115 0.085
6010.90285 20.317 0.098
6011.74814 19.930 0.138
6011.79537 19.876 0.105
6011.87076 20.395 0.208
6011.90900 20.237 0.187
6012.75390 19.994 0.117
6012.79719 20.075 0.111
6012.84654 20.014 0.094
6012.89365 20.463 0.114
6013.75285 20.148 0.150
6013.79062 20.209 0.114
6013.89282 20.157 0.100
6014.72853 20.106 0.150
6014.76760 20.080 0.099
6014.80585 20.291 0.124
6014.86600 20.096 0.128
6014.90527 19.934 0.130
6015.74556 20.312 0.136
6015.78408 20.157 0.098
6015.82279 20.369 0.110
6015.87241 20.087 0.087
6015.91390 20.174 0.119
6016.76414 20.066 0.097
6016.80448 19.948 0.088
6016.86723 20.226 0.117
6016.90763 20.140 0.091
6017.73947 19.395 0.059
6017.77760 19.285 0.044
6017.81590 19.325 0.042
6017.87434 19.153 0.037
6017.91450 19.166 0.042
6018.76597 19.071 0.061
6018.80483 19.060 0.057
6018.84474 18.940 0.037
6018.90979 18.925 0.034
6019.73299 18.962 0.053
6019.77154 18.952 0.048
6019.83014 18.810 0.048
6019.86804 18.867 0.030
6019.90654 18.930 0.035
6020.72500 19.105 0.060
6020.76352 18.887 0.035
6020.81967 18.853 0.035
6020.85847 18.858 0.030
6020.89788 18.891 0.046
6021.70952 18.979 0.076
6021.74628 18.878 0.045
6021.78529 18.979 0.047
6021.82391 19.078 0.042
6021.88225 19.014 0.039
6021.92271 19.064 0.056
6022.73382 18.990 0.052
6022.77210 19.008 0.045
6022.81034 19.101 0.045
6022.86786 19.000 0.044
6022.90993 19.078 0.044
6023.72785 19.032 0.063
6023.76776 19.138 0.050
6023.80835 18.993 0.051
6023.84847 19.039 0.047
6023.91297 19.093 0.054
6024.71342 18.973 0.066
6024.75370 19.171 0.068
6024.79275 19.091 0.062
6024.85521 19.167 0.050
6024.90504 19.192 0.059
6025.71103 19.343 0.111
6025.75152 19.346 0.098
6025.79133 19.469 0.085
6025.84457 19.515 0.103
6025.89612 19.485 0.084
6026.72468 19.439 0.262
6029.91400 19.944 0.130
6031.75463 20.044 0.135
6031.79453 20.040 0.120
6031.83403 20.209 0.145
6031.87573 19.665 0.126
6031.93475 19.927 0.297
6032.71124 20.227 0.160
6032.74932 20.093 0.107
6032.80735 20.171 0.119
6032.84821 19.863 0.092
6032.88976 20.124 0.093
6032.92988 19.828 0.158
6033.72626 19.970 0.134
6033.77137 20.126 0.140
6033.84239 20.143 0.142
6033.88137 20.086 0.118
6033.92286 20.479 0.290
6034.72130 20.054 0.102
6034.76904 20.223 0.098
6034.82448 20.158 0.095
6034.91400 19.921 0.107
6035.85288 20.472 0.175
6035.92219 20.727 0.224
6036.72583 19.996 0.084
6036.76985 20.026 0.100
6036.84620 20.374 0.100
6036.90064 20.497 0.146
6037.71170 20.049 0.139
6037.75233 20.075 0.132
6037.79602 20.347 0.145
6037.86714 19.966 0.091
6037.90763 19.931 0.108
6038.72063 20.409 0.186
6038.76223 19.840 0.117
6038.82745 20.237 0.112
6038.87257 20.508 0.149
6038.92317 20.188 0.141
6039.74372 19.734 0.126
6039.78995 20.229 0.162
6039.85012 20.096 0.120
6039.89454 20.090 0.115
6039.93279 20.708 0.365
6040.76104 19.967 0.120
6040.80293 20.170 0.121
6040.86601 20.462 0.165
6040.90716 20.238 0.138
6041.70900 20.283 0.206
6041.75374 19.962 0.166
6041.79795 20.355 0.136
6041.85945 20.087 0.118
6041.90003 20.377 0.137
6045.89454 19.248 0.053
6045.93219 19.346 0.075
6046.90577 19.417 0.060
6047.67881 19.619 0.095
6047.71794 19.730 0.089
6047.75744 19.439 0.052
6047.79701 19.555 0.067
6047.87014 19.592 0.071
6047.91147 19.745 0.087
6048.68552 19.754 0.081
6048.72466 19.660 0.081
6048.77681 19.983 0.097
6048.82698 20.126 0.118
6048.87101 19.766 0.089
6048.91569 19.590 0.075
6049.69453 20.048 0.102
6049.74733 20.022 0.085
6049.80647 20.136 0.082
6049.84645 20.123 0.104
6049.88815 20.445 0.150
6049.92734 20.218 0.127
6050.68333 19.904 0.119
6050.72256 20.183 0.142
6050.79224 20.303 0.145
6050.83253 20.098 0.126
6050.87162 20.115 0.118
6050.91037 19.956 0.121
6051.65583 20.220 0.186
6051.74191 20.400 0.153
6052.66803 20.308 0.196
6052.70612 20.337 0.194
6052.76370 20.108 0.133
6052.80283 20.110 0.129
6052.84332 20.313 0.158
6052.88297 20.428 0.199
6052.92135 20.404 0.183
6053.65926 20.207 0.201
6053.69962 20.003 0.169
6053.73738 20.466 0.178
6053.79474 20.099 0.117
6053.84803 20.290 0.172
6053.89143 20.148 0.162
6053.93047 19.719 0.117
6054.88884 20.198 0.163
6057.67711 20.044 0.295
6057.73910 20.735 0.569
6057.81005 20.378 0.267
6057.83741 19.878 0.176
6057.87032 20.302 0.242
6057.90175 20.014 0.190
6057.91676 20.585 0.331
6057.93500 20.310 0.250
6058.67589 20.281 0.202
6058.71591 20.729 0.251
6058.75523 20.027 0.114
6058.79929 20.348 0.146
6058.84593 20.376 0.156
6058.88758 20.615 0.203
6058.92606 19.953 0.153
6059.68384 19.995 0.115
6059.72229 20.261 0.149
6059.76053 19.656 0.097
6059.81037 20.013 0.096
6059.85966 20.353 0.140
6059.89862 20.232 0.127
6059.93768 20.575 0.244
6060.81089 20.097 0.119
6061.69900 20.199 0.154
6061.73782 20.317 0.139
6061.79875 20.218 0.122
6061.83880 20.762 0.211
6061.87668 19.632 0.098
6061.91547 19.996 0.133
6062.66445 19.663 0.092
6062.70694 20.044 0.132
6062.74629 20.337 0.175
6062.79591 19.876 0.110
6062.84709 19.960 0.116
6062.88541 19.883 0.108
6062.92339 20.207 0.191
6063.77512 19.824 0.134
6063.81625 19.970 0.115
6063.86484 20.053 0.118
6063.91208 19.700 0.084
6064.66271 19.169 0.053
6064.73886 19.270 0.042
6064.80057 19.235 0.042
6064.84229 19.260 0.053
6064.88478 19.184 0.050
6064.92324 19.086 0.052
6065.63373 19.314 0.077
6065.67188 19.210 0.059
6065.71038 19.203 0.049
6065.77112 19.294 0.054
6065.81250 19.334 0.060
6065.85964 19.306 0.064
6066.63620 19.538 0.073
6066.67413 19.448 0.067
6066.71214 19.610 0.067
6066.76254 19.467 0.055
6066.81656 19.462 0.069
6066.85719 19.645 0.072
6066.89741 19.652 0.070
6066.93559 19.451 0.060
6067.62045 19.915 0.108
6067.66109 19.687 0.076
6067.69916 19.743 0.080
6067.74810 19.705 0.067
6067.79936 19.698 0.089
6067.83828 19.790 0.080
6067.87713 19.737 0.082
6067.91496 19.835 0.083
6068.60916 20.333 0.233
6068.66430 20.131 0.119
6068.71103 19.881 0.083
6068.76319 19.876 0.077
6068.83892 20.076 0.095
6068.88366 20.193 0.110
6068.92768 20.151 0.119
6069.60301 20.262 0.175
6069.66350 20.253 0.141
6069.70338 20.106 0.103
6069.74288 20.328 0.115
6069.81006 20.597 0.165
6069.85175 20.334 0.105
6069.89231 20.394 0.124
6069.93041 20.019 0.102
6070.61264 19.914 0.157
6070.65078 20.305 0.196
6070.69055 20.529 0.160
6070.72881 20.090 0.097
6070.77761 20.289 0.137
6070.82763 20.355 0.140
6070.86753 20.341 0.141
6070.90600 20.192 0.127
6070.94518 20.082 0.250
6071.61263 20.269 0.126
6071.65183 19.999 0.095
6071.69148 19.910 0.092
6071.73021 20.151 0.097
6071.79356 20.685 0.219
6071.83342 20.764 0.219
6071.87151 20.411 0.159
6071.90947 19.977 0.197
6075.59544 20.587 0.164
6075.63482 20.207 0.126
6075.67325 20.214 0.100
6075.71472 20.149 0.113
6075.77889 19.962 0.084
6075.81736 20.111 0.097
6075.85644 20.374 0.128
6076.58820 20.177 0.129
6076.62644 20.218 0.142
6076.67664 20.517 0.189
6076.72380 20.173 0.106
6076.77235 20.650 0.187
6076.81136 20.664 0.186
6076.85356 20.717 0.221
6076.90001 19.885 0.142
6076.94422 19.825 0.177
6077.74396 20.409 0.178
6077.79815 20.671 0.202
6077.84563 20.230 0.112
6077.88921 20.929 0.287
6077.92792 19.799 0.097
6078.60996 20.229 0.153
6078.64773 20.540 0.202
6078.68611 20.370 0.153
6078.73621 20.496 0.154
6078.79018 20.135 0.115
6078.82843 20.736 0.203
6078.87254 20.282 0.145
6078.91068 20.234 0.148
6079.58448 20.197 0.130
6079.62374 20.160 0.126
6079.66171 19.999 0.100
6079.71509 20.238 0.122
6079.77533 20.134 0.127
6079.81449 20.449 0.164
6079.86515 20.038 0.087
6079.90503 20.125 0.127
6079.94380 20.289 0.225
6080.59418 19.864 0.144
6080.63233 19.960 0.153
6080.67531 20.019 0.111
6080.72065 20.182 0.111
6080.76074 20.419 0.163
6080.80003 20.057 0.111
6080.85735 20.192 0.141
6080.89828 19.895 0.100
6080.94007 20.026 0.129
6081.58992 19.265 0.098
6081.62773 19.298 0.076
6081.66877 19.398 0.072
6081.71414 19.269 0.055
6081.75343 19.288 0.070
6081.80816 19.468 0.070
6081.85141 19.191 0.064
6081.89004 19.435 0.090
6081.93803 19.132 0.090
6082.62170 18.993 0.091
6082.66085 19.919 0.252
6082.71157 19.037 0.097
6082.78286 19.153 0.108
6082.82724 19.379 0.120
6082.86424 19.248 0.108
6082.90893 19.154 0.125
6085.58502 19.783 0.143
6085.63491 19.943 0.139
6085.67117 19.806 0.105
6085.71274 19.848 0.181
6085.75802 19.825 0.115
6085.79680 20.259 0.189
6085.83566 20.313 0.282
6085.87547 19.755 0.255
6085.91582 20.166 0.223
6086.56840 20.484 0.241
6086.60881 20.155 0.173
6086.65192 20.216 0.149
6086.69089 20.340 0.134
6086.75402 20.272 0.121
6086.79231 20.389 0.172
6086.83710 20.453 0.180
6086.88420 19.934 0.159
6086.92558 20.729 0.387
6087.58787 20.323 0.173
6087.72486 20.216 0.198
6087.78124 20.380 0.164
6087.83226 20.019 0.131
6088.56010 20.460 0.213
6088.59794 20.433 0.160
6088.63632 20.165 0.110
6088.67410 20.283 0.119
6089.64018 20.368 0.148
6089.67896 20.243 0.136
6089.74009 20.728 0.224
6089.79046 20.544 0.194
6089.85159 20.079 0.136
6089.92665 20.386 0.226
6092.59629 20.345 0.165
6092.63437 20.718 0.292
6092.67471 20.679 0.205
6092.80415 20.304 0.152
6092.87370 20.000 0.147
6093.54906 20.386 0.205
6093.59063 20.031 0.120
6093.62869 19.820 0.101
6093.66668 20.277 0.166
6093.72716 20.017 0.100
6093.78912 20.046 0.127
6093.82912 20.171 0.173
6093.86768 20.406 0.204
6094.60261 19.691 0.124
6094.64011 20.097 0.145
6094.67760 19.633 0.095
6094.72743 19.967 0.129
6094.77463 19.820 0.109
6094.81366 19.737 0.092
6094.85290 19.890 0.157
6094.90286 19.687 0.143
6096.60135 19.570 0.085
6096.64694 19.559 0.081
6096.68627 19.371 0.073
6096.76089 19.733 0.106
6096.80022 19.122 0.066
6096.84110 19.408 0.078
6096.88322 19.307 0.090
6097.66528 19.650 0.090
6097.72852 19.887 0.121
6097.77687 19.578 0.100
6097.81467 19.540 0.089
6097.85232 19.705 0.100
6097.89269 19.606 0.117
6098.58147 19.898 0.158
6098.62116 19.511 0.089
6098.65875 19.693 0.105
6098.71014 19.990 0.138
6098.76041 19.832 0.106
6098.80091 20.165 0.132
6098.83965 19.661 0.096
6098.87758 19.625 0.114
6099.62820 20.797 0.363
6099.72867 20.472 0.299
6099.83785 20.804 0.362
6100.54093 19.860 0.154
6100.59901 20.039 0.154
6100.63632 20.204 0.136
6100.68446 20.125 0.103
6100.73550 20.340 0.136
6100.82379 19.784 0.127
6100.86167 20.342 0.236
6100.89971 20.472 0.256
6101.53779 20.101 0.130
6101.57558 19.900 0.127
6101.61363 20.233 0.142
6101.65318 20.511 0.145
6101.70545 20.082 0.107
6101.75327 20.164 0.105
6101.79253 20.310 0.145
6101.83590 20.591 0.264
6102.50095 20.897 0.538
6102.53991 20.028 0.150
6102.58783 20.329 0.174
6102.63550 20.182 0.131
6102.67451 20.530 0.188
6102.71505 20.535 0.162
6102.75298 20.164 0.111
6102.79309 20.514 0.155
6102.83357 20.259 0.182
6102.87261 20.104 0.164
6103.51542 20.542 0.273
6103.55474 19.899 0.113
6103.59443 20.933 0.303
6103.64528 20.517 0.155
6103.69430 20.125 0.132
6103.73516 20.607 0.202
6103.80062 20.040 0.118
6103.84883 20.090 0.144
6104.51680 20.172 0.139
6104.55469 20.161 0.105
6104.59228 20.322 0.127
6104.62831 20.101 0.098
6104.67779 20.167 0.082
6104.71984 20.155 0.089
6104.75861 20.190 0.103
6104.79824 20.121 0.097
6104.84427 19.877 0.111
6104.88376 20.541 0.215
6105.51751 19.896 0.142
6105.55546 20.801 0.373
6105.60377 19.952 0.106
6105.66721 20.366 0.158
6105.70755 20.461 0.177
6105.74718 20.248 0.161
6106.56682 19.975 0.144
6106.65101 20.389 0.216
6108.51747 19.445 0.112
6108.55618 19.937 0.144
6108.60668 19.810 0.145
6108.64770 19.720 0.096
6108.70257 19.514 0.074
6108.74046 19.517 0.069
6108.78099 19.307 0.062
6108.82298 19.405 0.085
6108.86034 19.354 0.068
6109.68043 19.566 0.124
6109.71683 19.196 0.063
6109.75470 19.531 0.109
6109.79756 19.366 0.097
6109.83770 19.170 0.085
6113.53391 19.898 0.173
6113.57620 20.547 0.258
6113.61384 19.689 0.107
6113.65501 19.675 0.113
6113.69577 20.216 0.178
6113.73469 20.302 0.208
6113.77245 20.048 0.130
6113.81030 20.211 0.162
6113.84891 20.294 0.214
6113.85986 19.623 0.164
6114.58450 20.241 0.235
6114.62053 20.079 0.167
6114.66991 20.159 0.185
6114.71831 20.271 0.149
6114.75593 20.071 0.139
6114.79497 20.137 0.145
6115.48172 19.994 0.149
6115.52095 20.075 0.129
6115.55824 20.130 0.129
6115.60845 20.021 0.112
6115.66500 19.917 0.128
6115.70889 20.287 0.200
6115.77406 20.548 0.259
6116.47984 20.052 0.131
6116.52141 20.012 0.103
6116.56150 20.319 0.127
6116.60964 20.243 0.105
6116.65784 20.118 0.109
6116.69626 20.671 0.188
6116.74352 20.313 0.146
6116.78229 20.215 0.136
6116.82276 20.421 0.181
6117.50176 20.452 0.215
6117.53920 20.301 0.176
6117.57654 20.536 0.181
6117.62839 19.802 0.089
6117.67925 20.642 0.194
6117.71808 20.396 0.167
6117.75723 20.279 0.164
6117.79473 19.855 0.107
6117.83274 20.040 0.140
6118.49179 20.290 0.192
6118.53004 20.202 0.143
6118.57033 19.963 0.096
6118.62064 19.907 0.088
6118.67627 20.210 0.123
6118.71825 20.206 0.109
6118.75703 20.717 0.195
6118.79424 20.149 0.124
6118.83191 20.127 0.130
6119.48005 20.424 0.241
6119.51926 20.303 0.169
6119.60677 20.272 0.150
6119.65879 20.392 0.150
6119.69755 20.183 0.114
6119.72491 20.125 0.118
6119.76446 20.287 0.157
6119.80275 20.637 0.261
6120.50816 20.233 0.196
6120.54766 20.081 0.159
6120.60265 20.218 0.127
6120.66371 20.290 0.132
6120.70293 20.236 0.147
6120.74435 20.261 0.128
6120.79006 20.359 0.144
6121.49999 20.042 0.100
6121.53772 20.180 0.111
6121.57529 20.151 0.087
6121.64259 20.212 0.106
6121.68064 20.203 0.088
6121.70681 20.304 0.119
6121.74489 20.279 0.100
6121.78443 20.107 0.092
6123.51264 19.780 0.145
6123.55107 20.268 0.177
6123.59817 19.944 0.104
6123.64910 19.770 0.085
6123.68863 19.698 0.076
6123.72638 19.886 0.103
6123.76761 19.789 0.107
6123.80660 19.804 0.112
6124.48557 19.259 0.076
6124.52598 19.343 0.070
6124.58527 19.402 0.067
6124.65645 19.327 0.063
6124.69708 19.259 0.052
6124.73650 19.371 0.056
6124.77783 19.484 0.083
6124.81828 19.370 0.081
6125.54000 19.262 0.063
6125.58995 19.340 0.061
6125.65723 19.321 0.067
6125.69986 19.514 0.071
6125.74390 19.215 0.052
6125.78576 19.386 0.067
6125.82798 19.278 0.076
6126.52874 19.376 0.086
6126.57488 19.381 0.091
6126.62073 19.493 0.077
6126.69062 19.399 0.071
6126.73551 19.494 0.073
6127.47757 19.323 0.088
6127.52049 19.240 0.063
6127.56435 19.370 0.083
6127.65740 19.532 0.066
6127.75352 19.566 0.087
6128.54072 19.520 0.063
6128.58014 19.752 0.077
6128.62905 19.477 0.053
6128.67957 19.768 0.098
6129.65883 19.861 0.079
6130.71473 20.543 0.215
6131.50428 20.138 0.158
6131.55133 20.079 0.149
6131.61689 19.943 0.105
6131.73133 20.500 0.191
6131.78163 20.142 0.145
6132.55356 20.409 0.201
6132.63944 19.972 0.132
6132.68714 20.227 0.171
6132.76164 20.206 0.138
6133.53749 20.580 0.301
6133.58326 20.183 0.166
6133.63949 20.124 0.153
6133.69125 20.288 0.165
6133.74048 20.502 0.199
6134.50590 19.565 0.141
6134.55068 20.877 0.351
6134.59195 19.982 0.167
6134.66023 19.960 0.138
6135.49018 20.105 0.184
6135.53316 20.254 0.188
6135.59245 20.543 0.224
6135.65964 20.214 0.182
6135.70866 20.281 0.142
6135.75607 20.339 0.158
6135.79692 20.205 0.176
6136.50273 19.798 0.180
6136.70520 20.212 0.171
6140.49330 21.027 0.629
6140.53273 20.584 0.398
6140.58328 19.950 0.171
6140.63402 20.241 0.191
6140.67321 20.105 0.227
6141.48093 19.812 0.175
6141.52013 19.555 0.090
6141.55816 19.917 0.134
6141.60862 19.568 0.113
6141.65577 19.315 0.076
6141.69485 19.210 0.072
6141.73486 19.226 0.082
6141.77315 19.385 0.111
6142.53326 19.294 0.095
6142.57575 19.131 0.087
6142.68241 19.223 0.116
6143.71058 19.282 0.113
6147.50308 20.072 0.147
6147.56355 19.928 0.106
6147.60576 20.812 0.303
6147.64705 20.057 0.156
6147.70089 19.947 0.171
6148.49507 19.933 0.084
6148.53328 20.216 0.107
6148.59327 20.395 0.124
6148.63709 20.322 0.128
6148.67899 20.239 0.113
6149.55829 20.334 0.165
6149.60360 20.118 0.142
6150.48135 20.084 0.173
6150.53431 20.359 0.174
6150.58657 20.391 0.198
6150.63684 19.924 0.117
6150.67675 20.418 0.196
6151.53816 20.961 0.394
6151.57927 19.992 0.140
6151.61968 20.719 0.262
6151.65918 20.041 0.131
6151.70058 20.221 0.168
6151.73868 20.044 0.131
6152.50987 19.976 0.123
6152.54823 20.363 0.157
6152.60234 20.013 0.106
6152.65284 20.059 0.112
6153.69167 20.622 0.248
6154.49845 20.074 0.122
6154.53845 19.932 0.111
6154.60772 19.988 0.119
6154.69115 19.994 0.132
6157.64600 19.875 0.119
6157.68935 19.889 0.131
6158.48623 19.308 0.059
6158.53666 19.187 0.049
6158.58713 19.208 0.061
6158.62896 19.289 0.059
6158.66840 19.200 0.058
6158.70786 19.259 0.062
6159.49371 19.544 0.102
6159.54839 19.391 0.079
6159.58961 19.234 0.064
6159.66067 19.709 0.120
6159.71149 19.544 0.111
6160.51748 19.416 0.060
6160.58927 19.362 0.055
6160.63081 19.447 0.069
6160.67092 19.416 0.066
6160.72379 19.699 0.094
6161.51332 19.508 0.102
6161.55476 19.529 0.098
6161.60544 19.818 0.112
6161.67794 19.664 0.114
6164.49075 20.466 0.202
6164.55373 20.256 0.215
6164.59245 20.772 0.361
6164.70300 19.704 0.255
6166.53403 20.581 0.340
6166.61093 20.091 0.157
6167.52559 20.606 0.249
6167.57518 19.894 0.161
6167.66737 20.044 0.285
6168.52259 20.153 0.115
6168.57833 20.131 0.113
6168.64871 20.111 0.129
6168.68838 20.013 0.117
6169.52929 20.379 0.200
6169.57969 20.148 0.130
6169.62014 20.061 0.141
6169.65999 20.162 0.155
6169.69776 19.925 0.186
6171.53350 19.844 0.110
6171.58254 20.182 0.153
6171.62420 20.090 0.150
6171.67127 19.916 0.137
6172.49244 19.975 0.073
6172.54376 20.754 0.209
6172.59279 20.177 0.110
6172.63270 20.604 0.180
6172.67471 19.983 0.142
6174.59847 19.171 0.083
6174.63234 19.319 0.099
6175.49558 19.282 0.059
6175.54393 19.436 0.084
6175.58221 19.349 0.070
6175.62055 19.155 0.066
6175.66705 19.146 0.075
6179.49837 20.001 0.169
6179.55727 20.298 0.208
6179.63986 19.944 0.154
6179.67434 20.036 0.222
6180.51995 19.913 0.139
6180.57373 20.144 0.145
6180.61462 20.152 0.176
6180.65143 19.928 0.166
6181.47991 19.661 0.115
6181.53443 20.223 0.132
6181.57287 20.251 0.131
6181.61527 19.980 0.106
6182.48101 19.914 0.153
6182.53584 20.272 0.149
6182.58416 20.049 0.114
6182.62876 20.103 0.145
6182.66356 20.558 0.233
6183.51771 19.727 0.082
6183.56856 19.998 0.090
6183.61890 20.005 0.118
6184.49837 20.364 0.169
6184.57258 20.011 0.080
6184.61986 20.265 0.144
6185.48270 20.174 0.123
6185.54028 19.984 0.091
6185.58075 20.152 0.110
6185.62701 20.151 0.127
6186.50521 19.632 0.098
6186.60793 20.458 0.185
6190.50223 19.262 0.074
6190.55913 19.512 0.073
6190.59962 19.335 0.059
6191.49916 19.240 0.080
6191.55494 19.439 0.082
6191.59764 19.340 0.074
6191.64089 19.375 0.063
6195.51624 19.151 0.057
6195.55689 19.028 0.052
6195.59555 19.082 0.057
6195.63342 18.858 0.053
6196.51533 19.057 0.064
6196.55390 18.922 0.055
6196.59325 18.948 0.058
6196.63047 19.157 0.078
6197.51701 19.101 0.075
6197.55566 19.102 0.070
6197.59642 19.489 0.119
6198.56203 19.242 0.085
6199.52608 19.495 0.131
6200.59545 19.549 0.163
6200.61860 19.710 0.167
6201.54294 20.481 0.280
6202.57519 19.471 0.141
6203.51478 19.831 0.150
6203.56556 20.000 0.176
6203.60617 20.457 0.418
6204.51904 20.062 0.139
6204.55767 19.856 0.115
6204.59549 20.089 0.172
6205.49897 19.814 0.117
6205.54191 20.301 0.140
6205.57994 20.281 0.154
6208.51158 20.296 0.206
6209.57537 19.868 0.163
6210.51291 20.487 0.203
6210.55106 20.251 0.167
6210.59020 20.242 0.191
6211.51442 19.903 0.101
6211.55670 20.224 0.135
6211.59512 20.265 0.176
6212.51382 20.463 0.191
6212.55268 20.356 0.161
6212.58650 20.181 0.147
6213.50264 20.062 0.163
6213.52082 20.234 0.168
6213.55861 19.992 0.171
6214.50438 20.018 0.129
6214.51267 20.160 0.148
6214.55401 20.005 0.153
6214.57898 20.084 0.169
6215.52945 20.068 0.233
6216.49231 20.341 0.233
6216.52465 20.238 0.170
6216.56351 20.239 0.159
6217.49222 19.804 0.097
6217.51922 20.040 0.105
6217.55731 20.045 0.108
6218.49418 19.772 0.113
6218.53258 20.323 0.279
6218.57077 20.557 0.281
6219.49406 19.716 0.151
6219.52699 20.014 0.127
6219.56566 20.257 0.225
6221.50304 19.809 0.269
6221.52275 20.265 0.345
6221.54994 19.810 0.259
6223.50705 19.277 0.111
6223.58063 19.010 0.078
6225.55066 19.383 0.146
6226.53151 19.569 0.157
6227.51351 19.770 0.137
6232.52417 19.810 0.171
6233.51423 19.923 0.186
6233.53458 19.814 0.151
6234.52084 20.036 0.191
6238.53246 19.618 0.128
6239.50311 20.631 0.588
6239.52597 19.828 0.156
6241.50560 18.863 0.150
6242.50620 19.328 0.154
6330.88234 20.390 0.258
6331.88590 20.843 0.694
6334.87499 20.183 0.130
6335.85484 19.989 0.121
6337.85527 20.255 0.159
6337.86638 20.525 0.280
6337.88831 19.928 0.112
6338.84491 19.842 0.118
6338.87755 20.666 0.234
6338.88849 20.193 0.147
6339.87122 20.559 0.158
6340.85104 19.938 0.103
6340.88138 20.109 0.114
6341.88791 19.767 0.110
6341.88977 20.407 0.226
6343.84332 19.829 0.144
6343.88907 19.938 0.132
6344.82289 20.193 0.104
6344.84475 20.152 0.113
6344.88520 20.209 0.122
6344.89498 20.329 0.164
6345.82702 19.454 0.055
6345.86210 19.754 0.093
6345.88993 19.831 0.090
6347.82119 19.261 0.064
6347.82538 19.060 0.059
6347.86532 19.282 0.060
6347.90231 19.207 0.061
6348.81689 19.378 0.072
6348.84818 19.253 0.057
6348.88764 19.542 0.070
6348.89258 19.354 0.065
6349.82557 19.383 0.082
6349.86361 19.688 0.136
6349.90314 19.317 0.121
6350.81685 19.454 0.084
6350.84782 19.416 0.082
6350.85915 19.341 0.065
6350.89185 19.483 0.062
6350.89661 19.317 0.072
6351.81473 19.416 0.089
6351.85104 19.727 0.104
6351.86113 19.558 0.076
6351.89449 19.750 0.086
6351.90278 19.708 0.128
6352.82947 20.089 0.121
6352.85074 20.231 0.139
6352.86051 19.986 0.101
6352.87497 19.837 0.081
6352.88930 20.375 0.133
6352.89396 19.813 0.092
6352.90345 19.751 0.118
6353.79461 19.952 0.118
6353.81839 20.215 0.123
6353.82580 20.295 0.164
6353.83562 20.369 0.157
6353.85041 19.779 0.091
6353.87522 20.139 0.100
6353.88261 19.952 0.104
6353.89208 20.356 0.129
6353.90616 20.028 0.138
6354.77387 19.725 0.122
6354.83678 19.922 0.091
6354.85101 20.356 0.140
6354.85577 19.927 0.104
6354.86688 19.768 0.085
6354.86868 19.842 0.071
6354.88249 20.271 0.095
6354.89643 19.828 0.060
6355.82006 20.361 0.147
6355.90135 19.653 0.145
6355.90406 19.793 0.070
6358.82389 20.333 0.138
6358.85991 20.326 0.164
6359.89559 20.647 0.226
6360.78937 20.158 0.063
6360.79035 20.253 0.053
6360.79117 19.886 0.035
6360.82040 20.206 0.113
6360.86787 20.237 0.109
6361.80545 20.035 0.104
6361.84330 20.504 0.173
6361.88425 19.752 0.092
6362.78601 20.010 0.060
6362.81634 20.369 0.166
6362.86736 20.297 0.139
6362.87994 20.169 0.139
6363.79571 20.144 0.148
6363.83860 20.243 0.139
6363.89540 20.023 0.100
6367.85611 19.420 0.046
6367.89450 19.524 0.057
6368.79241 19.190 0.050
6368.84568 19.388 0.073
6368.88543 19.324 0.055
6369.77219 19.294 0.068
6369.81253 19.221 0.050
6369.86440 19.347 0.051
6369.91078 19.359 0.068
6370.79321 19.307 0.050
6370.84243 19.292 0.057
6370.88522 19.314 0.053
6371.76734 19.129 0.051
6371.80675 19.071 0.047
6371.85548 19.101 0.039
6371.89777 19.034 0.037
6372.76023 19.274 0.063
6372.80902 19.082 0.044
6372.84824 18.975 0.040
6372.89130 18.996 0.039
6373.76865 18.954 0.060
6373.82283 19.103 0.045
6373.86229 19.067 0.050
6373.90188 19.006 0.049
6374.76770 19.191 0.077
6374.81722 19.147 0.050
6374.85761 19.176 0.057
6374.89844 19.071 0.047
6375.76536 19.245 0.054
6375.81422 19.261 0.051
6375.83246 19.163 0.047
6375.87241 19.197 0.047
6375.91321 19.241 0.053
6376.77616 19.612 0.077
6376.82852 19.526 0.065
6376.86769 19.480 0.064
6376.91011 19.557 0.058
6377.79070 20.022 0.090
6377.84043 19.815 0.067
6377.88125 19.907 0.068
6378.74784 20.032 0.144
6378.78698 20.394 0.144
6378.83570 20.455 0.130
6378.87703 19.890 0.075
6378.91668 20.072 0.112
6379.77162 20.468 0.185
6379.82079 19.990 0.109
6379.86030 20.074 0.126
6379.90614 20.185 0.108
6380.76129 20.145 0.113
6380.79971 20.081 0.104
6380.82267 20.116 0.109
6380.86293 20.169 0.125
6380.91003 20.106 0.104
6381.76356 19.906 0.106
6381.81804 19.907 0.084
6381.85682 20.007 0.082
6381.89673 20.540 0.151
6382.76336 20.245 0.314
6382.80176 19.854 0.121
6382.84093 19.973 0.125
6382.88162 19.972 0.146
6386.75647 20.452 0.204
6386.80745 20.230 0.139
6386.85345 20.040 0.110
6386.90496 20.376 0.200
6387.72725 19.892 0.127
6387.76939 20.068 0.114
6387.81372 20.366 0.151
6387.85267 19.928 0.092
6387.89446 19.923 0.120
6388.72933 20.531 0.210
6388.79181 20.053 0.102
6388.83096 20.031 0.098
6388.90444 20.557 0.170
6389.71209 20.547 0.241
6389.76863 20.071 0.117
6389.80984 20.258 0.119
6389.84831 20.289 0.153
6389.88786 20.608 0.183
6390.71262 20.191 0.156
6390.75272 19.906 0.093
6390.79453 20.310 0.125
6390.83898 20.145 0.116
6390.88388 20.303 0.135
6390.92444 20.831 0.357
6391.72905 20.009 0.186
6391.78005 20.006 0.150
6391.81996 20.307 0.188
6391.87285 19.703 0.116
6393.70406 20.398 0.210
6393.73970 20.020 0.132
6393.79231 20.215 0.169
6393.84504 20.270 0.140
6393.88490 19.926 0.134
6394.70433 19.441 0.112
6394.74676 19.494 0.083
6394.80812 19.566 0.082
6394.84676 19.682 0.111
6395.71176 19.139 0.066
6395.76026 19.186 0.047
6395.80989 19.281 0.049
6395.84841 19.335 0.048
6395.88968 19.174 0.040
6396.69731 19.458 0.069
6396.74433 19.451 0.053
6396.78228 19.331 0.041
6396.83418 19.399 0.048
6396.87574 19.438 0.045
6396.91683 19.518 0.061
6397.71041 19.570 0.065
6397.76111 19.889 0.076
6397.80813 19.721 0.077
6397.84792 19.866 0.076
6397.88648 19.469 0.055
6397.92530 19.832 0.108
6398.71712 19.781 0.077
6398.76801 20.052 0.100
6398.81751 20.143 0.109
6398.85718 20.015 0.105
6398.89846 20.076 0.105
6399.68474 20.395 0.239
6399.72364 20.042 0.100
6399.76177 20.152 0.122
6399.81970 20.164 0.120
6399.85803 20.545 0.195
6400.68039 20.299 0.184
6400.72905 20.206 0.121
6400.79364 20.288 0.143
6400.84952 20.142 0.118
6400.89747 20.159 0.125
6401.69520 20.627 0.285
6401.74238 20.069 0.101
6401.78397 20.023 0.092
6401.83128 20.360 0.144
6401.87299 20.175 0.103
6401.91131 20.102 0.105
6402.70459 20.194 0.158
6402.74246 20.178 0.154
6402.78962 20.744 0.225
6402.83833 19.939 0.124
6402.87837 20.192 0.147
6402.91786 19.957 0.190
6403.70800 20.238 0.126
6403.74558 20.204 0.116
6403.78488 20.280 0.108
6403.83182 20.450 0.131
6403.87173 20.267 0.126
6403.92844 20.133 0.142
6404.72765 20.523 0.174
6404.76709 20.047 0.117
6404.81632 20.763 0.209
6404.85546 19.846 0.083
6404.90430 20.232 0.139
6405.81678 20.482 0.249
6405.85929 20.219 0.116
6405.90137 20.460 0.122
6406.75587 20.179 0.227
6406.81916 20.177 0.238
6406.87442 20.094 0.185
6406.92119 20.091 0.098
6407.69893 20.055 0.159
6407.73672 20.451 0.251
6407.77493 19.981 0.117
6407.81439 20.284 0.174
6407.86429 20.129 0.150
6407.91249 20.049 0.146
6408.72669 19.851 0.307
6408.76757 19.993 0.213
6408.80743 20.098 0.171
6409.78260 19.910 0.169
6409.82640 19.803 0.155
6409.88219 19.982 0.181
6409.92032 20.049 0.160
6415.70562 20.382 0.241
6415.76065 20.427 0.207
6415.80127 20.004 0.183
6415.84467 20.245 0.196
6415.90258 20.039 0.114
6416.64290 21.024 0.375
6416.68766 20.495 0.232
6416.75091 20.386 0.153
6416.78909 20.216 0.118
6416.83941 20.147 0.113
6416.90456 20.372 0.137
6417.67585 20.157 0.189
6417.71333 20.682 0.279
6417.75154 20.359 0.166
6417.79841 20.425 0.147
6417.83922 20.743 0.235
6417.88719 20.489 0.178
6417.92660 20.831 0.238
6418.64961 20.285 0.187
6418.68722 20.157 0.137
6418.72470 20.144 0.125
6418.76222 20.133 0.111
6418.80023 20.293 0.130
6418.85134 20.129 0.095
6418.89875 20.243 0.111
6418.93714 19.935 0.139
6419.69828 20.136 0.119
6419.73640 20.357 0.153
6419.77508 20.332 0.190
6419.86499 20.461 0.192
6419.91218 20.423 0.163
6420.64039 20.104 0.110
6420.67822 20.423 0.132
6420.71610 20.366 0.134
6420.75189 20.349 0.112
6420.81029 20.148 0.075
6420.85019 20.244 0.096
6420.89881 20.424 0.119
6420.93807 20.263 0.218
6421.81956 20.069 0.122
6421.87914 20.124 0.142
6421.93211 20.036 0.160
6422.72407 20.003 0.106
6422.76180 20.287 0.125
6422.83435 20.233 0.232
6422.93268 19.854 0.192
6423.68152 19.477 0.078
6423.73884 20.296 0.206
6423.80084 19.953 0.104
6423.84143 20.121 0.136
6423.88006 20.319 0.160
6423.91842 19.888 0.107
6424.64102 19.950 0.118
6424.68156 20.347 0.145
6424.73142 20.505 0.162
6424.79040 20.202 0.099
6424.83484 20.025 0.102
6424.87636 19.664 0.075
6424.93223 20.510 0.184
6426.63931 20.564 0.202
6426.67999 20.145 0.131
6426.77519 20.267 0.128
6426.83850 20.339 0.132
6426.87960 20.368 0.156
6426.92035 20.210 0.131
6427.88947 20.168 0.137
6428.63081 20.018 0.153
6428.67408 20.173 0.165
6428.72151 20.256 0.144
6428.77259 20.427 0.164
6428.82620 20.290 0.188
6428.86917 20.119 0.124
6428.90967 20.612 0.235
6429.62307 20.303 0.184
6431.61242 20.099 0.224
6431.66993 20.033 0.151
6431.71962 20.185 0.155
6431.77079 20.292 0.150
6431.81424 20.408 0.164
6431.85460 20.326 0.164
6431.89520 20.520 0.194
6432.65123 19.447 0.085
6432.69467 19.535 0.084
6432.74485 19.697 0.106
6432.79529 19.474 0.081
6432.83590 19.358 0.072
6432.87640 19.446 0.084
6432.91695 19.350 0.058
6433.60197 19.325 0.102
6433.64053 19.201 0.069
6433.68135 19.384 0.086
6433.73099 19.136 0.076
6433.78238 19.128 0.063
6433.83397 18.988 0.050
6434.60185 18.909 0.086
6434.64062 19.241 0.092
6434.68103 19.254 0.070
6434.73211 19.407 0.077
6434.78298 19.202 0.051
6434.82524 19.155 0.061
6434.86542 19.356 0.059
6434.91438 19.119 0.056
6435.62917 19.370 0.081
6435.67121 19.392 0.074
6435.71344 19.251 0.064
6435.77328 19.333 0.054
6435.81569 19.498 0.071
6435.85913 19.411 0.070
6435.90238 19.642 0.079
6435.94251 19.381 0.099
6436.61524 19.642 0.116
6436.65811 19.657 0.103
6436.70015 19.668 0.094
6436.75241 19.683 0.092
6436.80621 19.663 0.089
6436.84760 19.619 0.086
6436.88939 19.700 0.099
6436.93135 19.745 0.115
6437.72181 20.096 0.291
6437.74711 19.624 0.131
6437.82599 19.548 0.131
6437.86178 19.815 0.163
6437.90372 19.710 0.162
6437.94423 19.631 0.195
6441.63630 20.799 0.553
6441.69283 20.248 0.266
6441.76314 19.994 0.151
6441.81658 20.404 0.242
6441.85906 20.068 0.212
6441.94620 19.928 0.252
6442.59746 20.462 0.200
6442.63765 20.390 0.158
6442.67769 20.280 0.139
6442.72734 20.135 0.114
6442.78146 20.225 0.123
6442.82207 20.275 0.117
6442.86178 20.209 0.113
6442.90163 20.453 0.191
6442.94172 20.288 0.242
6443.61090 20.578 0.303
6443.65985 20.007 0.186
6443.73314 19.121 0.089
6443.79827 19.801 0.156
6444.65131 20.359 0.356
6444.73423 20.659 0.255
6444.80056 19.965 0.110
6444.84164 20.260 0.152
6444.88167 20.297 0.177
6444.93248 20.153 0.155
6445.61230 20.416 0.208
6445.65688 20.637 0.202
6445.71394 20.498 0.178
6445.76131 20.170 0.127
6445.81830 19.881 0.104
6445.86357 20.296 0.168
6446.55742 20.347 0.153
6446.60198 20.115 0.110
6446.64435 20.102 0.107
6446.69398 20.499 0.135
6446.74934 20.085 0.104
6446.79200 20.326 0.110
6446.83412 20.444 0.125
6446.90020 19.936 0.105
6446.94074 20.427 0.190
6447.57924 19.882 0.110
6447.61830 20.538 0.184
6447.65827 20.137 0.126
6447.70852 20.353 0.139
6447.76369 19.961 0.097
6447.80552 20.216 0.124
6447.84559 19.926 0.100
6447.88612 20.143 0.116
6447.92676 20.192 0.132
6448.56488 20.031 0.162
6448.60829 20.080 0.135
6448.64864 20.373 0.169
6448.68978 20.281 0.156
6448.75000 20.246 0.125
6448.79267 20.346 0.126
6448.83456 20.260 0.124
6448.87519 19.935 0.126
6448.91745 20.363 0.239
6449.56336 20.100 0.161
6449.60831 20.091 0.118
6449.65159 20.097 0.138
6449.69185 20.332 0.140
6449.74332 20.509 0.191
6449.79396 20.101 0.127
6449.83527 20.092 0.129
6449.87578 20.181 0.160
6449.91870 20.151 0.212
6450.55028 19.859 0.140
6450.60153 20.249 0.155
6450.64417 20.215 0.128
6450.69395 20.154 0.096
6450.74392 20.175 0.089
6450.78532 20.460 0.145
6450.82635 19.974 0.093
6450.87202 20.163 0.128
6450.91584 19.832 0.107
6451.56158 19.820 0.175
6451.60702 20.186 0.145
6451.64746 19.899 0.116
6451.68995 20.115 0.115
6451.75138 20.117 0.124
6451.79215 20.162 0.130
6451.83290 20.372 0.156
6451.87359 20.201 0.146
6451.91601 19.949 0.145
6452.56382 19.948 0.108
6452.61137 20.149 0.106
6452.65217 19.897 0.082
6452.70508 20.282 0.110
6452.79894 19.949 0.075
6452.84657 19.775 0.075
6452.88783 19.893 0.088
6454.54103 19.151 0.075
6454.57821 19.271 0.068
6454.62114 19.168 0.052
6454.66162 19.129 0.053
6454.71239 19.051 0.038
6454.76483 19.213 0.050
6454.80598 19.285 0.064
6454.84647 19.279 0.074
6454.88750 19.146 0.053
6455.53701 19.041 0.071
6455.57833 19.159 0.057
6455.68410 19.073 0.060
6455.75268 18.986 0.057
6456.54632 19.032 0.041
6456.58724 19.017 0.032
6456.62838 18.992 0.033
6456.67919 18.876 0.028
6456.73205 18.978 0.033
6456.77352 19.045 0.037
6456.81418 18.994 0.043
6456.89011 19.021 0.042
6457.69757 19.024 0.037
6457.76042 19.023 0.035
6457.80156 18.928 0.036
6457.84295 18.938 0.041
6457.88345 19.011 0.049
6458.54102 18.987 0.063
6458.58492 19.324 0.086
6458.62661 19.310 0.075
6458.66722 19.027 0.047
6458.71823 19.043 0.062
6458.76993 19.061 0.045
6458.81101 19.188 0.045
6458.85182 19.197 0.055
6458.89637 19.161 0.068
6459.53887 19.228 0.076
6459.57830 19.278 0.066
6459.62118 19.254 0.058
6459.66323 19.349 0.056
6459.72813 19.305 0.045
6459.77000 19.386 0.056
6459.81098 19.490 0.063
6459.85208 19.337 0.055
6459.89279 19.453 0.080
6460.59098 19.213 0.060
6460.64179 19.593 0.083
6460.71584 19.526 0.075
6460.79026 19.495 0.091
6460.88651 19.618 0.083
6461.56705 19.497 0.082
6461.60877 19.891 0.110
6461.65032 19.711 0.101
6461.69920 19.418 0.096
6461.76535 19.766 0.091
6461.82054 20.016 0.102
6461.86993 19.815 0.089
6462.58816 19.623 0.153
6462.63872 20.261 0.164
6462.68965 20.027 0.124
6462.81779 19.904 0.113
6462.85869 19.948 0.134
6462.89891 19.732 0.146
6463.55217 19.852 0.134
6463.59173 19.635 0.109
6463.63265 20.178 0.165
6463.68425 20.000 0.116
6463.74160 20.206 0.150
6463.78278 20.258 0.157
6463.82427 20.126 0.141
6463.86485 20.572 0.238
6464.56065 20.084 0.221
6464.60048 20.137 0.177
6464.64094 19.858 0.136
6464.68352 20.136 0.164
6464.74006 19.826 0.124
6464.79157 20.482 0.225
6464.83306 20.404 0.192
6464.87585 20.052 0.152
6468.55752 20.191 0.187
6468.59852 20.156 0.191
6468.63948 20.345 0.240
6468.70867 20.361 0.219
6468.75263 20.000 0.152
6468.81243 20.583 0.257
6469.54029 19.954 0.141
6469.58074 20.189 0.190
6469.62083 20.067 0.139
6469.68427 20.071 0.129
6469.72789 20.015 0.134
6469.76820 20.426 0.168
6469.84109 20.230 0.335
6471.57650 20.697 0.353
6471.63542 20.603 0.250
6472.60271 19.918 0.140
6472.69483 19.909 0.107
6472.74661 20.255 0.142
6472.78723 20.133 0.162
6472.82783 20.002 0.176
6473.53654 20.446 0.230
6473.57772 20.155 0.151
6473.61982 19.920 0.084
6473.66084 20.096 0.103
6473.72292 20.369 0.140
6473.76360 20.473 0.153
6473.80446 20.276 0.149
6473.84486 20.202 0.162
6473.88017 19.999 0.174
6474.56678 20.640 0.239
6474.61212 20.134 0.164
6474.65249 20.410 0.204
6474.69662 20.375 0.185
6474.75752 19.925 0.174
6474.79778 20.269 0.193
6474.87710 19.946 0.200
6475.51547 20.167 0.159
6475.55862 20.026 0.150
6475.60760 20.307 0.155
6475.66910 20.176 0.110
6475.71990 20.043 0.133
6475.76029 20.318 0.166
6475.80237 20.069 0.128
6475.84269 19.988 0.168
6476.48589 19.746 0.155
6476.52715 19.948 0.160
6476.56787 19.919 0.136
6476.60890 20.061 0.163
6476.67373 20.421 0.187
6476.71585 19.764 0.093
6476.75645 20.107 0.115
6476.79703 20.214 0.127
6476.83782 20.292 0.226
6477.52053 20.103 0.145
6477.56139 20.613 0.215
6477.60225 20.320 0.170
6477.65418 20.264 0.156
6477.70892 20.152 0.141
6477.74959 20.322 0.170
6477.79021 19.848 0.136
6478.51517 20.513 0.242
6478.55844 20.289 0.206
6478.59852 20.147 0.132
6478.65187 20.760 0.314
6479.59369 20.071 0.125
6479.63530 20.159 0.125
6479.68925 20.506 0.224
6479.74757 20.112 0.166
6480.56008 20.162 0.161
6480.60068 20.388 0.191
6480.65159 20.030 0.119
6480.70354 19.791 0.120
6480.74398 20.187 0.179
6480.78441 19.995 0.141
6481.49749 18.950 0.067
6481.53880 19.311 0.074
6481.58238 19.251 0.062
6481.64021 19.287 0.074
6481.74089 19.241 0.068
6481.78345 19.339 0.069
6481.82587 19.306 0.106
6482.76474 19.228 0.070
6482.80038 19.061 0.084
6483.60963 19.599 0.076
6483.81207 20.264 0.241
6484.48168 19.606 0.104
6484.52207 19.426 0.081
6484.56281 19.400 0.077
6485.49860 19.929 0.113
6485.54523 20.270 0.165
6485.60145 19.998 0.122
6485.68932 19.868 0.088
6485.73050 19.760 0.079
6485.77783 19.942 0.097
6485.82180 20.770 0.270
6486.50098 20.093 0.146
6486.54241 19.893 0.118
6486.58862 19.824 0.103
6486.65804 20.023 0.115
6486.70977 20.596 0.197
6486.75562 20.234 0.149
6486.79876 19.835 0.091
6486.83228 19.859 0.113
6487.49919 19.855 0.101
6487.54209 20.234 0.181
6487.58791 20.078 0.106
6487.65114 20.186 0.118
6487.70165 20.171 0.094
6487.74535 20.171 0.105
6487.79071 20.392 0.110
6489.50742 19.980 0.129
6489.54935 20.401 0.203
6489.59229 19.828 0.102
6489.65178 20.230 0.162
6489.70371 19.933 0.120
6489.74597 20.309 0.171
6489.80717 20.000 0.168
6490.48046 19.957 0.127
6490.52140 20.020 0.124
6490.56205 19.924 0.116
6490.62006 20.453 0.173
6490.66733 20.207 0.134
6490.70806 20.263 0.121
6490.74875 20.364 0.151
6491.46828 19.979 0.179
6491.51132 20.421 0.228
6491.55630 20.117 0.159
6491.61655 20.148 0.148
6491.68788 20.193 0.144
6491.73016 20.097 0.118
6491.77247 20.070 0.129
6491.81557 20.561 0.262
6492.50028 20.459 0.265
6492.54680 19.801 0.131
6492.59707 20.189 0.158
6492.66201 19.987 0.184
6492.70082 20.224 0.170
6492.73388 19.963 0.147
6492.77765 20.074 0.194
6496.48551 20.168 0.247
6496.52600 20.796 0.401
6497.57038 20.021 0.169
6497.61195 19.818 0.150
6497.66646 20.858 0.423
6497.71414 20.253 0.212
6497.75524 20.213 0.215
6497.79416 20.174 0.195
6498.49868 20.005 0.100
6498.54173 20.247 0.129
6498.58656 20.390 0.134
6498.63563 20.336 0.140
6498.67837 20.276 0.139
6498.72186 20.142 0.141
6498.76403 20.444 0.227
6499.46944 19.722 0.117
6499.51281 20.309 0.161
6499.55563 19.945 0.098
6500.52539 19.167 0.087
6500.56931 19.378 0.092
6500.66638 19.106 0.068
6500.71024 19.156 0.081
6501.53651 19.243 0.073
6501.60534 19.330 0.062
6501.65171 19.168 0.046
6501.69324 19.270 0.051
6501.73675 19.589 0.103
6501.77953 19.434 0.120
6504.63420 19.887 0.124
6504.67982 19.906 0.099
6504.72230 20.127 0.151
6505.47382 19.688 0.126
6505.53360 19.636 0.097
6505.57818 20.102 0.150
6505.64954 20.335 0.173
6505.69049 19.939 0.123
6505.73338 20.504 0.213
6505.77409 19.578 0.136
6506.56696 20.143 0.200
6506.64736 20.778 0.338
6506.75010 20.535 0.256
6507.63827 20.283 0.212
6507.70722 20.536 0.326
6507.75825 20.264 0.289
6508.51662 20.294 0.137
6508.56799 20.028 0.128
6508.61611 20.346 0.137
6508.65821 20.505 0.152
6508.75976 20.110 0.133
6509.52125 20.549 0.152
6509.58174 20.237 0.099
6509.62369 20.346 0.115
6509.66536 20.138 0.099
6509.70670 20.063 0.104
6509.74931 19.948 0.125
6510.48771 20.282 0.119
6510.55048 20.202 0.120
6510.59728 20.183 0.094
6510.63999 20.246 0.112
6510.70988 20.305 0.154
6510.75385 20.152 0.210
6511.52002 20.253 0.165
6511.59849 20.106 0.145
6511.65319 20.493 0.173
6511.70294 20.123 0.118
6511.75574 20.065 0.127
6512.74872 20.492 0.288
6514.51877 20.156 0.164
6514.59146 20.161 0.120
6514.65695 20.042 0.110
6514.71213 20.544 0.166
6515.47558 20.076 0.119
6515.54345 20.379 0.151
6515.60912 20.046 0.104
6515.67296 20.330 0.116
6515.75215 20.248 0.147
6516.51865 20.197 0.184
6516.60097 20.537 0.199
6516.65282 20.208 0.139
6518.48845 19.960 0.117
6518.56037 20.056 0.096
6518.61365 20.248 0.125
6518.66057 19.945 0.090
6518.70877 20.082 0.107
6519.49419 20.377 0.161
6519.56654 20.178 0.121
6519.61501 20.412 0.133
6519.66654 20.023 0.105
6519.71393 20.135 0.143
6523.50229 20.179 0.170
6523.54022 19.790 0.115
6523.57660 20.101 0.121
6523.61564 20.109 0.148
6523.65633 19.958 0.137
6523.69773 20.031 0.206
6524.51917 19.809 0.092
6524.56785 19.957 0.110
6524.61600 19.585 0.079
6524.66461 19.949 0.139
6525.52196 19.081 0.067
6525.56986 19.256 0.086
6525.62193 18.963 0.085
6525.67220 19.170 0.093
6526.66362 18.805 0.049
6526.69436 18.870 0.056
6527.62367 18.861 0.092
6529.55193 19.037 0.069
6529.59554 19.062 0.061
6529.63811 19.001 0.062
6530.67183 18.919 0.070
6531.50506 19.136 0.064
6531.58101 19.154 0.051
6531.62854 19.238 0.071
6531.67657 19.194 0.061
6532.50662 19.245 0.071
6532.61064 19.130 0.049
6532.67201 19.344 0.074
6533.52214 19.610 0.092
6533.59266 19.426 0.072
6533.65377 19.569 0.080
6534.54572 19.682 0.089
6534.59664 19.960 0.120
6534.63692 19.958 0.120
6535.52851 19.747 0.141
6536.47599 19.746 0.130
6536.56783 20.281 0.106
6536.61833 20.080 0.114
6538.48705 20.422 0.219
6538.51426 19.941 0.094
6538.56694 20.076 0.130
6538.60933 20.151 0.135
6539.51626 20.120 0.117
6539.56181 20.022 0.134
6539.61969 19.934 0.113
6541.51223 19.772 0.103
6541.57201 19.976 0.098
6541.61769 20.229 0.112
6543.51937 19.942 0.152
6543.57016 20.036 0.111
6543.61533 20.050 0.154
6543.65571 20.001 0.140
6544.55775 20.075 0.121
6544.60158 20.259 0.169
6545.51467 20.043 0.105
6545.55662 20.492 0.157
6545.60520 20.095 0.113
6545.64754 20.104 0.121
6546.54157 19.956 0.203
6546.59377 20.326 0.240
6547.56684 20.358 0.287
6547.61396 20.380 0.324
6551.55904 20.142 0.261
6552.55289 20.042 0.186
6553.58581 19.852 0.161
6555.58419 19.906 0.133
6555.63577 19.698 0.150
6556.64677 19.785 0.157
6558.52447 19.615 0.070
6558.56504 19.745 0.087
6558.61795 19.640 0.117
6559.51033 19.376 0.086
6559.56413 19.750 0.104
6559.61722 19.713 0.118
6560.52478 19.275 0.065
6560.56845 19.367 0.073
6560.62427 19.321 0.076
6561.52884 19.287 0.071
6561.56925 19.412 0.088
6562.52769 19.642 0.094
6562.57478 19.540 0.073
6562.61826 19.427 0.070
6563.54348 19.615 0.118
6563.58946 19.747 0.117
6563.62700 19.775 0.140
6564.52239 20.126 0.167
6564.56393 19.770 0.108
6565.49105 19.989 0.173
6565.53514 19.858 0.115
6567.53127 19.510 0.123
6567.57406 20.002 0.176
6568.51872 19.676 0.155
6568.56052 19.560 0.100
6568.60784 20.265 0.202
6569.51932 19.875 0.089
6569.56032 20.319 0.140
6569.60143 19.996 0.117
6570.53783 20.228 0.168
6571.54515 20.205 0.187
6571.59436 20.082 0.185
6572.51770 19.874 0.167
6572.57632 19.859 0.131
6573.49824 20.084 0.154
6573.53896 19.715 0.099
6573.58563 20.220 0.158
6577.52216 19.854 0.198
6577.56596 19.935 0.196
6578.50471 20.294 0.218
6579.48444 19.880 0.298
6579.54368 20.153 0.213
6580.50169 19.237 0.129
6580.50644 19.959 0.194
6581.50319 19.941 0.144
6581.56006 20.327 0.219
6582.51483 20.276 0.203
6582.56724 20.175 0.177
6583.52405 20.188 0.230
6583.56307 20.314 0.318
6584.51978 19.884 0.183
6584.56491 19.990 0.237
6585.52179 20.010 0.202
6585.56312 19.549 0.148
6590.51780 19.782 0.144
6590.54504 20.336 0.214
6593.49359 20.524 0.476
6593.50776 19.616 0.112
6593.51260 20.257 0.192
6594.50642 19.527 0.132
6600.50299 19.268 0.129
