2118.75580 18.838 0.080
2125.52452 18.813 0.128
2129.60735 18.806 0.071
2132.55198 18.698 0.065
2135.68727 18.627 0.054
2140.64741 18.810 0.071
2144.53372 18.946 0.102
2158.57653 19.034 0.097
2167.53175 18.879 0.078
2172.54750 18.888 0.103
2175.55931 19.522 0.292
2187.49824 18.768 0.084
2330.87117 18.776 0.078
2344.86674 18.721 0.064
2355.83206 18.740 0.059
2371.91217 18.797 0.070
2382.89044 18.924 0.092
2386.84250 18.752 0.075
2390.77243 18.860 0.102
2397.85001 18.732 0.086
2401.76308 18.762 0.070
2403.81915 18.745 0.057
2405.78751 18.896 0.083
2415.85538 18.806 0.093
2424.73232 18.739 0.134
2428.69661 18.771 0.067
2432.76720 19.070 0.129
2434.64429 18.952 0.092
2435.86331 18.690 0.079
2437.80777 18.827 0.087
2439.74848 18.822 0.060
2441.70131 18.789 0.059
2444.83102 18.849 0.103
2446.83462 18.869 0.102
2453.79176 18.806 0.074
2458.84651 18.783 0.075
2462.57301 18.606 0.052
2464.69429 18.434 0.044
2467.59742 18.519 0.062
2469.61188 18.577 0.046
2471.67165 18.661 0.049
2473.57274 18.647 0.077
2483.65349 18.783 0.072
2486.63677 18.746 0.083
2490.60377 18.943 0.098
2492.55597 18.788 0.072
2493.49858 18.871 0.080
2493.56301 18.829 0.072
2495.47914 18.784 0.088
2495.63756 18.754 0.065
2497.69224 18.870 0.077
2499.74011 18.826 0.070
2501.75853 18.777 0.077
2508.57878 18.752 0.073
2512.53489 18.816 0.090
2517.70502 18.898 0.109
2520.49171 18.831 0.094
2526.58788 18.755 0.061
2535.58890 18.930 0.119
2541.56706 18.786 0.075
2547.50708 18.900 0.101
2551.54153 19.043 0.123
2556.49527 18.910 0.120
2563.53090 18.787 0.074
2574.50851 18.714 0.083
2705.87101 18.523 0.059
2713.91316 18.929 0.083
2733.83632 18.900 0.093
2744.80857 18.690 0.060
2752.88014 18.784 0.085
2756.85371 18.750 0.069
2760.81968 18.742 0.100
2766.85326 18.960 0.086
2770.73293 18.840 0.086
2783.79387 18.817 0.071
2786.85646 18.798 0.091
2789.66277 18.860 0.075
2791.62364 18.748 0.073
2794.77953 18.797 0.081
2796.72846 18.767 0.056
2808.87028 18.839 0.127
2810.79844 18.818 0.073
2811.83890 18.656 0.070
2813.63540 18.847 0.099
2815.75709 18.796 0.064
2817.70998 18.822 0.079
2818.77214 18.912 0.085
2820.64248 18.829 0.084
2826.63455 18.896 0.095
2834.69249 18.323 0.145
2835.81304 18.542 0.071
2837.54780 18.458 0.068
2839.58411 18.550 0.068
2841.59427 18.662 0.072
2843.52974 18.708 0.082
2845.56930 18.850 0.105
2849.71974 18.743 0.071
2851.73404 18.917 0.102
2853.73986 18.904 0.098
2856.62847 18.955 0.102
2858.60384 18.826 0.131
2859.64253 18.745 0.110
2863.74027 18.788 0.136
2866.70167 18.909 0.101
2869.64232 18.861 0.077
2872.61640 18.743 0.057
2877.60639 18.893 0.091
2883.57370 18.716 0.057
2892.57422 18.958 0.115
2896.59596 18.725 0.064
2902.54194 18.828 0.113
2907.53448 19.069 0.136
2916.60858 18.751 0.134
2928.55206 18.985 0.132
3058.83604 18.754 0.066
3063.83074 18.800 0.076
3067.83456 18.797 0.071
3070.79399 18.783 0.123
3072.87283 18.876 0.064
3074.91235 18.748 0.091
3079.81983 18.796 0.078
3082.78619 18.896 0.080
3084.84301 18.741 0.061
3086.77408 18.834 0.060
3087.88744 18.900 0.087
3089.79568 18.894 0.079
3091.75781 18.861 0.076
3096.78758 18.942 0.110
3098.79911 18.815 0.071
3100.84969 18.774 0.064
3102.81040 18.836 0.079
3103.88526 18.787 0.072
3106.76329 18.715 0.089
3107.90757 18.704 0.062
3109.73174 18.840 0.069
3110.77301 18.887 0.090
3112.74191 18.673 0.067
3113.81115 18.832 0.062
3115.80972 18.816 0.067
3118.86683 18.729 0.077
3122.81737 18.880 0.099
3125.79781 18.840 0.096
3126.82869 18.776 0.065
3127.73789 18.873 0.078
3128.75805 18.819 0.076
3129.73655 18.885 0.106
3130.65973 18.855 0.117
3130.67334 18.654 0.088
3130.68016 18.881 0.102
3130.68312 18.983 0.110
3130.70927 18.796 0.092
3130.85100 18.842 0.105
3130.91457 18.933 0.110
3131.77049 18.847 0.103
3134.70683 18.885 0.186
3135.80225 18.669 0.060
3137.85438 18.876 0.097
3138.81196 18.906 0.073
3139.80609 18.726 0.051
3140.81334 18.858 0.077
3142.66770 18.672 0.056
3144.73064 18.888 0.072
3146.70038 18.892 0.090
3151.69014 18.816 0.083
3152.69478 18.786 0.069
3152.90759 18.797 0.098
3153.69754 18.621 0.077
3154.75391 18.373 0.065
3156.74037 18.483 0.052
3158.80037 18.484 0.086
3162.74765 18.565 0.062
3162.93355 18.476 0.074
3163.70971 18.652 0.058
3163.93331 18.775 0.118
3164.67351 18.695 0.060
3165.79527 18.632 0.050
3166.82491 18.606 0.098
3167.88890 18.752 0.111
3168.70642 18.852 0.080
3168.92272 18.860 0.090
3169.66287 18.798 0.068
3170.73352 18.688 0.051
3171.68720 18.878 0.061
3172.67187 18.762 0.059
3174.65084 18.708 0.050
3175.65271 18.704 0.053
3176.69968 18.714 0.070
3178.71525 18.862 0.081
3179.59320 18.719 0.058
3179.84897 18.905 0.092
3180.64394 18.709 0.048
3182.71408 18.725 0.062
3183.65876 18.792 0.079
3184.63843 18.777 0.057
3185.79640 18.798 0.077
3193.81118 18.819 0.086
3194.63001 19.069 0.105
3195.60836 18.848 0.065
3196.68379 18.898 0.100
3196.77277 18.872 0.082
3197.58397 18.724 0.072
3199.71794 18.944 0.082
3202.58117 18.795 0.071
3203.70489 18.871 0.069
3204.70052 18.815 0.059
3205.62509 18.792 0.059
3206.60710 18.785 0.060
3210.59724 18.864 0.080
3211.66927 18.912 0.087
3212.63800 19.205 0.145
3217.59289 18.966 0.239
3218.59215 18.823 0.081
3219.65184 18.930 0.102
3223.58976 18.873 0.109
3224.63962 18.850 0.061
3226.55239 18.900 0.077
3228.51105 18.738 0.066
3229.56919 18.898 0.074
3230.60787 18.885 0.060
3231.50889 18.795 0.086
3232.48272 18.907 0.121
3239.51750 18.747 0.063
3240.59499 18.905 0.085
3241.59921 18.907 0.128
3244.69577 18.897 0.184
3245.48377 18.995 0.110
3246.59169 18.664 0.079
3247.66230 18.835 0.087
3248.65553 18.954 0.092
3250.59493 18.828 0.075
3253.58775 18.839 0.070
3256.56682 18.974 0.113
3259.56293 19.126 0.134
3266.58848 19.176 0.138
3272.53773 18.844 0.084
3274.56729 18.937 0.107
3278.53786 18.935 0.100
3281.48304 18.915 0.136
3287.55025 18.807 0.088
3292.53896 18.931 0.092
3415.87349 18.750 0.056
3420.87375 18.844 0.080
3425.84895 18.899 0.100
3428.85469 18.752 0.070
3430.89149 18.789 0.060
3442.82812 18.808 0.077
3444.88191 18.939 0.067
3446.91057 18.801 0.083
3449.80772 18.840 0.063
3452.82870 18.827 0.073
3454.88227 18.808 0.080
3457.82056 18.924 0.081
3459.76578 19.036 0.111
3468.81765 18.847 0.062
3469.82461 18.801 0.051
3471.90495 19.003 0.098
3473.82014 18.828 0.077
3476.71276 18.891 0.066
3478.77837 18.860 0.058
3479.91565 18.709 0.051
3481.75702 18.713 0.057
3483.89066 18.915 0.073
3484.70652 18.890 0.128
3496.79205 18.885 0.080
3497.72975 18.774 0.080
3499.91975 18.959 0.077
3500.78881 18.841 0.064
3501.78254 18.686 0.051
3502.75552 18.708 0.054
3503.72454 18.815 0.054
3504.81417 18.847 0.058
3506.87914 18.712 0.066
3508.82981 18.871 0.085
3509.77949 18.967 0.073
3511.73715 18.938 0.093
3512.78028 18.848 0.092
3517.85426 18.865 0.085
3520.80849 18.832 0.068
3521.61817 18.840 0.065
3522.67255 18.840 0.067
3523.71465 18.696 0.048
3524.70336 18.828 0.065
3525.68533 18.907 0.065
3526.76779 18.840 0.062
3527.77267 18.908 0.067
3528.71544 18.866 0.067
3529.60540 18.853 0.060
3530.62738 18.715 0.045
3538.65927 18.821 0.066
3540.80376 18.786 0.070
3541.80774 18.856 0.086
3547.70013 18.990 0.103
3550.57541 18.981 0.099
3551.76478 18.750 0.052
3552.60052 19.204 0.092
3553.73446 18.716 0.084
3554.77144 18.819 0.076
3555.73535 18.954 0.073
3556.81136 18.891 0.091
3558.47428 19.081 0.108
3558.77353 18.767 0.064
3559.53073 19.293 0.150
3560.50499 18.779 0.066
3560.84504 18.938 0.085
3561.48239 18.679 0.079
3562.52895 18.854 0.067
3563.58392 18.877 0.062
3564.61203 18.858 0.065
3569.50014 19.064 0.135
3573.57724 18.831 0.100
3574.63384 18.824 0.108
3575.61866 18.874 0.062
3576.59915 18.851 0.079
3577.66117 18.974 0.081
3578.60826 18.927 0.068
3579.56550 18.943 0.065
3580.58328 18.892 0.069
3581.61532 18.855 0.070
3582.56353 18.874 0.062
3583.58058 18.842 0.063
3584.58907 18.810 0.060
3585.57976 18.896 0.066
3586.62562 18.654 0.053
3589.61837 18.737 0.043
3590.58710 18.854 0.058
3591.64905 18.898 0.063
3593.52200 18.806 0.058
3594.63806 18.756 0.051
3601.57052 18.738 0.063
3602.58002 18.826 0.069
3603.58459 18.774 0.071
3604.58115 19.137 0.129
3606.60415 18.895 0.101
3607.57651 18.888 0.066
3608.58543 18.793 0.078
3615.49814 18.929 0.078
3618.62291 19.058 0.093
3620.51125 18.865 0.061
3622.49036 18.928 0.091
3628.61908 18.918 0.125
3630.50447 19.017 0.126
3631.63465 18.830 0.104
3633.47928 19.449 0.217
3637.56393 18.443 0.074
3639.59708 18.418 0.046
3641.49212 18.555 0.086
3643.56056 18.803 0.113
3648.48445 18.728 0.095
3651.54050 19.031 0.096
3654.49354 18.822 0.153
3656.49031 18.702 0.090
3658.52427 19.012 0.148
3661.52221 19.048 0.156
3668.49531 19.008 0.134
3674.50912 19.252 0.150
3775.85268 18.990 0.125
3780.87840 18.830 0.081
5260.88430 18.823 0.042
5261.81526 18.844 0.056
5262.85284 18.867 0.150
5265.86974 18.845 0.048
5266.81610 18.889 0.055
5267.84333 18.799 0.051
5268.84576 18.802 0.046
5269.80945 18.822 0.043
5270.81513 18.782 0.043
5271.81065 18.806 0.044
5272.81579 18.843 0.057
5273.80079 18.854 0.048
5274.81929 18.822 0.053
5275.80561 18.843 0.060
5276.78378 18.788 0.044
5276.91127 18.913 0.057
5277.83979 18.787 0.051
5278.81589 18.877 0.059
5279.81715 18.880 0.056
5280.82377 18.779 0.040
5281.80370 18.766 0.039
5282.82642 18.808 0.044
5283.78648 18.875 0.056
5283.87781 18.777 0.046
5284.79213 18.849 0.062
5285.78294 18.771 0.060
5285.91309 18.792 0.055
5286.79856 18.959 0.077
5287.85174 18.792 0.046
5288.77712 18.856 0.054
5289.82898 18.835 0.060
5293.85693 18.721 0.046
5294.80029 18.605 0.029
5295.80317 18.670 0.038
5296.84274 18.755 0.032
5297.87752 18.781 0.033
5299.90325 18.690 0.027
5301.82866 18.803 0.042
5306.78870 18.792 0.039
5307.81389 18.850 0.044
5308.80403 18.892 0.048
5309.85768 18.837 0.041
5310.86710 18.731 0.033
5312.71726 18.874 0.071
5312.92545 18.807 0.052
5314.68529 18.874 0.081
5314.89995 18.803 0.054
5315.82614 18.866 0.069
5316.78407 18.777 0.075
5321.76761 18.896 0.060
5322.93502 18.909 0.061
5323.87939 18.832 0.047
5324.81001 18.814 0.051
5325.72538 18.788 0.038
5325.92962 18.822 0.053
5326.85183 18.822 0.042
5327.79991 18.833 0.048
5328.72959 18.800 0.045
5328.92191 18.791 0.041
5334.85153 18.778 0.046
5335.81656 18.706 0.038
5336.91269 18.888 0.060
5337.91388 18.835 0.069
5339.67200 18.844 0.064
5340.63085 18.909 0.111
5340.88929 18.878 0.066
5341.82018 18.841 0.052
5342.64790 18.804 0.070
5342.84374 18.831 0.058
5343.66794 18.895 0.066
5343.86130 18.686 0.061
5343.87401 18.761 0.059
5348.80859 18.842 0.052
5349.68893 18.827 0.056
5350.69690 18.793 0.067
5351.83595 18.884 0.058
5352.84853 18.792 0.047
5353.78540 18.801 0.040
5354.77565 18.859 0.048
5355.70376 18.813 0.043
5357.70297 18.834 0.049
5359.69350 18.822 0.052
5361.64036 18.922 0.077
5365.55952 18.857 0.063
5365.88443 18.835 0.064
5369.84161 18.813 0.079
5376.81561 18.848 0.068
5377.74818 18.815 0.051
5378.62547 18.872 0.044
5378.86921 18.828 0.057
5379.78355 18.778 0.049
5380.64405 18.775 0.040
5381.52721 18.935 0.090
5381.74100 18.880 0.076
5382.61603 18.873 0.079
5382.82411 18.660 0.064
5385.82603 18.854 0.040
5386.53396 18.807 0.055
5386.61627 18.854 0.055
5386.70068 18.809 0.047
5386.84060 18.861 0.048
5387.82577 18.812 0.046
5388.78020 18.858 0.046
5389.69094 18.789 0.041
5390.65350 18.860 0.066
5391.51987 18.849 0.060
5391.84822 18.768 0.056
5392.78826 18.797 0.042
5393.76451 18.831 0.065
5396.67822 18.805 0.044
5396.71280 18.803 0.043
5397.76232 18.759 0.074
5403.49662 18.807 0.049
5403.68919 18.742 0.051
5404.56004 18.802 0.051
5404.75900 18.842 0.054
5405.77264 18.770 0.052
5407.62904 18.844 0.073
5408.54741 18.885 0.072
5408.74945 18.837 0.071
5409.75157 18.746 0.048
5410.75595 18.862 0.053
5411.76889 18.841 0.065
5412.68870 18.837 0.063
5413.76074 18.777 0.052
5416.60561 18.763 0.059
5418.66936 18.780 0.042
5421.68512 18.839 0.057
5423.50281 18.851 0.042
5426.51978 18.845 0.070
5430.59001 18.807 0.060
5431.58502 18.903 0.057
5432.53093 18.763 0.084
5434.55599 18.855 0.056
5435.52333 18.797 0.054
5436.54796 18.878 0.057
5438.58063 18.756 0.050
5439.62226 18.908 0.070
5443.63639 18.862 0.048
5444.66210 18.759 0.051
5446.55104 18.265 0.032
5447.56131 18.423 0.032
5449.49426 18.436 0.045
5450.57264 18.494 0.040
5453.53385 18.575 0.057
5457.60571 18.685 0.045
5459.49539 18.635 0.048
5460.51594 18.736 0.057
5462.59726 18.899 0.057
5465.54076 18.834 0.069
5469.54074 18.827 0.047
5471.57634 18.797 0.048
5473.50429 18.905 0.070
5478.49669 18.817 0.055
5480.54860 18.923 0.068
5485.54075 18.953 0.072
5487.53386 18.774 0.055
5489.53439 18.742 0.061
5493.52100 18.714 0.082
5497.53180 18.815 0.059
5598.87987 18.916 0.079
5599.88737 18.636 0.075
5600.87595 18.812 0.049
5616.90213 18.780 0.088
5622.90140 18.811 0.055
5625.83511 18.827 0.051
5627.82843 18.760 0.045
5628.91116 18.704 0.076
5629.83887 18.822 0.049
5631.86721 18.783 0.046
5633.82227 18.858 0.043
5634.81605 18.964 0.059
5637.85287 18.778 0.056
5639.81099 18.913 0.063
5640.80311 18.924 0.066
5640.89007 18.719 0.049
5641.79849 18.814 0.053
5642.76424 18.799 0.060
5642.86018 18.808 0.051
5642.88007 18.853 0.055
5643.78564 18.856 0.056
5643.88391 18.762 0.042
5644.79314 18.801 0.075
5644.90894 18.885 0.064
5648.77605 18.949 0.059
5648.88397 18.803 0.043
5649.78142 18.876 0.047
5649.88789 18.823 0.042
5650.77354 18.831 0.037
5650.88019 18.778 0.044
5651.79580 18.865 0.045
5651.91432 18.828 0.039
5652.83850 18.850 0.035
5653.89434 18.786 0.037
5654.81707 18.843 0.049
5654.90004 18.867 0.046
5655.80780 18.829 0.043
5655.89305 18.810 0.040
5656.84392 18.891 0.041
5657.80532 18.814 0.039
5657.89225 18.763 0.031
5658.80142 18.876 0.050
5658.89873 18.782 0.048
5659.75286 18.801 0.044
5659.83107 18.709 0.043
5659.92159 18.804 0.045
5660.80516 18.780 0.042
5660.92008 18.895 0.070
5662.79633 18.934 0.047
5662.89812 18.894 0.047
5664.76068 18.773 0.072
5664.86255 18.843 0.052
5665.74336 19.028 0.092
5665.85350 18.815 0.043
5667.74846 18.978 0.058
5668.72329 18.795 0.056
5669.74238 18.922 0.060
5670.72448 18.799 0.058
5670.91043 18.838 0.056
5675.78659 18.846 0.052
5676.71329 18.928 0.039
5676.90266 18.855 0.038
5677.84104 18.814 0.039
5679.75416 18.799 0.039
5680.65964 18.936 0.075
5680.83977 18.783 0.041
5681.72769 18.819 0.039
5681.91429 18.852 0.044
5682.81754 18.802 0.041
5683.79219 18.850 0.045
5684.69508 18.837 0.042
5684.90648 18.834 0.043
5685.87581 18.832 0.036
5686.78746 18.846 0.037
5687.67224 18.860 0.066
5688.83172 18.787 0.045
5689.78986 18.508 0.028
5690.78236 18.444 0.036
5691.71061 18.375 0.035
5691.91107 18.462 0.037
5692.79450 18.595 0.035
5693.62517 18.557 0.049
5693.81866 18.562 0.033
5694.63788 18.571 0.045
5694.82763 18.502 0.035
5695.64802 18.567 0.051
5695.86702 18.590 0.032
5696.68416 18.542 0.042
5696.85554 18.564 0.041
5697.69944 18.615 0.043
5697.85753 18.634 0.037
5698.69755 18.606 0.063
5698.85635 18.596 0.044
5703.81906 18.784 0.087
5705.83440 18.789 0.048
5706.77200 18.757 0.064
5706.77528 18.844 0.072
5707.66423 18.843 0.049
5707.83090 18.807 0.044
5708.64440 18.822 0.057
5708.83411 18.749 0.046
5709.79465 18.675 0.037
5712.73700 18.833 0.042
5713.74455 18.608 0.033
5714.63035 18.843 0.057
5714.64381 18.859 0.051
5715.68695 18.868 0.041
5715.86298 18.840 0.051
5716.75898 18.800 0.044
5721.56266 18.870 0.056
5721.57661 18.766 0.051
5721.83310 18.821 0.053
5722.66008 18.797 0.042
5722.67366 18.812 0.045
5723.56192 18.854 0.054
5723.73902 18.819 0.043
5724.55995 18.688 0.080
5724.78771 18.842 0.055
5725.71361 18.779 0.039
5726.61473 18.809 0.063
5726.78717 18.741 0.059
5734.76917 18.815 0.066
5735.69642 18.887 0.055
5736.63662 18.797 0.035
5736.85139 18.800 0.041
5737.64513 18.908 0.036
5737.82687 18.732 0.036
5738.67189 18.810 0.036
5739.55663 18.823 0.049
5739.74210 18.815 0.040
5740.53367 18.946 0.058
5740.74055 18.777 0.041
5741.68318 18.767 0.037
5741.84987 18.875 0.048
5742.60572 18.732 0.045
5742.78328 18.790 0.035
5743.65542 18.856 0.053
5743.83210 18.771 0.050
5744.59040 19.010 0.066
5744.80887 18.825 0.050
5745.58893 18.840 0.058
5745.76559 18.926 0.058
5746.61111 18.838 0.051
5746.79792 18.798 0.070
5747.69288 18.761 0.063
5748.67201 18.853 0.045
5749.63151 18.916 0.052
5749.79813 18.789 0.062
5753.59107 18.840 0.104
5759.83389 18.812 0.070
5760.58798 18.942 0.065
5760.77712 18.982 0.058
5762.63309 18.821 0.062
5763.50661 18.869 0.048
5763.68953 18.896 0.051
5764.51293 18.836 0.048
5764.69061 18.845 0.039
5765.55484 18.806 0.047
5766.62751 18.835 0.043
5767.50147 18.738 0.054
5767.71425 18.833 0.049
5768.55362 18.822 0.047
5768.74163 18.815 0.045
5769.58214 18.784 0.052
5769.78713 18.811 0.051
5775.68373 18.785 0.047
5776.73969 18.746 0.059
5777.67268 18.807 0.037
5778.57773 18.848 0.060
5779.71377 18.869 0.049
5785.54132 18.736 0.072
5785.72571 18.782 0.074
5786.67367 18.901 0.071
5787.52177 18.877 0.056
5787.70668 18.931 0.058
5788.62336 18.867 0.056
5790.51114 18.762 0.070
5790.68380 18.960 0.063
5793.51799 18.803 0.045
5793.69085 18.735 0.045
5794.60511 18.903 0.050
5795.61300 18.833 0.072
5796.58675 18.914 0.062
5801.48313 18.887 0.058
5801.66623 18.772 0.054
5803.59275 18.871 0.071
5804.64852 18.760 0.054
5805.61341 18.854 0.047
5807.56801 18.764 0.052
5812.55338 18.866 0.083
5813.53786 18.750 0.049
5815.50797 18.844 0.049
5815.66784 18.755 0.043
5816.64364 18.975 0.093
5817.64507 18.730 0.060
5818.62567 18.774 0.076
5819.63269 18.771 0.050
5820.60938 18.799 0.053
5822.55925 18.689 0.049
5823.48645 18.823 0.078
5823.57735 18.766 0.053
5824.50275 18.973 0.061
5824.59661 18.789 0.046
5825.51613 18.757 0.054
5825.62095 18.784 0.054
5826.54589 18.799 0.051
5827.48555 18.764 0.078
5827.56443 18.777 0.060
5828.48527 18.790 0.054
5828.57448 18.766 0.053
5829.50042 19.021 0.070
5829.58537 18.802 0.043
5830.52244 18.835 0.041
5830.59855 18.906 0.058
5831.57015 18.908 0.049
5832.51599 18.891 0.049
5832.59520 18.851 0.061
5833.55352 18.816 0.042
5834.51314 18.837 0.042
5834.59018 18.826 0.047
5836.48784 18.949 0.082
5836.56179 18.780 0.060
5839.51793 19.037 0.083
5839.59152 18.928 0.098
5840.55496 18.790 0.056
5841.48955 18.770 0.068
5841.57200 18.938 0.074
5842.53574 18.879 0.084
5843.48805 18.911 0.073
5843.57221 18.802 0.057
5844.51661 18.789 0.063
5844.59512 18.807 0.087
5845.55650 18.926 0.085
5846.51970 18.764 0.075
5850.54345 18.849 0.050
5851.50676 18.774 0.049
5852.53613 18.874 0.081
5854.52723 18.891 0.068
5855.51577 18.833 0.063
5856.51443 18.747 0.072
5859.53421 18.804 0.056
5861.50019 18.854 0.076
5862.51834 18.861 0.060
5971.87859 18.859 0.047
5976.88412 18.805 0.043
5977.88164 18.700 0.044
5978.89195 18.910 0.052
5979.89649 18.777 0.097
5982.83442 18.780 0.047
5983.84737 18.883 0.046
5984.84074 18.825 0.043
5985.82635 18.740 0.051
5986.81695 18.777 0.052
5986.89196 18.830 0.042
5987.85882 18.817 0.043
5988.84873 18.875 0.049
5989.82973 18.867 0.054
5990.80611 18.906 0.060
5990.87721 18.933 0.048
5991.85229 18.878 0.044
5992.82787 18.881 0.053
5993.81138 18.762 0.064
5993.90326 18.884 0.058
5994.86864 18.812 0.054
5995.88255 18.903 0.047
5996.82501 18.644 0.043
5996.90940 18.861 0.047
5997.86717 18.781 0.047
5998.80737 18.883 0.060
5998.89762 18.907 0.051
5999.91676 18.887 0.074
6004.76256 18.892 0.061
6004.85720 18.862 0.049
6005.77499 18.762 0.042
6005.87381 18.792 0.037
6006.79428 18.874 0.039
6006.89225 18.783 0.036
6007.79556 18.847 0.047
6007.89073 18.841 0.041
6008.78914 18.727 0.041
6008.88564 18.796 0.041
6009.79062 18.898 0.044
6009.88594 18.883 0.040
6010.78229 18.830 0.038
6010.88048 18.846 0.035
6011.76838 18.808 0.047
6011.88631 18.606 0.049
6012.78665 18.849 0.043
6012.88402 18.868 0.033
6013.78075 18.889 0.041
6013.88296 18.744 0.039
6014.75772 18.856 0.064
6014.85629 18.758 0.041
6015.73486 18.773 0.042
6015.81300 18.809 0.032
6015.90366 18.802 0.032
6016.79565 18.903 0.043
6016.89918 18.869 0.038
6017.78202 18.902 0.039
6017.87874 18.831 0.033
6018.77038 18.793 0.045
6018.84916 18.858 0.040
6019.74901 18.858 0.061
6019.84561 18.865 0.039
6019.92401 18.782 0.050
6020.78078 18.786 0.037
6020.87575 18.790 0.033
6021.73652 18.807 0.060
6021.81390 18.882 0.046
6021.91156 18.770 0.042
6022.76225 18.681 0.040
6022.85794 18.741 0.040
6023.71714 18.821 0.056
6023.79777 18.840 0.043
6023.90162 18.786 0.040
6024.75507 18.827 0.052
6024.85660 18.853 0.043
6025.72812 18.673 0.057
6025.80860 18.985 0.091
6026.70211 18.816 0.088
6031.82118 18.862 0.045
6032.75073 18.885 0.044
6032.93126 18.811 0.075
6033.88276 18.787 0.044
6034.82588 18.811 0.035
6036.72876 18.831 0.036
6037.71465 18.876 0.054
6037.91056 18.844 0.049
6038.87549 18.797 0.036
6039.86793 18.803 0.043
6040.84406 18.731 0.039
6041.78795 18.834 0.046
6045.92270 18.812 0.045
6047.74707 18.781 0.033
6048.68693 18.743 0.038
6049.80788 18.646 0.026
6050.68475 18.699 0.045
6050.87302 18.797 0.041
6052.68215 18.917 0.063
6052.85832 18.809 0.049
6053.71377 18.845 0.054
6053.90558 18.826 0.058
6058.74550 18.838 0.055
6058.91607 18.800 0.050
6060.81231 18.863 0.042
6061.70042 18.890 0.053
6061.87811 18.750 0.046
6062.74926 18.863 0.055
6062.92634 18.776 0.055
6063.91504 18.793 0.045
6064.84525 18.841 0.040
6065.67483 18.889 0.049
6066.61219 18.767 0.047
6066.79338 18.879 0.051
6067.59689 18.783 0.049
6067.76418 18.746 0.034
6067.93063 18.861 0.042
6068.80324 18.806 0.037
6069.73339 18.800 0.036
6069.92078 18.707 0.031
6070.71918 18.887 0.046
6070.89625 18.809 0.041
6071.69444 18.895 0.047
6071.87447 18.827 0.045
6075.67469 18.750 0.033
6075.85788 18.778 0.036
6075.86186 18.809 0.036
6076.72525 18.746 0.032
6076.90145 18.763 0.051
6077.84709 18.840 0.038
6078.64918 18.780 0.046
6078.82988 18.842 0.043
6079.62673 18.803 0.041
6079.81749 18.785 0.040
6080.59717 18.921 0.065
6080.76405 18.843 0.045
6080.94307 18.758 0.054
6081.71711 18.862 0.053
6081.89302 18.789 0.070
6082.71460 18.717 0.069
6082.91193 18.887 0.096
6085.71809 18.720 0.106
6085.87847 18.683 0.095
6086.65494 18.969 0.054
6086.84587 18.847 0.051
6087.72787 18.722 0.052
6088.60095 18.871 0.045
6089.68197 18.805 0.040
6089.92966 18.761 0.060
6092.80716 18.855 0.038
6093.63172 18.780 0.043
6093.83212 18.740 0.046
6094.68063 18.806 0.050
6094.85593 18.869 0.057
6096.67654 18.844 0.046
6096.87131 18.981 0.075
6097.80370 18.764 0.048
6098.59917 18.943 0.069
6098.77633 19.026 0.056
6099.71526 18.894 0.067
6100.62542 18.847 0.046
6100.81073 18.888 0.072
6101.57708 18.805 0.049
6101.75478 18.864 0.041
6102.54142 18.987 0.071
6102.71652 18.894 0.042
6102.87562 18.837 0.056
6103.63566 18.904 0.045
6103.83276 18.822 0.047
6104.61891 18.733 0.034
6104.78876 18.822 0.035
6105.54432 18.799 0.067
6105.73594 18.823 0.047
6108.54392 18.917 0.059
6108.72928 18.893 0.046
6108.87839 18.986 0.060
6109.71988 18.974 0.094
6109.87558 18.828 0.066
6113.68512 18.857 0.062
6113.84106 18.816 0.058
6114.70877 18.893 0.053
6114.86154 18.926 0.107
6115.64701 18.828 0.048
6116.51491 18.818 0.044
6116.68685 18.867 0.040
6117.49206 18.763 0.054
6117.66882 18.826 0.042
6117.82639 18.748 0.048
6118.59964 18.923 0.043
6118.78499 18.727 0.037
6119.56251 18.739 0.046
6119.72797 18.818 0.041
6120.59266 18.855 0.043
6120.77361 18.871 0.055
6121.56589 18.802 0.034
6121.73528 18.794 0.029
6123.61395 18.828 0.050
6123.78330 18.851 0.038
6124.60191 18.720 0.040
6124.79254 18.765 0.044
6125.61829 18.833 0.049
6125.80176 18.883 0.047
6126.64988 18.785 0.045
6127.53620 18.848 0.051
6128.55721 18.884 0.039
6130.55204 18.882 0.057
6131.63428 18.805 0.036
6132.65723 18.864 0.049
6133.60381 18.813 0.049
6134.52441 18.868 0.062
6135.49175 18.812 0.061
6135.71023 18.793 0.043
6140.49487 18.763 0.076
6140.67478 18.903 0.107
6141.52169 18.815 0.053
6141.69643 18.904 0.058
6142.56492 18.850 0.068
6147.58051 18.367 0.032
6148.51092 18.514 0.027
6148.69826 18.484 0.028
6150.55127 18.583 0.037
6151.55612 18.572 0.049
6151.71663 18.561 0.038
6152.60606 18.539 0.035
6154.54174 18.633 0.042
6157.69248 18.676 0.052
6158.63211 18.587 0.038
6159.55207 18.682 0.043
6160.52077 18.813 0.044
6160.72691 18.841 0.052
6161.63151 18.818 0.042
6164.60560 18.864 0.088
6167.60789 18.612 0.077
6168.61937 18.788 0.069
6169.60999 18.767 0.045
6171.56338 18.894 0.054
6172.52241 18.799 0.038
6175.48407 18.777 0.047
6175.65547 18.789 0.062
6179.64301 19.030 0.075
6180.62902 18.716 0.060
6181.59067 18.852 0.039
6182.59841 18.771 0.042
6184.48723 18.843 0.051
6185.59535 18.796 0.036
6186.61111 18.832 0.046
6191.50231 18.742 0.057
6195.49540 18.738 0.043
6195.58581 18.829 0.050
6196.49615 18.973 0.063
6196.58346 18.838 0.047
6197.49800 18.843 0.062
6197.58623 18.786 0.058
6199.51799 18.747 0.072
6200.61694 19.038 0.091
6202.56650 19.004 0.079
6203.55893 18.783 0.071
6204.50570 18.790 0.049
6204.58906 18.857 0.056
6205.53527 18.915 0.043
6205.60954 18.884 0.047
6209.55420 18.864 0.072
6210.50619 18.751 0.049
6210.58342 18.747 0.050
6211.53348 18.785 0.041
6212.53279 18.866 0.046
6212.59341 18.838 0.048
6213.56174 18.786 0.056
6214.54231 18.754 0.056
6216.54191 18.774 0.047
6217.49860 18.754 0.039
6217.57464 18.845 0.046
6218.54998 18.657 0.047
6221.53699 18.841 0.114
6223.53894 18.907 0.071
6224.51775 18.815 0.078
6227.52167 18.813 0.062
6232.50719 18.673 0.059
6234.53026 18.829 0.076
6239.51648 18.804 0.068
6334.85933 18.868 0.053
6334.89343 18.711 0.071
6335.87084 18.736 0.039
6337.88318 18.889 0.051
6338.86077 18.835 0.050
6339.87717 18.894 0.039
6340.88730 18.888 0.046
6344.83339 18.962 0.044
6345.84905 18.840 0.043
6347.85556 18.848 0.048
6348.84958 18.821 0.046
6350.87043 18.727 0.043
6351.87087 18.888 0.054
6352.86673 18.835 0.045
6353.84209 18.917 0.050
6354.85719 18.800 0.045
6358.86282 18.792 0.046
6360.84827 18.837 0.038
6361.83381 18.824 0.040
6362.83166 18.793 0.040
6362.85770 18.813 0.044
6363.82750 18.918 0.055
6367.84638 18.868 0.037
6368.78248 18.833 0.045
6368.87479 18.907 0.041
6369.81397 18.872 0.041
6370.76623 18.731 0.040
6370.86061 18.802 0.039
6371.78193 18.802 0.037
6371.86969 18.905 0.034
6372.77468 18.731 0.041
6372.86323 18.859 0.041
6373.79126 18.840 0.054
6373.88021 18.823 0.046
6374.79776 18.749 0.049
6374.88689 18.832 0.042
6375.79426 18.920 0.045
6375.90310 18.818 0.032
6376.81822 18.870 0.045
6376.89992 18.838 0.035
6377.83019 18.835 0.034
6377.91242 18.805 0.036
6378.82562 18.846 0.035
6378.90625 18.785 0.032
6379.81174 18.724 0.038
6379.89780 18.664 0.040
6380.80270 18.794 0.037
6380.82630 18.895 0.046
6380.91303 18.865 0.042
6381.83392 18.792 0.036
6382.81841 18.817 0.054
6382.89964 18.869 0.058
6387.71753 18.843 0.057
6387.80314 18.789 0.039
6387.88196 18.872 0.048
6388.72248 18.855 0.052
6388.82418 18.843 0.041
6389.71354 18.820 0.061
6389.81440 18.903 0.042
6389.89450 18.810 0.043
6390.75876 18.756 0.037
6390.84510 18.846 0.040
6391.73204 18.766 0.054
6393.72828 18.707 0.046
6394.87451 18.832 0.048
6395.83703 18.784 0.033
6396.78369 18.790 0.030
6397.72441 18.737 0.034
6398.83166 18.790 0.037
6399.73753 18.771 0.050
6400.70371 18.856 0.040
6401.84728 18.759 0.032
6402.76741 18.766 0.044
6403.68597 18.920 0.049
6404.77479 18.873 0.041
6404.79352 18.820 0.047
6405.83114 18.650 0.044
6406.80584 18.797 0.067
6407.73969 18.952 0.060
6407.91545 18.871 0.055
6409.78556 18.904 0.082
6415.75096 18.819 0.062
6417.74194 18.808 0.045
6418.76364 18.853 0.041
6420.67964 18.731 0.034
6420.85161 18.774 0.030
6421.88057 18.730 0.042
6422.83773 19.024 0.083
6423.80227 18.881 0.045
6424.64256 18.765 0.047
6424.83638 18.794 0.037
6428.72304 18.849 0.051
6428.91121 18.910 0.062
6431.72116 18.784 0.049
6432.74640 18.718 0.051
6432.91850 19.021 0.053
6433.73254 18.689 0.045
6434.64380 18.860 0.062
6434.82844 18.787 0.043
6435.67441 18.976 0.059
6435.86230 18.768 0.043
6436.66129 18.823 0.052
6436.85080 18.869 0.051
6437.94742 18.894 0.149
6441.70756 18.809 0.063
6441.88967 18.735 0.067
6442.66593 18.807 0.048
6442.85015 18.744 0.037
6443.64682 18.882 0.050
6443.77981 18.796 0.067
6444.71931 18.915 0.052
6444.86999 18.854 0.053
6445.68724 18.865 0.044
6445.88185 18.926 0.064
6446.66107 18.927 0.040
6446.85118 18.764 0.036
6447.63499 18.823 0.040
6447.82221 18.793 0.038
6448.58479 18.968 0.059
6448.76843 18.822 0.036
6448.93431 18.945 0.068
6449.70865 18.838 0.039
6449.89261 18.898 0.084
6450.66135 18.791 0.037
6450.84350 18.786 0.042
6451.61025 18.842 0.050
6451.79538 18.824 0.040
6452.57192 18.900 0.046
6452.80749 18.904 0.035
6454.58341 18.816 0.045
6454.76806 18.861 0.040
6455.54024 18.733 0.045
6456.55117 18.783 0.034
6456.73528 18.790 0.031
6457.68719 18.846 0.036
6457.87319 18.822 0.040
6458.65712 18.766 0.050
6458.84157 18.771 0.042
6459.61089 18.877 0.043
6459.80074 18.769 0.037
6460.62628 18.842 0.054
6461.55633 18.845 0.054
6461.75457 18.795 0.045
6462.62676 18.902 0.049
6462.88722 18.837 0.060
6463.66205 18.747 0.046
6463.85287 18.724 0.042
6464.66973 18.730 0.053
6464.86193 18.835 0.057
6468.68736 18.861 0.061
6469.74456 18.749 0.055
6471.74959 18.917 0.083
6472.73618 18.918 0.047
6473.68746 18.851 0.042
6474.62712 18.813 0.054
6474.81286 18.927 0.078
6475.59064 18.838 0.052
6475.78898 18.833 0.042
6476.55593 18.957 0.060
6476.74459 18.970 0.053
6477.54937 18.803 0.047
6477.73791 18.855 0.053
6478.58681 18.879 0.048
6479.65167 18.774 0.043
6480.56336 18.909 0.057
6480.74724 18.840 0.054
6481.55779 18.820 0.049
6484.46926 18.810 0.061
6485.53180 18.923 0.055
6485.76440 18.850 0.039
6486.50261 18.983 0.057
6486.71142 18.913 0.049
6487.50083 18.843 0.046
6487.70330 18.841 0.033
6489.53913 18.718 0.050
6489.73549 18.775 0.053
6490.56536 18.888 0.049
6490.75206 18.889 0.043
6491.61985 18.914 0.055
6496.48882 18.754 0.075
6497.57206 18.901 0.063
6497.75693 18.753 0.055
6498.58835 18.774 0.035
6498.76574 18.826 0.048
6500.52709 18.874 0.074
6501.53821 18.824 0.056
6501.73841 18.900 0.057
6504.75333 18.661 0.045
6505.68001 18.874 0.052
6506.57041 18.734 0.067
6507.64159 18.978 0.062
6508.57131 18.950 0.051
6508.76310 18.811 0.039
6510.55387 18.822 0.037
6510.75718 18.863 0.059
6511.70628 18.788 0.041
6514.59497 18.909 0.040
6515.54678 18.883 0.041
6516.52201 18.721 0.059
6518.56413 18.859 0.039
6519.49754 18.864 0.041
6519.71731 18.722 0.043
6523.61915 18.909 0.054
6524.55539 18.894 0.050
6525.55762 18.756 0.062
6526.68246 18.977 0.066
6529.62778 18.832 0.070
6531.61607 19.051 0.054
6532.59637 18.823 0.045
6535.51813 18.909 0.064
6537.65874 18.747 0.058
6539.54707 18.799 0.036
6541.55854 18.850 0.044
6545.51642 18.787 0.039
6546.54379 18.729 0.073
6551.56445 19.056 0.085
6558.59888 18.869 0.047
6560.50572 19.125 0.087
6561.55914 18.801 0.053
6563.54691 18.815 0.061
6563.63040 18.815 0.059
6564.56737 18.950 0.055
6565.53858 18.830 0.059
6567.51530 18.874 0.073
6568.52062 18.752 0.067
6568.60960 18.844 0.065
6569.56372 18.872 0.044
6570.54127 18.867 0.051
6571.54861 18.886 0.060
6572.50455 18.875 0.062
6572.60259 18.817 0.060
6573.56327 18.953 0.060
6577.54087 19.058 0.101
6578.52522 19.033 0.078
6579.48950 18.860 0.081
6580.50983 19.089 0.092
6581.53597 18.819 0.062
6582.56201 18.803 0.050
6583.54678 18.856 0.079
6584.54674 18.950 0.090
6585.54602 18.604 0.060
6590.52704 18.894 0.071
6590.55919 19.005 0.069
6593.50284 18.877 0.066
6595.52485 18.791 0.065
