2125.56972 20.041 0.321
2129.65154 19.840 0.135
2132.59405 20.112 0.225
2135.73162 20.843 0.472
2140.69400 20.096 0.251
2144.57615 20.107 0.234
2160.56303 19.855 0.229
2168.63080 19.938 0.263
2175.60451 19.648 0.328
2187.53990 20.090 0.305
2206.53535 19.698 0.307
2331.87611 19.860 0.187
2345.90457 19.919 0.222
2355.85051 19.865 0.154
2372.80867 20.053 0.154
2403.86329 19.914 0.140
2411.81189 19.640 0.134
2414.74352 19.910 0.160
2416.78196 19.854 0.166
2424.87634 19.626 0.219
2428.77677 19.737 0.165
2432.82127 20.203 0.299
2434.68716 19.923 0.171
2436.73548 20.023 0.177
2438.71300 19.846 0.165
2440.74301 20.248 0.214
2443.71591 20.066 0.229
2445.59686 19.989 0.174
2446.69492 19.943 0.167
2448.58942 19.795 0.382
2453.83656 19.620 0.158
2456.54806 20.333 0.290
2458.68500 19.895 0.146
2460.75735 20.103 0.267
2463.50654 19.854 0.190
2468.58551 20.008 0.135
2470.58877 19.975 0.188
2472.58919 19.469 0.157
2481.48743 19.670 0.266
2484.58673 19.651 0.189
2490.64598 19.780 0.191
2493.60814 19.800 0.170
2495.67954 19.961 0.173
2498.47289 19.850 0.150
2500.49768 19.856 0.195
2502.53045 20.301 0.219
2508.62975 20.079 0.231
2512.57717 20.346 0.309
2517.61904 20.073 0.176
2520.54386 19.943 0.187
2526.63487 19.849 0.162
2537.61452 20.543 0.546
2542.48188 19.572 0.231
2547.54931 19.999 0.243
2556.54022 19.734 0.189
2564.49740 19.892 0.268
2575.49554 19.904 0.277
2706.88259 19.811 0.151
2714.86684 19.916 0.163
2728.89611 20.029 0.244
2733.87921 20.217 0.261
2744.86700 20.114 0.178
2753.85264 20.253 0.246
2756.92204 19.958 0.174
2760.86505 19.565 0.148
2766.91817 19.879 0.189
2770.78897 20.112 0.253
2783.73355 19.887 0.143
2785.83847 19.922 0.217
2786.89892 19.853 0.223
2789.70912 20.058 0.168
2791.68833 20.103 0.178
2794.89459 19.859 0.184
2796.77612 19.831 0.131
2797.93877 20.394 0.349
2803.61096 19.963 0.806
2809.68224 19.955 0.173
2810.84912 20.009 0.221
2811.88088 19.817 0.210
2813.67766 19.990 0.199
2814.69990 19.787 0.141
2816.56295 20.011 0.178
2818.55045 19.983 0.230
2820.70902 19.651 0.148
2826.71602 20.031 0.181
2834.75249 22.318 7.839
2836.69696 20.304 0.421
2837.59423 19.735 0.266
2839.64243 20.034 0.246
2841.65581 20.245 0.240
2843.58859 19.523 0.160
2845.61670 20.080 0.231
2849.79605 20.342 0.452
2849.80232 19.632 0.245
2852.49297 20.004 0.286
2852.50526 19.786 0.195
2852.51833 19.859 0.219
2852.56435 20.046 0.292
2854.48721 19.873 0.241
2856.68024 19.794 0.203
2858.64561 19.961 0.237
2862.57218 19.956 0.248
2865.68149 19.905 0.170
2868.56125 20.038 0.163
2871.66850 19.837 0.146
2876.55206 19.844 0.168
2879.59624 19.960 0.192
2885.49111 20.035 0.286
2894.59895 19.715 0.184
2898.58380 19.697 0.175
2904.55661 20.075 0.271
2909.55112 20.128 0.258
2917.59106 19.920 0.243
2930.53369 20.081 0.240
3051.86890 19.741 0.265
3058.86228 20.349 0.244
3062.89719 20.069 0.172
3063.88592 19.882 0.163
3067.86078 19.784 0.150
3070.82072 19.774 0.223
3072.89954 19.918 0.141
3075.81908 20.127 0.251
3079.85289 20.226 0.286
3082.81575 19.958 0.153
3084.87134 20.237 0.176
3086.80536 20.030 0.151
3088.76236 20.143 0.197
3089.87232 20.196 0.171
3096.82701 20.064 0.241
3098.87083 19.918 0.127
3100.82480 19.987 0.174
3102.78756 19.981 0.205
3103.86143 20.080 0.206
3106.79584 20.369 0.426
3108.73345 19.928 0.155
3109.76002 20.060 0.174
3110.79951 19.637 0.132
3111.83352 19.908 0.155
3112.80681 19.868 0.135
3113.84064 19.730 0.114
3114.75079 19.890 0.137
3118.89483 19.918 0.201
3122.87832 20.062 0.270
3125.83490 19.804 0.193
3126.86420 19.782 0.152
3127.76975 19.874 0.178
3128.78815 20.000 0.172
3129.76283 19.896 0.193
3131.65044 19.662 0.264
3134.73061 19.799 0.346
3134.84788 20.103 0.296
3135.83100 20.015 0.159
3137.90663 19.744 0.191
3138.79086 19.880 0.137
3139.83504 20.059 0.148
3140.84243 19.959 0.171
3142.73461 20.118 0.170
3144.75523 19.764 0.135
3146.72877 20.034 0.181
3151.71748 20.568 0.428
3152.72125 19.992 0.171
3152.93461 19.444 0.189
3153.72521 20.001 0.229
3154.78617 19.580 0.149
3156.76872 20.346 0.326
3158.83929 19.721 0.217
3162.78020 20.163 0.249
3163.74153 20.036 0.175
3164.69979 19.827 0.144
3165.77112 19.885 0.108
3166.85901 19.739 0.222
3168.55872 19.775 0.158
3168.89695 19.839 0.185
3169.69359 20.013 0.176
3170.76616 20.145 0.173
3171.84402 19.878 0.127
3172.70571 19.818 0.122
3174.67731 19.954 0.135
3175.68664 19.820 0.112
3176.72964 19.662 0.196
3178.74780 19.574 0.130
3179.76080 20.030 0.159
3180.67352 19.976 0.110
3183.69920 19.994 0.207
3184.66669 19.943 0.128
3185.82268 19.841 0.171
3193.50040 19.754 0.235
3193.83753 20.593 0.455
3194.60988 19.786 0.160
3195.66634 19.802 0.129
3196.71005 19.910 0.217
3197.60999 19.894 0.143
3199.75479 19.928 0.218
3202.50560 19.937 0.162
3203.62663 19.984 0.118
3204.58751 20.300 0.193
3205.72921 19.866 0.121
3206.63678 19.986 0.157
3209.67862 19.848 0.184
3210.62487 19.822 0.162
3211.69944 20.119 0.233
3217.61932 20.073 0.208
3218.61864 19.854 0.194
3219.68499 20.044 0.331
3223.61605 20.022 0.254
3224.66575 19.956 0.146
3226.57900 20.054 0.200
3228.56159 19.975 0.159
3229.59527 19.746 0.107
3230.63391 20.089 0.144
3231.53490 20.216 0.278
3232.56356 20.080 0.272
3238.58449 19.712 0.157
3239.54421 19.960 0.183
3240.62097 20.046 0.207
3241.61997 19.808 0.350
3245.51439 19.774 0.207
3246.62646 19.656 0.208
3247.64194 19.904 0.219
3249.49347 19.691 0.144
3250.62106 20.153 0.238
3253.61438 19.858 0.165
3256.59726 19.802 0.191
3259.58945 20.306 0.321
3267.49643 19.771 0.196
3271.58201 20.946 1.241
3274.59359 19.780 0.205
3278.56757 20.159 0.271
3281.54832 19.885 0.192
3288.50987 20.079 0.333
3293.48480 19.747 0.238
3295.48922 20.086 0.246
3299.49261 20.510 0.313
3312.50173 19.670 0.325
3416.86895 19.899 0.180
3421.85918 19.889 0.186
3425.88518 20.136 0.251
3428.88122 19.721 0.131
3432.85483 19.992 0.326
3442.85546 19.728 0.176
3444.90835 20.369 0.252
3447.82153 20.025 0.211
3449.83440 19.678 0.132
3452.85495 19.893 0.150
3454.90847 20.309 0.263
3458.76758 19.809 0.168
3459.81522 19.830 0.169
3468.84402 19.993 0.138
3469.85092 19.973 0.120
3471.87844 19.731 0.175
3473.84641 19.979 0.181
3473.91796 20.055 0.199
3474.86984 20.205 0.227
3475.76576 20.061 0.159
3476.74256 20.023 0.148
3478.75833 19.847 0.130
3479.89552 20.038 0.151
3481.78625 19.872 0.141
3484.74201 19.744 0.238
3496.69040 19.731 0.143
3497.75785 19.956 0.184
3499.71540 20.167 0.173
3500.69822 19.917 0.150
3501.73624 19.929 0.168
3502.73481 20.056 0.161
3503.66138 19.868 0.134
3504.84045 19.856 0.138
3506.85214 19.949 0.151
3508.71855 19.716 0.200
3509.74913 19.784 0.118
3510.88942 19.922 0.136
3511.80125 19.763 0.127
3512.82068 19.867 0.205
3517.82433 20.061 0.205
3520.78159 20.105 0.187
3522.70756 19.848 0.099
3523.76867 19.873 0.127
3523.91336 22.339 2.534
3524.67080 19.905 0.161
3525.66488 19.736 0.116
3526.71766 19.629 0.106
3527.75143 19.681 0.103
3528.69232 20.131 0.160
3529.65030 19.827 0.103
3530.65836 19.874 0.109
3538.62843 19.868 0.148
3540.62245 20.055 0.220
3544.82355 19.748 0.207
3547.75505 20.328 0.258
3550.60193 19.629 0.165
3551.60425 20.590 0.249
3552.63361 20.247 0.222
3553.76062 19.581 0.181
3554.71034 19.731 0.160
3555.77816 19.789 0.210
3556.69034 19.905 0.138
3558.50116 20.164 0.230
3558.79984 19.686 0.129
3559.58269 19.192 0.109
3560.57107 20.147 0.189
3561.51522 19.790 0.171
3562.55587 20.223 0.211
3562.80721 19.964 0.192
3563.61007 20.098 0.154
3564.59178 19.933 0.222
3569.52854 19.914 0.241
3573.61895 20.763 0.526
3574.65994 20.338 0.274
3575.50752 20.205 0.201
3575.76096 20.019 0.200
3576.66144 19.691 0.144
3577.72913 20.413 0.279
3578.63431 19.944 0.147
3579.59161 20.156 0.170
3579.75935 19.890 0.174
3580.62143 19.948 0.145
3581.64487 19.867 0.132
3582.59287 19.593 0.088
3583.60696 19.771 0.154
3584.61570 19.802 0.127
3585.60598 19.682 0.105
3586.65171 19.755 0.123
3589.64438 19.866 0.101
3590.61329 20.009 0.153
3592.62013 19.880 0.131
3593.64128 20.092 0.158
3594.67452 19.586 0.112
3601.53207 20.193 0.193
3601.62036 19.990 0.233
3602.57015 19.610 0.137
3602.63641 20.059 0.240
3603.54213 19.834 0.159
3603.61046 20.116 0.233
3604.52149 19.914 0.175
3606.47383 20.104 0.265
3606.63735 20.035 0.249
3607.50671 19.860 0.133
3607.60881 19.755 0.130
3608.57730 19.675 0.152
3608.61572 19.605 0.153
3616.55887 20.180 0.247
3617.51521 20.795 0.521
3618.53551 20.361 0.251
3619.56014 20.482 0.279
3621.55974 19.690 0.157
3626.49797 19.990 0.411
3628.53366 20.177 0.271
3629.61834 20.019 0.244
3631.50325 20.042 0.270
3633.51630 19.260 0.139
3637.61249 19.915 0.223
3639.56608 19.875 0.122
3641.51818 19.731 0.182
3648.51045 19.807 0.153
3650.54785 19.793 0.168
3654.51964 19.975 0.349
3655.49310 19.929 0.232
3657.50577 19.639 0.164
3660.49995 19.443 0.155
3662.50520 19.336 0.137
3666.53270 20.346 0.276
3775.88154 20.300 0.285
3781.86699 20.251 0.348
3784.85085 19.731 0.179
3787.84152 20.015 0.213
3790.87222 20.118 0.276
3792.86884 19.721 0.126
3794.82582 19.739 0.178
3795.90503 19.586 0.169
3797.90527 19.732 0.146
3799.86015 19.936 0.201
3800.88648 20.096 0.181
3801.86874 20.185 0.204
3802.83426 19.644 0.122
3803.86955 20.149 0.172
3805.78559 19.647 0.177
3806.80571 20.020 0.185
3807.81942 19.934 0.204
3808.77914 19.487 0.143
3809.78193 20.323 0.279
3810.82653 19.836 0.172
3811.82251 19.988 0.214
3812.81427 19.807 0.179
3813.79006 19.751 0.149
3814.80712 19.867 0.164
3817.83461 19.992 0.197
3818.86930 19.949 0.151
3819.78492 19.897 0.129
3820.75521 20.089 0.179
3821.75571 20.130 0.209
3822.79781 20.065 0.193
3823.75384 19.807 0.149
3824.77134 19.904 0.213
3825.78877 19.924 0.219
3826.76492 20.041 0.177
3827.78459 19.653 0.118
3828.75817 20.582 0.420
3829.79349 19.908 0.159
3830.71520 20.320 0.282
3831.71200 19.839 0.147
3832.72982 19.931 0.175
3833.74451 19.973 0.178
3834.71424 19.623 0.167
3835.71922 19.768 0.207
3835.90528 19.797 0.119
3836.74760 20.430 0.432
3836.91530 20.015 0.155
3837.71414 19.876 0.203
3837.88637 19.742 0.119
3838.72159 20.180 0.317
3839.72295 19.974 0.263
3839.91015 19.999 0.259
3840.73497 20.116 0.247
3840.89374 20.133 0.225
3841.70438 19.926 0.242
3841.92430 20.074 0.200
3842.82657 19.903 0.147
3845.70262 19.628 0.276
3845.88671 19.926 0.337
3846.68307 19.921 0.221
3847.77985 19.677 0.175
3848.73476 19.866 0.202
3849.73093 19.898 0.149
3849.93334 19.822 0.210
3850.67716 20.305 0.244
3850.84972 20.174 0.212
3850.92120 19.900 0.186
3851.69092 20.700 0.434
3851.85618 19.834 0.176
3852.68164 19.476 0.131
3852.91015 20.100 0.238
3853.66994 19.852 0.165
3853.83757 19.802 0.097
3853.90909 20.071 0.143
3854.66902 19.610 0.157
3856.65992 20.024 0.199
3856.82628 19.897 0.171
3857.89704 19.957 0.157
3858.71643 19.893 0.210
3859.77899 19.982 0.170
3860.79521 20.542 0.381
3861.64880 19.548 0.156
3861.75579 19.790 0.138
3862.65386 19.570 0.129
3862.84182 19.832 0.121
3862.91790 19.919 0.164
3863.66945 19.714 0.158
3863.88974 19.982 0.143
3864.65803 20.072 0.219
3864.84998 20.130 0.141
3865.71745 19.968 0.178
3865.86102 19.889 0.149
3865.92997 20.125 0.202
3866.66903 19.839 0.191
3866.80866 19.718 0.119
3866.88688 20.128 0.198
3867.68393 19.943 0.183
3867.86953 19.835 0.142
3868.69183 19.922 0.220
3868.83591 19.794 0.180
3868.91575 19.994 0.238
3869.66934 20.361 0.294
3869.85186 20.502 0.396
3872.86650 19.713 0.138
3873.67580 19.996 0.173
3873.81724 19.912 0.149
3873.88908 20.159 0.202
3874.72673 19.954 0.190
3874.90076 19.893 0.157
3875.68733 20.114 0.156
3875.84232 20.222 0.173
3876.61446 19.891 0.153
3877.69135 19.807 0.111
3877.84012 19.958 0.149
3877.91417 20.706 0.365
3879.64734 20.004 0.150
3880.81661 19.767 0.137
3880.89566 19.755 0.169
3881.64212 19.668 0.137
3881.85762 19.828 0.122
3881.90424 19.952 0.151
3882.62705 20.806 0.369
3882.78057 19.747 0.111
3882.85438 19.925 0.157
3882.92316 19.924 0.156
3883.61460 19.959 0.206
3883.81166 19.835 0.131
3886.57397 20.413 0.305
3886.77515 19.840 0.141
3886.85043 19.888 0.148
3886.94836 19.359 0.212
3887.62771 20.024 0.174
3887.75413 19.988 0.161
3887.85828 19.764 0.153
3887.93033 20.506 0.346
3889.64172 20.128 0.180
3889.91655 19.678 0.152
3891.65112 20.083 0.186
3891.77283 19.638 0.167
3891.85506 19.893 0.192
3892.71776 19.970 0.158
3892.90377 19.819 0.153
3893.58853 20.368 0.301
3893.83494 20.152 0.304
3894.64597 19.940 0.215
3894.86126 20.006 0.216
3896.58198 19.765 0.254
3896.83931 20.007 0.340
3900.50979 20.214 0.361
3900.69515 19.745 0.196
3900.77950 20.028 0.190
3900.84801 19.810 0.170
3901.52459 19.691 0.175
3901.70081 19.944 0.151
3901.77860 19.979 0.169
3901.85166 19.822 0.174
3902.53615 20.347 0.313
3902.72318 19.918 0.148
3902.83604 20.051 0.253
3903.63419 19.666 0.111
3903.87709 20.003 0.215
3904.53550 20.099 0.218
3904.69794 20.069 0.140
3904.76740 19.869 0.124
3904.84015 19.686 0.122
3905.53234 19.788 0.169
3905.70870 20.257 0.196
3905.77893 19.930 0.126
3905.84752 19.890 0.123
3906.54021 19.870 0.188
3906.73303 19.880 0.130
3906.80622 19.911 0.162
3906.89483 20.133 0.264
3907.57447 19.710 0.144
3907.75978 20.289 0.292
3907.84426 19.857 0.200
3908.51246 20.085 0.265
3908.69860 19.837 0.128
3908.77624 19.758 0.123
3908.85892 19.869 0.149
3909.51211 19.771 0.252
3909.69053 20.038 0.128
3909.78530 20.069 0.134
3909.86489 19.851 0.182
3910.53256 19.795 0.196
3912.50703 20.108 0.208
3912.69840 19.935 0.100
3912.78973 19.705 0.098
3912.87765 19.948 0.178
3912.89171 19.823 0.173
3913.49990 19.782 0.130
3913.70177 20.218 0.159
3913.79728 19.889 0.127
3914.52594 19.827 0.178
3914.75744 20.306 0.227
3915.50162 19.559 0.146
3915.70595 19.880 0.138
3915.79783 20.159 0.196
3916.54636 19.866 0.209
3917.52450 19.643 0.176
3917.79732 20.331 0.260
3918.54553 20.004 0.211
3918.79208 20.165 0.243
3919.49947 20.004 0.273
3919.73197 19.921 0.131
3920.48927 20.149 0.260
3920.68579 20.091 0.221
3920.76780 19.838 0.119
3921.48921 20.016 0.225
3921.68672 19.679 0.184
3921.77498 19.622 0.176
3922.70085 20.061 0.269
3930.48934 20.247 0.251
3930.76351 19.380 0.169
3931.47426 19.966 0.266
3932.50576 19.626 0.164
3932.78109 20.163 0.225
3933.48682 19.801 0.157
3933.67661 19.914 0.119
3933.75215 19.673 0.105
3934.46959 19.773 0.156
3934.68631 19.837 0.127
3934.75538 20.242 0.228
3935.51952 20.035 0.188
3935.69071 20.224 0.275
3935.75937 20.003 0.159
3936.47287 19.744 0.215
3936.63817 19.922 0.131
3936.71473 19.937 0.164
3937.47910 19.943 0.243
3937.75615 19.624 0.166
3938.47750 19.536 0.184
3938.66534 20.492 0.290
3938.75434 20.018 0.224
3939.54493 19.782 0.125
3940.66319 19.685 0.100
3940.79404 19.693 0.144
3942.53089 20.410 0.318
3944.51064 19.919 0.160
3945.49078 19.981 0.177
3945.69327 19.817 0.121
3945.74915 20.011 0.196
3946.49210 20.199 0.257
3946.68133 19.639 0.132
3946.75876 19.763 0.156
3950.49650 19.996 0.203
3950.70268 19.955 0.158
3951.49277 20.060 0.226
3951.72529 20.276 0.358
3955.51490 20.223 0.480
3956.52381 19.901 0.278
3957.48593 19.976 0.214
3959.48247 19.613 0.149
3959.66378 19.997 0.208
3960.47870 19.775 0.162
3960.65776 20.002 0.138
3960.72991 20.301 0.278
3961.53523 20.197 0.272
3963.51143 20.056 0.188
3963.68300 19.948 0.163
3964.49662 20.101 0.192
3964.70440 19.898 0.173
3965.48475 20.238 0.223
3965.67726 20.019 0.151
3966.51471 19.795 0.146
3966.66774 19.994 0.180
3967.49623 19.733 0.183
3967.69317 19.692 0.127
3968.47653 19.778 0.181
3968.64847 20.001 0.166
3968.71755 19.698 0.164
3969.50512 20.142 0.237
3969.65894 20.276 0.272
3970.48570 19.894 0.216
3970.66664 20.052 0.208
3971.52383 19.896 0.215
3971.69987 19.664 0.136
3973.55053 20.008 0.220
3974.48552 20.210 0.254
3974.66448 19.779 0.147
3975.48814 20.194 0.287
3975.66343 20.062 0.203
3976.48491 19.997 0.149
3976.65206 19.633 0.145
3979.48796 19.888 0.246
3982.54405 19.949 0.417
3983.49444 20.560 0.603
3986.55769 20.061 0.255
3987.48560 20.695 0.444
3987.64654 19.816 0.186
3988.48850 20.009 0.172
3990.61969 19.838 0.189
3995.54634 19.808 0.132
3996.54482 19.570 0.150
3999.56710 20.679 0.404
4001.49732 19.677 0.160
4003.51761 20.293 0.217
4004.49292 20.200 0.191
4006.49971 19.806 0.181
4011.59644 19.463 0.158
4012.54775 20.617 0.449
4016.49523 19.958 0.208
4018.52044 20.506 0.375
4020.51790 19.687 0.180
4023.51868 20.285 0.334
4025.53812 20.072 0.216
4027.54303 19.952 0.230
4030.53483 20.217 0.322
4036.51604 19.852 0.299
4040.49720 20.352 0.568
4042.52723 20.008 0.364
4140.88777 19.687 0.349
4143.88533 20.073 0.394
4149.87697 19.859 0.189
4153.86331 19.917 0.181
4155.89924 20.057 0.313
4158.86123 19.727 0.157
4161.82918 19.795 0.180
4163.80342 19.729 0.197
4164.81773 19.821 0.195
4165.89810 19.999 0.314
4167.90206 20.011 0.199
4169.90564 20.176 0.234
4174.91192 20.085 0.229
4175.90044 19.767 0.131
4176.88161 19.934 0.176
4178.77389 19.834 0.190
4179.83270 20.044 0.172
4180.91207 19.992 0.256
4182.81391 19.961 0.147
4183.85006 19.774 0.177
4184.89052 19.934 0.136
4185.86641 20.212 0.218
4189.89344 20.111 0.272
4191.85617 19.974 0.280
4192.77140 19.841 0.233
4194.77082 20.021 0.260
4196.76107 20.087 0.303
4202.74248 19.980 0.183
4203.73069 19.910 0.148
4203.91508 19.998 0.166
4204.71898 19.942 0.199
4205.71937 19.926 0.178
4207.70888 19.736 0.185
4207.88410 19.993 0.153
4208.73098 19.718 0.136
4209.76371 19.679 0.113
4210.89861 19.671 0.121
4211.72897 19.712 0.185
4211.74364 19.819 0.181
4212.83781 19.935 0.227
4212.87869 19.729 0.182
4212.90499 20.032 0.263
4213.73763 19.966 0.173
4215.72760 19.686 0.157
4216.68495 19.972 0.227
4216.87815 19.833 0.118
4217.69056 19.919 0.165
4218.71475 20.061 0.279
4219.73621 20.100 0.259
4220.67590 19.995 0.281
4221.71593 20.093 0.252
4222.89626 20.039 0.234
4223.72293 19.943 0.248
4224.76822 19.674 0.210
4228.66246 19.962 0.224
4228.89419 20.125 0.290
4229.65728 20.087 0.321
4229.85433 19.982 0.195
4229.91593 19.731 0.170
4230.66709 20.068 0.196
4230.85507 19.925 0.198
4230.91681 20.011 0.309
4231.65146 20.528 0.370
4231.82690 20.019 0.202
4231.91982 20.066 0.268
4232.73427 19.767 0.185
4232.90129 20.055 0.272
4234.69143 19.845 0.201
4235.87653 19.912 0.171
4237.67759 20.616 0.385
4238.71521 20.282 0.235
4238.86117 20.076 0.269
4238.92290 19.042 0.120
4239.60563 20.099 0.320
4240.66267 19.974 0.171
4240.79068 20.129 0.238
4240.92527 20.012 0.222
4243.62522 20.251 0.337
4243.72148 20.308 0.270
4243.81504 20.012 0.237
4243.93276 19.747 0.192
4244.60103 19.650 0.220
4244.69707 19.845 0.161
4244.78993 19.828 0.170
4245.59372 19.769 0.163
4245.68743 19.903 0.139
4245.78061 19.806 0.125
4246.65244 19.830 0.177
4246.74546 19.904 0.173
4246.83872 19.817 0.189
4247.63543 20.380 0.374
4247.79670 19.919 0.165
4250.71577 19.763 0.178
4251.78730 19.617 0.226
4256.60258 20.185 0.337
4256.74945 20.015 0.295
4256.84723 19.579 0.212
4257.63450 20.302 0.387
4258.61807 19.916 0.237
4258.74078 20.024 0.199
4258.83606 19.774 0.176
4267.57812 19.921 0.247
4268.76551 19.755 0.156
4268.88590 20.029 0.263
4269.56045 19.742 0.174
4269.68149 19.972 0.167
4269.77223 20.221 0.226
4270.55597 20.242 0.304
4272.62438 19.816 0.149
4272.77350 20.003 0.195
4272.84501 19.607 0.180
4273.60137 19.759 0.226
4273.78222 20.150 0.270
4273.84200 19.852 0.216
4274.59384 19.815 0.223
4274.74839 19.999 0.210
4274.80751 19.830 0.222
4275.58656 19.885 0.187
4275.76199 19.708 0.189
4275.82045 19.788 0.219
4275.88165 19.978 0.377
4276.57136 19.940 0.237
4277.51519 19.803 0.265
4277.69036 19.697 0.162
4277.75083 19.975 0.217
4277.80943 20.181 0.333
4278.54899 19.940 0.303
4278.73622 19.847 0.234
4278.80922 20.005 0.325
4283.49466 19.735 0.230
4283.70483 19.895 0.255
4284.48967 19.858 0.244
4284.72016 19.722 0.144
4284.78235 19.714 0.178
4284.84744 19.945 0.275
4285.48818 19.858 0.248
4285.68005 19.918 0.237
4285.74474 19.992 0.180
4285.81251 19.821 0.188
4286.49149 19.526 0.222
4286.78178 19.534 0.179
4289.49303 19.853 0.283
4289.71553 19.775 0.209
4289.78059 20.514 0.371
4289.84739 19.868 0.248
4290.54660 19.733 0.172
4291.64896 19.972 0.192
4291.77136 20.053 0.292
4292.47470 20.118 0.252
4292.65281 19.998 0.169
4292.71243 19.902 0.152
4292.77117 19.952 0.167
4292.83432 20.163 0.283
4293.47502 19.733 0.179
4293.68095 20.175 0.189
4293.73971 19.824 0.140
4293.81735 19.935 0.213
4294.47431 19.970 0.235
4295.47586 19.746 0.234
4295.67936 20.045 0.197
4295.73803 19.712 0.120
4295.82030 19.815 0.199
4296.47713 20.018 0.254
4296.66558 19.859 0.118
4296.75669 19.710 0.144
4297.49793 19.850 0.225
4297.69824 19.889 0.149
4297.80227 19.987 0.230
4298.53262 19.879 0.186
4298.63843 19.712 0.148
4298.73197 20.007 0.193
4299.51545 19.889 0.178
4299.60883 19.980 0.154
4299.70101 19.994 0.181
4299.79119 19.851 0.204
4300.50650 19.928 0.197
4300.63078 19.795 0.115
4300.72722 19.701 0.136
4301.50139 19.930 0.174
4301.59368 19.902 0.143
4301.69034 20.095 0.169
4301.78889 19.641 0.134
4302.57681 19.645 0.170
4302.66906 19.838 0.187
4303.64964 19.978 0.224
4304.53517 19.865 0.225
4304.64456 19.927 0.210
4306.52265 19.872 0.256
4306.65995 19.914 0.222
4307.76048 20.219 0.321
4310.76634 19.646 0.305
4311.73597 19.631 0.242
4312.50578 20.106 0.329
4312.70098 20.008 0.205
4312.79854 19.995 0.291
4314.49935 19.905 0.208
4315.53991 20.060 0.204
4316.56879 19.962 0.158
4317.49118 20.021 0.193
4319.50024 19.963 0.216
4319.75469 20.347 0.324
4320.52322 19.849 0.170
4326.47878 19.830 0.177
4327.57207 20.322 0.352
4328.49918 20.060 0.240
4328.67615 20.097 0.224
4329.50966 19.943 0.179
4329.65749 19.909 0.206
4329.71628 19.663 0.199
4330.52188 20.226 0.201
4330.67286 19.936 0.174
4331.50208 19.857 0.167
4331.66861 19.800 0.179
4332.47982 19.659 0.127
4333.51090 20.405 0.351
4333.67196 19.985 0.225
4334.48412 19.660 0.359
4334.58174 19.723 0.342
4338.48426 19.820 0.241
4339.50372 20.174 0.283
4339.67490 19.956 0.323
4340.57237 19.620 0.206
4341.48465 20.062 0.332
4342.48066 19.970 0.248
4342.51398 20.019 0.231
4343.48205 19.885 0.156
4343.68980 19.902 0.253
4344.52070 19.819 0.232
4345.48609 20.144 0.213
4346.49472 19.917 0.199
4347.51368 19.909 0.216
4348.50750 20.085 0.214
4350.50927 19.787 0.169
4351.48450 19.817 0.171
4352.49520 19.801 0.213
4353.49190 19.991 0.197
4354.52049 19.787 0.137
4355.51106 19.471 0.150
4356.48858 19.807 0.148
4357.57179 19.655 0.200
4358.52903 20.081 0.283
4359.49787 20.149 0.263
4361.55083 20.309 0.431
4362.48625 19.781 0.223
4365.54324 19.753 0.223
4367.51953 20.270 0.304
4368.55514 20.125 0.361
4369.56405 19.751 0.275
4370.54204 19.678 0.149
4371.51440 20.000 0.182
4372.49944 19.960 0.175
4373.56549 19.677 0.168
4375.55110 19.902 0.300
4377.58967 19.879 0.260
4378.49971 19.782 0.183
4379.51505 20.433 0.469
4380.52656 20.085 0.240
4381.50455 19.986 0.323
4382.59308 20.046 0.295
4383.51805 19.696 0.155
4384.55501 20.143 0.289
4387.54509 19.813 0.207
4393.51240 19.872 0.177
4394.56980 20.154 0.359
4395.54122 19.884 0.253
4396.55372 20.241 0.443
4397.51255 19.981 0.290
4398.52020 19.692 0.197
4399.55578 20.014 0.355
4400.51515 20.637 0.671
4402.52978 19.861 0.318
4403.53077 20.044 0.322
4506.88204 19.853 0.256
4509.86596 20.000 0.193
4513.84271 19.205 0.140
4517.83679 19.746 0.275
4519.82268 19.726 0.236
4522.85157 20.000 0.271
4524.83523 19.870 0.206
4530.79737 19.588 0.122
4533.82617 20.017 0.216
4535.88112 19.986 0.220
4537.78074 19.626 0.163
4538.87470 19.961 0.188
4539.83589 20.069 0.186
4540.84580 19.984 0.176
4541.77485 19.605 0.133
4542.76938 19.678 0.207
4543.76503 19.664 0.159
4544.76188 19.862 0.275
4545.74857 19.301 0.170
4546.75519 20.231 0.362
4547.76937 19.780 0.162
4548.82226 19.675 0.188
4550.79449 19.967 0.235
4551.74084 19.697 0.211
4552.78448 19.023 0.188
4556.73714 19.875 0.161
4557.75475 19.689 0.139
4558.77494 19.812 0.126
4559.72775 19.885 0.152
4559.91672 19.955 0.188
4560.73012 19.762 0.157
4560.91733 19.807 0.146
4561.72056 19.894 0.163
4561.90612 19.673 0.104
4564.71079 19.654 0.141
4564.91102 19.811 0.148
4565.70894 19.751 0.119
4565.89953 19.825 0.118
4566.70825 19.844 0.167
4566.90131 19.739 0.119
4567.70043 19.585 0.143
4567.90715 19.882 0.161
4568.70596 20.503 0.392
4569.71564 19.792 0.172
4569.92521 19.815 0.190
4570.70695 19.999 0.242
4571.69473 19.939 0.254
4571.89274 19.779 0.129
4572.70653 20.032 0.302
4573.72032 19.881 0.207
4573.92879 20.032 0.274
4574.72276 19.877 0.191
4575.72816 19.715 0.173
4576.73585 19.725 0.187
4577.82003 19.973 0.207
4578.77113 19.576 0.205
4579.84783 19.847 0.207
4583.71483 20.379 0.350
4583.89999 19.998 0.192
4585.73528 19.584 0.145
4586.74321 19.820 0.189
4587.75145 19.721 0.185
4587.90987 19.861 0.199
4588.71663 19.968 0.194
4589.69893 20.076 0.218
4589.85425 19.713 0.170
4589.91627 19.952 0.191
4590.67631 20.058 0.215
4590.88199 19.946 0.174
4591.68812 19.765 0.177
4591.86017 19.688 0.151
4591.92229 19.952 0.214
4592.64661 20.036 0.215
4592.83580 19.778 0.185
4592.89916 19.976 0.204
4593.63590 19.740 0.178
4593.84540 19.854 0.156
4593.90751 19.929 0.190
4594.65692 19.766 0.184
4594.85165 19.826 0.162
4594.91746 19.673 0.177
4595.64240 20.168 0.272
4595.84056 19.997 0.196
4595.90267 19.690 0.169
4596.63571 19.741 0.153
4596.91541 19.802 0.178
4597.66619 19.706 0.145
4597.85751 19.856 0.158
4597.92861 20.221 0.296
4598.63596 19.747 0.127
4598.88077 20.095 0.186
4599.61478 19.911 0.237
4599.81881 19.951 0.144
4600.62399 19.706 0.134
4600.93054 19.790 0.183
4601.62958 19.711 0.154
4601.84588 19.722 0.118
4601.90783 19.782 0.148
4602.61697 19.876 0.178
4602.83156 20.026 0.185
4603.74957 19.580 0.124
4606.61733 19.590 0.189
4610.71908 19.882 0.169
4610.92650 20.055 0.281
4611.60911 19.562 0.199
4611.84204 19.877 0.157
4612.63052 20.479 0.402
4615.77219 19.951 0.267
4616.58121 19.661 0.206
4616.79770 19.969 0.191
4616.86746 19.909 0.203
4617.64473 20.230 0.220
4618.59277 19.802 0.226
4621.67880 20.015 0.196
4622.77449 17.898 0.034
4622.89273 17.468 0.028
4623.60612 16.468 0.012
4623.84649 16.162 0.011
4623.91739 16.036 0.011
4624.55824 15.907 0.009
4624.57794 15.931 0.009
4624.61380 15.912 0.008
4624.71214 15.927 0.008
4624.79012 15.924 0.007
4624.85672 15.953 0.008
4624.92574 15.962 0.009
4625.58443 15.991 0.009
4625.77256 16.031 0.009
4625.86644 16.039 0.009
4626.58124 16.096 0.010
4626.83486 16.103 0.009
4627.53978 16.161 0.009
4627.80830 16.169 0.008
4627.89499 16.202 0.008
4628.57307 16.200 0.010
4628.73686 16.246 0.009
4628.80246 16.225 0.009
4628.86443 16.276 0.009
4629.58630 16.221 0.009
4629.80599 16.243 0.009
4629.88827 16.344 0.009
4630.53976 16.297 0.012
4630.74980 16.286 0.009
4630.82790 16.340 0.010
4630.89600 16.415 0.011
4631.54528 16.213 0.009
4631.76112 16.186 0.009
4631.83887 16.402 0.010
4631.91382 16.356 0.012
4632.54262 16.159 0.010
4632.80550 16.425 0.011
4633.54863 16.419 0.011
4633.65052 16.470 0.011
4633.77213 16.480 0.014
4638.73418 16.806 0.017
4638.83185 16.679 0.014
4639.54686 16.840 0.021
4639.65303 16.846 0.014
4639.83239 16.940 0.024
4640.57293 16.954 0.014
4640.70384 16.848 0.014
4640.81114 17.043 0.020
4641.59575 17.180 0.017
4641.75138 17.222 0.018
4642.57152 17.596 0.025
4642.73202 17.664 0.028
4642.80994 17.506 0.027
4643.52468 18.133 0.050
4644.64413 18.629 0.065
4644.82343 18.620 0.057
4645.49832 18.163 0.049
4645.74900 17.732 0.032
4645.82485 17.446 0.024
4645.88960 17.370 0.030
4646.50016 17.315 0.022
4646.83227 17.370 0.024
4647.49467 17.647 0.034
4647.71951 17.544 0.026
4647.81290 17.769 0.039
4648.52306 18.147 0.043
4648.61254 18.326 0.042
4648.68873 18.001 0.032
4648.84045 18.149 0.047
4649.50321 18.489 0.066
4649.71368 18.539 0.047
4649.82820 18.216 0.046
4650.53470 17.286 0.022
4650.75215 17.296 0.018
4650.83713 17.382 0.025
4651.49494 17.434 0.027
4651.78424 17.787 0.034
4652.48651 18.009 0.046
4652.68911 18.241 0.045
4652.77068 18.408 0.050
4652.82426 18.098 0.045
4653.48296 18.853 0.107
4653.70204 19.161 0.105
4653.76729 18.522 0.065
4654.51827 18.724 0.069
4654.72630 18.934 0.080
4654.79823 19.121 0.109
4655.48275 18.667 0.093
4655.70714 18.204 0.035
4655.76905 18.002 0.034
4656.48477 17.458 0.021
4656.67453 17.588 0.029
4656.79016 17.574 0.028
4657.55931 18.043 0.045
4658.64307 18.648 0.062
4659.57629 19.114 0.105
4660.53251 19.210 0.141
4661.47286 19.874 0.245
4661.67039 19.306 0.171
4661.73498 19.931 0.235
4661.80211 19.039 0.122
4665.64008 19.496 0.189
4666.48435 19.641 0.216
4666.66900 19.328 0.127
4666.77280 19.579 0.240
4669.59443 18.822 0.103
4670.63042 17.479 0.028
4671.55145 18.096 0.038
4671.75838 18.253 0.051
4672.48612 18.661 0.054
4672.74961 18.922 0.086
4672.78863 19.065 0.097
4674.49059 19.566 0.192
4675.65224 19.540 0.135
4677.47117 19.283 0.130
4677.61756 19.705 0.169
4677.70133 19.479 0.133
4678.67083 19.810 0.160
4679.63874 19.663 0.171
4681.51258 19.680 0.167
4681.61267 19.535 0.136
4682.48364 19.661 0.120
4682.55955 19.355 0.104
4682.73620 19.471 0.118
4683.48015 19.579 0.217
4683.68903 19.608 0.136
4683.76013 19.926 0.221
4684.48579 19.493 0.157
4684.75058 19.604 0.152
4685.52797 19.496 0.130
4686.48324 19.477 0.143
4687.50921 19.565 0.155
4687.72259 19.758 0.216
4688.47984 19.369 0.166
4688.66985 19.523 0.116
4688.73152 19.721 0.216
4693.52429 19.814 0.164
4694.52273 19.945 0.300
4697.48343 19.552 0.175
4697.70496 20.030 0.353
4698.48398 19.702 0.142
4699.48288 19.855 0.206
4700.49122 19.662 0.151
4701.48653 19.886 0.212
4701.67533 19.712 0.179
4702.48491 19.534 0.138
4703.59284 19.675 0.167
4704.57100 19.771 0.160
4705.48879 19.796 0.173
4707.58973 19.725 0.162
4708.52148 19.617 0.181
4709.49750 19.742 0.188
4710.52502 19.717 0.186
4711.50708 19.875 0.218
4715.56713 19.794 0.231
4716.55797 19.641 0.179
4720.51057 19.670 0.200
4721.51145 20.300 0.416
4722.62372 19.861 0.248
4724.49053 19.991 0.289
4725.56441 19.886 0.245
4726.52898 19.503 0.198
4728.57344 20.023 0.260
4729.51400 19.951 0.262
4730.59985 19.889 0.182
4731.53690 20.028 0.268
4733.48849 19.902 0.211
4734.53493 20.138 0.287
4737.52315 19.793 0.193
4739.56688 20.396 0.451
4740.53521 19.953 0.245
4741.50801 19.878 0.173
4743.51645 20.014 0.246
4750.58308 19.505 0.213
4756.49893 19.887 0.254
4765.50061 19.731 0.201
4867.87616 19.488 0.158
4870.88500 19.779 0.180
4872.88751 19.686 0.283
4876.84890 19.808 0.186
4884.83198 19.813 0.192
4886.88267 19.785 0.163
4890.86484 19.888 0.169
4896.85249 19.917 0.168
4899.82398 19.862 0.198
4900.80369 19.436 0.142
4901.86384 19.862 0.180
4902.86221 19.709 0.141
4904.78662 19.877 0.202
4905.89042 20.445 0.414
4910.79248 19.511 0.152
4911.76312 19.916 0.148
4912.75991 20.082 0.176
4914.76287 19.795 0.147
4918.75979 20.139 0.177
4924.72195 20.018 0.166
4925.77124 20.040 0.170
4925.88728 20.019 0.161
4926.73507 20.028 0.206
4927.82257 19.868 0.173
4928.71627 19.820 0.209
4929.71619 20.132 0.340
4929.89651 19.877 0.172
4930.77419 19.870 0.199
4931.69613 20.254 0.388
4931.81849 20.156 0.244
4932.77374 19.824 0.151
4933.69385 19.649 0.212
4933.82203 20.233 0.273
4934.79743 19.994 0.232
4938.70197 19.531 0.158
4938.80188 19.706 0.162
4939.72753 19.814 0.192
4939.82247 19.732 0.176
4940.72504 19.744 0.151
4941.69973 19.788 0.180
4941.82678 19.892 0.185
4942.67924 19.835 0.172
4942.85215 20.052 0.173
4943.69160 19.939 0.139
4943.75766 19.891 0.153
4944.68047 19.625 0.137
4944.69697 20.169 0.224
4944.77214 20.112 0.217
4944.83598 19.886 0.147
4945.69372 20.105 0.214
4945.82517 19.673 0.112
4946.75112 20.006 0.173
4947.76108 19.799 0.133
4948.86100 20.003 0.155
4949.65643 19.877 0.157
4950.69262 19.739 0.163
4951.69270 19.823 0.145
4952.80192 19.563 0.117
4953.66076 19.960 0.196
4953.76647 19.679 0.143
4954.68088 19.947 0.158
4954.78634 20.103 0.177
4955.68482 20.180 0.260
