5260.86564 20.180 0.139
5261.80049 20.094 0.145
5264.82358 20.123 0.154
5264.87667 20.130 0.207
5265.79959 20.030 0.130
5266.78766 20.301 0.171
5267.82947 20.143 0.123
5268.80072 19.968 0.123
5269.79560 20.059 0.107
5270.83998 20.496 0.171
5271.79506 20.172 0.125
5272.80188 20.016 0.126
5273.85651 20.159 0.123
5274.80524 20.031 0.122
5275.79097 20.078 0.146
5276.82588 20.219 0.129
5277.79203 20.175 0.139
5278.80206 20.021 0.117
5279.80331 20.225 0.177
5280.85489 20.230 0.121
5281.78982 20.152 0.117
5282.77033 20.044 0.145
5282.91517 20.313 0.179
5283.77146 20.419 0.226
5284.77349 20.489 0.243
5285.76916 20.228 0.205
5285.89857 20.530 0.268
5287.82998 20.161 0.140
5288.76334 20.394 0.202
5293.84143 20.464 0.181
5294.74768 20.018 0.112
5294.78506 20.324 0.115
5294.82228 20.259 0.104
5294.85235 20.152 0.095
5294.89264 20.219 0.101
5295.74866 20.199 0.150
5295.78703 20.159 0.114
5295.82547 20.195 0.121
5295.86340 20.265 0.109
5295.90300 20.258 0.110
5296.79292 20.255 0.106
5296.82737 20.132 0.091
5296.86478 20.310 0.094
5296.90490 20.168 0.112
5297.78604 20.115 0.106
5297.82407 20.195 0.096
5297.86187 20.299 0.092
5297.90097 20.128 0.088
5298.78694 20.204 0.135
5298.82479 20.079 0.124
5298.86272 20.255 0.117
5298.90222 20.350 0.126
5299.77139 20.218 0.119
5299.80913 20.041 0.087
5299.88578 20.106 0.098
5300.84253 20.249 0.141
5300.88222 20.441 0.152
5300.92108 20.287 0.138
5301.77600 20.109 0.127
5301.81335 20.337 0.124
5301.85087 20.006 0.116
5301.89114 20.143 0.124
5303.89874 19.993 0.124
5304.73639 20.181 0.215
5304.77572 20.186 0.158
5306.70912 20.154 0.132
5306.77322 20.246 0.146
5306.83635 20.314 0.126
5306.87551 20.432 0.145
5306.91443 20.226 0.129
5307.69888 20.135 0.126
5307.76241 20.104 0.125
5307.82381 20.042 0.113
5307.86315 20.288 0.132
5307.90282 20.339 0.126
5308.69017 20.097 0.150
5308.75201 20.397 0.179
5308.81353 20.187 0.125
5308.85145 20.122 0.107
5309.68791 19.931 0.143
5309.75295 20.229 0.146
5309.82354 20.193 0.117
5309.86765 20.208 0.142
5309.90599 20.544 0.154
5310.66762 20.289 0.202
5310.73359 20.147 0.172
5310.78995 19.934 0.122
5310.86538 20.171 0.117
5310.90337 20.145 0.119
5311.78879 20.353 0.243
5311.84773 20.077 0.133
5311.89605 20.343 0.173
5312.71037 20.045 0.194
5312.75975 20.487 0.243
5312.80231 20.229 0.180
5312.84208 19.746 0.128
5312.88692 20.087 0.146
5312.92404 20.322 0.161
5313.79615 20.125 0.196
5313.83512 19.977 0.165
5313.87536 20.050 0.180
5313.91320 19.963 0.163
5314.68389 20.233 0.248
5314.72634 19.878 0.191
5314.76600 19.791 0.142
5314.80353 19.912 0.147
5314.86136 20.545 0.277
5314.89853 20.200 0.172
5315.65257 19.879 0.262
5315.70717 20.628 0.452
5315.74932 19.952 0.155
5315.78684 20.267 0.174
5315.82474 20.107 0.189
5315.86492 20.224 0.229
5315.90682 19.932 0.205
5316.69780 20.020 0.459
5316.74286 20.393 0.334
5316.78266 20.109 0.217
5316.82188 19.688 0.154
5316.87707 19.569 0.191
5319.83805 18.564 0.100
5319.88687 18.313 0.067
5319.92417 18.236 0.057
5320.66034 18.460 0.037
5320.69932 18.330 0.034
5320.74330 18.255 0.030
5320.78076 18.429 0.037
5320.82077 18.307 0.038
5320.86243 18.401 0.032
5320.89989 18.414 0.032
5321.65971 18.530 0.055
5321.72765 18.560 0.038
5321.76620 18.491 0.040
5321.80542 18.422 0.034
5321.84701 18.586 0.054
5321.88450 18.459 0.037
5321.92175 18.581 0.041
5322.70807 18.598 0.041
5322.85562 18.714 0.045
5322.88083 18.567 0.037
5322.92124 18.633 0.037
5323.67855 18.736 0.054
5323.74447 18.779 0.059
5323.78284 18.697 0.042
5323.82608 18.704 0.040
5323.86552 18.788 0.046
5323.90299 18.667 0.041
5324.65349 18.755 0.058
5324.71835 18.799 0.053
5324.75575 18.742 0.045
5324.79417 18.834 0.054
5324.83486 18.774 0.051
5324.87225 18.914 0.049
5324.91290 18.889 0.041
5325.64549 18.875 0.047
5325.69968 18.929 0.044
5325.73619 18.949 0.042
5325.77451 18.966 0.042
5325.81448 19.006 0.048
5325.86153 18.926 0.047
5325.90025 18.884 0.044
5325.94081 19.061 0.151
5326.67451 19.055 0.050
5326.73519 18.999 0.049
5326.77260 18.894 0.040
5326.81212 19.011 0.042
5326.85037 19.051 0.050
5326.88884 19.102 0.058
5326.92757 18.973 0.053
5327.68868 19.125 0.054
5327.75963 19.056 0.050
5327.79850 19.129 0.057
5327.83682 19.208 0.076
5327.87577 19.155 0.059
5327.91389 18.948 0.045
5328.61061 18.981 0.051
5328.68463 19.145 0.059
5328.75348 18.923 0.047
5328.79188 18.915 0.046
5328.83260 19.041 0.054
5328.87036 19.014 0.053
5328.90812 18.935 0.044
5329.70835 18.983 0.058
5334.63090 19.845 0.117
5334.69701 19.674 0.086
5334.77781 19.499 0.056
5334.83757 19.413 0.063
5334.87528 19.415 0.077
5334.91590 19.302 0.083
5335.72115 19.805 0.072
5335.76041 19.813 0.074
5335.80006 19.744 0.084
5335.83946 19.827 0.113
5335.87717 20.032 0.136
5335.91487 20.026 0.118
5336.79430 20.124 0.129
5336.85869 19.940 0.100
5336.92371 20.045 0.136
5337.77039 19.918 0.114
5337.81019 20.071 0.139
5337.84858 20.032 0.150
5337.88651 20.194 0.190
5337.92497 20.199 0.227
5338.76785 20.062 0.143
5338.80704 19.849 0.163
5338.84833 19.954 0.222
5339.64344 19.951 0.170
5339.68325 19.821 0.142
5339.74966 20.359 0.198
5339.81490 20.171 0.152
5339.88055 20.409 0.277
5339.92047 19.948 0.198
5340.62942 20.256 0.324
5340.66710 20.266 0.207
5340.75362 19.971 0.165
5340.81133 20.136 0.251
5340.84938 19.911 0.195
5340.88784 20.158 0.178
5340.92546 19.833 0.166
5341.59961 20.151 0.183
5341.67282 20.106 0.131
5341.74419 20.148 0.154
5341.81875 20.137 0.138
5341.85696 20.277 0.186
5341.89469 20.131 0.144
5341.93488 19.972 0.135
5342.60898 19.911 0.190
5342.64645 20.582 0.326
5342.68409 20.500 0.265
5342.72158 20.186 0.179
5342.76320 19.968 0.129
5342.80457 19.821 0.145
5342.84231 19.769 0.132
5342.88017 20.552 0.333
5342.91802 19.924 0.192
5343.58971 20.098 0.269
5343.62735 20.213 0.261
5343.66501 20.010 0.171
5343.70276 20.164 0.169
5343.74076 19.997 0.154
5343.78117 20.308 0.214
5343.82024 20.114 0.186
5343.85835 19.818 0.135
5343.87108 19.872 0.153
5343.90918 19.615 0.128
5348.60522 19.590 0.124
5348.67469 19.752 0.130
5348.76740 20.290 0.169
5348.80565 20.307 0.182
5348.84356 19.932 0.116
5348.88809 20.208 0.223
5348.92774 20.228 0.237
5349.60415 19.524 0.156
5349.68596 20.005 0.146
5349.78075 20.564 0.299
5349.81876 20.270 0.178
5349.85798 19.960 0.197
5350.65638 20.013 0.198
5350.73265 20.289 0.198
5351.59474 19.977 0.134
5351.66327 19.958 0.110
5351.74426 20.183 0.132
5351.83086 20.585 0.268
5351.89129 20.497 0.273
5352.60598 19.881 0.206
5352.67483 20.270 0.143
5352.76047 20.139 0.142
5352.84354 20.206 0.168
5352.89705 20.298 0.194
5353.56592 20.040 0.132
5353.64897 20.264 0.147
5353.72722 20.142 0.123
5353.78244 20.340 0.137
5353.82015 20.169 0.138
5353.86492 20.230 0.144
5354.57824 19.883 0.135
5354.67229 20.275 0.163
5354.76952 20.196 0.155
5354.84140 20.232 0.154
5354.88158 20.251 0.207
5354.92007 20.216 0.210
5355.61350 19.909 0.124
5355.69789 20.074 0.151
5355.78489 20.084 0.121
5355.82546 20.069 0.144
5355.87400 20.459 0.270
5357.61415 19.997 0.162
5357.69607 20.355 0.202
5357.78636 20.045 0.135
5357.88344 20.375 0.261
5358.66587 19.856 0.118
5358.75916 20.169 0.178
5359.59299 20.317 0.232
5359.63412 20.314 0.191
5359.68798 19.960 0.129
5359.73729 20.143 0.139
5359.78597 20.173 0.145
5359.83003 20.078 0.149
5359.86978 20.334 0.223
5361.63584 19.959 0.180
5361.68185 20.063 0.181
5362.59648 19.987 0.159
5362.68212 19.934 0.116
5362.77739 20.282 0.165
5362.88189 19.984 0.215
5364.52453 20.048 0.175
5364.56949 20.195 0.156
5364.65403 20.116 0.137
5364.74941 20.367 0.215
5364.79376 19.988 0.178
5364.83314 20.079 0.174
5364.87313 20.278 0.216
5365.54238 20.156 0.237
5365.58682 19.923 0.127
5365.67717 20.214 0.145
5365.76985 20.284 0.167
5365.84130 20.070 0.156
5365.87991 20.372 0.255
5368.61635 20.326 0.214
5368.79446 19.900 0.129
5369.74189 20.261 0.236
5369.78670 20.776 0.444
5369.82596 20.202 0.177
5376.63221 20.252 0.218
5376.67233 19.806 0.151
5376.71208 20.120 0.184
5376.75034 20.055 0.177
5376.78859 20.228 0.190
5376.82680 20.566 0.328
5376.86478 19.856 0.206
5377.52078 20.434 0.239
5377.57531 20.300 0.200
5377.65052 20.365 0.181
5377.67144 20.270 0.164
5377.71614 20.061 0.121
5377.75923 20.182 0.147
5377.80195 19.912 0.138
5377.84013 20.286 0.189
5378.49444 20.320 0.179
5378.57704 20.278 0.139
5378.66361 20.232 0.136
5378.73560 20.123 0.116
5378.77365 20.042 0.108
5378.81214 20.012 0.124
5378.85206 20.287 0.199
5379.49096 20.035 0.147
5379.52890 20.140 0.171
5379.61360 20.363 0.162
5379.70054 20.136 0.148
5379.75697 19.920 0.120
5379.79459 20.041 0.136
5379.83239 20.125 0.199
5379.87345 19.788 0.177
5380.50240 20.218 0.163
5380.54027 20.114 0.129
5380.59599 20.081 0.108
5380.68283 20.053 0.103
5380.73613 19.988 0.129
5380.77413 20.295 0.168
5380.81223 20.174 0.191
5380.85026 20.096 0.280
5381.54976 20.117 0.178
5381.58725 19.796 0.183
5381.64603 20.294 0.272
5381.68726 20.040 0.149
5381.72526 20.342 0.242
5381.76353 20.095 0.209
5381.81032 20.090 0.255
5381.84847 20.632 0.392
5382.53849 19.854 0.190
5382.58289 20.094 0.224
5382.62580 19.901 0.163
5382.66713 19.964 0.157
5382.70711 20.102 0.153
5382.74514 19.793 0.133
5382.78991 20.162 0.228
5382.83369 19.804 0.187
5384.77498 20.245 0.207
5384.81310 20.130 0.266
5385.48445 20.386 0.196
5385.56626 20.137 0.105
5385.82299 20.132 0.110
5386.46980 20.156 0.164
5386.49966 20.080 0.152
5386.58178 20.120 0.148
5386.66583 20.147 0.153
5386.69182 20.240 0.126
5386.75617 20.068 0.110
5386.79561 20.077 0.118
5386.83752 20.124 0.133
5387.54071 20.102 0.105
5387.70007 20.209 0.118
5387.73849 20.066 0.095
5387.77935 20.321 0.161
5387.82271 20.337 0.173
5388.48027 20.444 0.239
5388.51817 19.973 0.123
5388.60536 20.065 0.104
5388.71269 20.358 0.157
5388.77713 20.025 0.146
5388.82028 20.299 0.194
5389.50776 20.289 0.195
5389.54625 20.115 0.135
5389.65357 20.258 0.149
5389.75873 20.014 0.151
5389.79798 20.403 0.246
5389.83756 19.919 0.137
5390.54103 20.225 0.213
5390.58674 19.870 0.146
5390.67245 20.267 0.232
5390.72214 20.246 0.143
5390.76042 20.037 0.097
5390.79822 20.278 0.152
5391.47317 20.196 0.262
5391.53228 19.906 0.141
5391.56961 20.393 0.295
5391.65315 19.931 0.119
5391.76026 19.943 0.140
5391.82192 20.115 0.178
5392.46931 19.841 0.158
5392.50714 20.026 0.145
5392.54614 20.002 0.134
5392.63056 20.437 0.151
5392.73967 20.230 0.125
5392.79939 19.945 0.108
5392.83693 19.978 0.201
5393.65399 20.080 0.160
5393.69241 20.221 0.171
5393.73035 20.318 0.221
5393.77586 20.087 0.165
5393.81374 20.061 0.187
5395.81798 20.291 0.211
5396.53765 20.584 0.407
5396.61285 20.302 0.183
5396.67515 20.192 0.132
5396.70973 20.116 0.122
5396.78232 20.086 0.137
5397.58751 19.988 0.181
5397.63734 20.216 0.251
5397.67555 20.246 0.207
5397.71700 20.251 0.260
5402.65216 20.430 0.359
5402.68203 19.826 0.319
5403.49505 20.156 0.155
5403.53222 20.173 0.142
5403.56974 20.211 0.150
5403.61022 20.086 0.140
5403.64957 20.153 0.156
5403.68764 20.087 0.154
5403.72860 20.309 0.188
5403.76639 20.279 0.255
5404.47031 20.033 0.164
5404.50823 20.180 0.170
5404.54601 20.077 0.155
5404.58383 19.881 0.154
5404.62701 20.299 0.181
5404.66644 19.939 0.132
5404.70536 20.269 0.189
5404.74487 20.088 0.173
5404.78865 20.152 0.210
5405.64334 19.862 0.143
5405.68320 20.024 0.183
5405.72104 20.262 0.182
5405.75862 20.266 0.208
5405.79620 19.975 0.194
5407.49781 20.116 0.177
5407.53584 20.144 0.183
5407.57414 19.967 0.171
5407.61479 20.112 0.176
5407.65300 20.023 0.165
5407.69202 19.846 0.150
5407.73009 19.928 0.149
5407.76805 19.919 0.153
5408.53184 20.237 0.219
5408.57918 20.176 0.174
5408.61946 20.239 0.163
5408.65723 20.251 0.219
5408.69595 19.958 0.155
5408.73387 20.228 0.193
5408.77155 19.981 0.199
5409.48178 19.973 0.130
5409.52303 20.241 0.151
5409.62889 20.103 0.096
5409.73591 20.097 0.127
5409.77367 20.140 0.175
5410.48598 19.993 0.139
5410.52412 20.014 0.123
5410.63242 20.175 0.140
5410.73959 20.430 0.218
5410.77805 20.125 0.152
5411.50058 20.160 0.136
5411.56091 20.216 0.101
5411.66913 20.199 0.102
5411.75309 19.961 0.128
5412.51319 20.356 0.227
5412.55267 19.928 0.125
5412.63130 20.461 0.216
5412.67457 19.864 0.125
5412.73540 20.269 0.219
5413.49430 20.074 0.135
5413.55499 20.309 0.146
5413.66204 20.057 0.085
5413.74649 20.044 0.135
5414.47471 19.920 0.111
5414.51246 20.202 0.115
5414.59768 20.053 0.102
5414.70937 20.231 0.127
5414.76956 20.208 0.145
5416.63226 20.164 0.162
5416.68738 20.115 0.154
5418.54944 19.878 0.092
5418.59953 20.098 0.107
5418.64967 20.070 0.110
5418.69907 20.231 0.151
5421.50767 20.268 0.167
5421.55129 20.410 0.170
5421.56737 20.345 0.154
5421.61211 20.143 0.122
5421.65506 20.075 0.137
5421.69747 20.074 0.126
5422.49167 19.995 0.144
5422.53238 19.977 0.145
5422.63092 20.094 0.095
5422.75872 20.221 0.167
5423.51498 20.188 0.117
5423.58661 20.069 0.106
5423.69447 20.309 0.232
5425.52333 20.069 0.126
5426.49093 20.165 0.285
5426.52943 20.114 0.316
5426.64439 20.077 0.346
5430.47670 20.528 0.357
5430.51544 20.098 0.190
5430.59958 20.097 0.168
5430.63863 20.300 0.208
5431.47762 20.928 0.465
5431.51634 20.584 0.240
5431.55664 20.131 0.157
5431.59437 20.230 0.160
5431.63586 20.530 0.295
5431.67502 20.024 0.192
5432.55851 20.364 0.332
5432.65300 19.958 0.197
5433.63138 20.200 0.246
5433.67690 19.911 0.189
5434.50815 20.451 0.270
5434.55286 20.294 0.190
5434.59132 20.400 0.196
5434.63849 20.439 0.220
5434.68093 20.320 0.222
5435.47983 20.482 0.245
5435.51981 19.920 0.151
5435.56496 20.455 0.231
5435.63582 19.949 0.115
5435.68405 20.460 0.212
5436.47777 20.019 0.172
5436.54484 19.953 0.140
5436.66206 20.228 0.153
5437.50096 20.217 0.154
5437.62398 20.097 0.106
5438.51288 20.064 0.169
5438.57749 20.078 0.157
5438.65302 20.089 0.143
5438.69062 20.163 0.149
5439.52260 20.751 0.409
5439.56892 19.908 0.152
5439.60641 19.889 0.147
5439.64455 20.466 0.247
5443.49813 20.414 0.204
5443.53706 20.188 0.172
5443.58293 20.230 0.169
5443.62074 20.020 0.140
5443.66311 19.894 0.124
5444.50358 20.058 0.159
5444.55510 20.321 0.171
5444.60675 20.397 0.212
5444.64485 20.255 0.160
5445.47830 20.156 0.158
5445.57616 20.156 0.142
5445.65228 20.172 0.131
5446.48272 20.391 0.187
5446.53384 20.086 0.135
5446.57431 20.619 0.227
5446.61303 20.164 0.127
5446.65285 20.215 0.142
5447.50144 20.068 0.104
5447.54403 20.083 0.131
5447.60794 20.041 0.121
5448.47524 20.753 0.432
5448.52004 20.323 0.169
5448.57414 20.116 0.154
5449.47640 20.263 0.306
5449.51475 20.016 0.160
5449.54575 20.279 0.167
5449.62936 20.084 0.149
5450.51751 20.609 0.290
5450.55503 20.062 0.177
5450.60370 20.426 0.219
5450.64359 19.926 0.164
5451.63298 19.907 0.127
5453.47772 20.261 0.381
5453.54324 19.861 0.151
5457.47659 20.217 0.224
5457.55377 20.175 0.111
5457.60102 19.995 0.146
5458.47810 20.206 0.272
5458.58541 20.148 0.158
5459.50391 19.992 0.165
5459.54823 20.198 0.156
5459.59243 19.777 0.113
5460.49190 19.965 0.189
5460.53789 20.023 0.222
5461.49866 20.007 0.232
5461.59065 20.175 0.196
5462.47980 19.811 0.190
5462.53323 19.850 0.149
5463.50396 20.236 0.166
5463.58358 20.236 0.171
5463.58701 20.114 0.180
5464.49419 20.214 0.171
5464.54678 20.147 0.199
5465.50992 20.171 0.242
5467.48309 20.214 0.247
5468.55264 20.015 0.187
5469.60745 19.927 0.117
5471.51736 20.038 0.135
5471.58579 20.303 0.173
5472.50441 20.052 0.186
5472.54542 20.069 0.176
5472.55147 20.381 0.227
5473.50113 20.436 0.251
5476.49234 19.886 0.143
5476.52038 20.121 0.195
5477.53934 20.174 0.192
5479.50853 19.819 0.156
5480.49041 20.375 0.257
5480.55947 19.970 0.182
5481.53015 20.208 0.418
5485.51210 20.609 0.420
5486.49854 20.006 0.237
5486.55889 20.257 0.281
5487.54489 19.937 0.165
5488.53211 20.049 0.164
5489.51848 20.510 0.290
5490.51862 20.331 0.351
5492.52825 19.937 0.268
5494.52872 20.271 0.326
5495.53092 20.128 0.196
5497.53017 20.124 0.177
5499.53247 20.085 0.230
5507.50881 19.872 0.256
5596.86738 19.897 0.178
5596.87362 20.374 0.251
5597.88005 20.039 0.264
5598.86217 19.774 0.122
5599.87564 19.939 0.136
5600.86847 20.020 0.125
5602.86893 20.552 0.304
5604.87711 20.276 0.201
5605.87524 20.137 0.117
5606.87295 19.875 0.113
5607.87764 20.411 0.168
5608.87216 20.569 0.287
5611.85656 19.966 0.192
5612.87180 19.988 0.166
5614.85723 19.876 0.136
5615.86555 20.534 0.196
5616.85861 19.929 0.153
5619.87643 20.317 0.265
5620.84666 20.481 0.211
5621.84948 20.386 0.146
5622.88718 20.654 0.149
5624.84217 20.133 0.135
5625.82130 20.068 0.132
5626.81827 20.129 0.257
5627.84554 20.179 0.134
5628.85627 20.140 0.111
5629.82446 20.423 0.197
5630.80188 20.097 0.131
5631.82960 20.485 0.282
5632.83692 20.051 0.132
5633.79417 20.087 0.120
5634.84905 19.869 0.119
5635.85804 20.205 0.177
5637.81792 19.985 0.212
5638.79635 19.904 0.156
5639.78284 19.967 0.145
5639.85857 20.293 0.138
5640.75578 20.433 0.331
5640.79862 20.003 0.155
5640.83706 19.858 0.170
5640.88564 20.215 0.148
5641.75198 20.192 0.179
5641.79254 19.969 0.130
5641.87208 20.219 0.162
5642.75832 19.989 0.161
5642.79384 20.145 0.150
5642.85284 20.080 0.142
5642.87414 20.245 0.194
5642.91621 19.948 0.249
5643.76836 20.154 0.171
5643.80665 20.123 0.154
5643.86639 20.231 0.141
5643.90762 20.074 0.143
5644.77609 19.937 0.183
5644.81681 20.039 0.177
5644.88734 19.953 0.141
5647.85726 20.379 0.241
5647.87746 20.159 0.207
5647.89342 20.490 0.321
5648.75797 20.138 0.142
5648.82338 20.132 0.132
5648.86551 19.865 0.097
5648.91085 19.874 0.134
5649.76439 20.170 0.138
5649.80637 20.160 0.119
5649.87079 20.239 0.154
5649.90902 20.045 0.122
5650.75617 19.888 0.102
5650.81866 20.097 0.109
5650.86276 20.137 0.122
5650.91163 20.442 0.179
5651.77677 20.249 0.143
5651.81982 20.093 0.111
5651.89602 20.111 0.118
5652.75686 20.099 0.107
5652.82016 20.117 0.104
5652.86205 19.997 0.098
5653.78546 20.018 0.103
5653.91591 20.363 0.128
5654.79018 20.214 0.162
5654.83687 20.195 0.132
5654.88106 20.238 0.119
5655.73911 20.025 0.136
5655.77821 20.315 0.171
5655.81617 20.151 0.140
5655.85696 20.374 0.139
5655.90667 19.984 0.119
5656.79861 20.679 0.191
5656.83949 20.093 0.093
5656.92590 20.010 0.198
5657.78739 19.993 0.106
5657.82837 20.216 0.114
5657.87386 20.121 0.104
5657.91824 20.204 0.127
5658.78424 20.342 0.190
5658.84127 20.064 0.118
5658.87966 19.922 0.123
5658.92080 20.727 0.327
5659.73591 20.288 0.136
5659.77355 20.455 0.173
5659.81283 20.112 0.136
5659.85515 20.439 0.243
5659.90305 19.987 0.104
5660.72711 19.953 0.132
5660.77446 20.036 0.125
5660.81780 20.231 0.140
5660.87348 20.614 0.254
5662.72618 19.896 0.147
5662.76655 20.315 0.218
5662.82830 20.250 0.151
5662.86647 19.899 0.106
5662.90842 20.169 0.123
5664.77181 19.860 0.171
5664.81241 20.529 0.212
5664.87281 20.480 0.234
5664.91646 20.364 0.179
5665.74045 20.254 0.180
5665.78626 20.191 0.112
5665.85061 20.449 0.187
5665.89817 20.275 0.118
5667.73285 20.014 0.124
5667.78656 20.315 0.156
5667.83832 20.380 0.144
5667.89283 20.169 0.097
5668.72037 20.226 0.192
5668.77751 20.081 0.175
5668.84401 20.424 0.216
5668.89898 20.248 0.256
5669.73716 20.104 0.159
5669.73945 19.969 0.132
5669.78756 20.213 0.148
5669.83662 20.003 0.122
5669.88841 20.524 0.225
5670.72157 20.300 0.203
5670.76133 20.172 0.164
5670.82524 20.190 0.180
5670.86611 20.302 0.165
5670.90749 20.024 0.147
5671.74350 20.981 0.347
5675.70732 20.359 0.174
5675.74580 20.199 0.173
5675.78364 20.357 0.187
5675.82449 20.342 0.209
5675.89393 20.968 0.309
5676.71036 20.586 0.139
5676.74948 20.040 0.099
5676.78909 20.046 0.108
5676.85366 20.441 0.140
5676.89974 20.071 0.099
5677.70123 19.904 0.116
5677.74654 20.180 0.126
5677.78796 20.159 0.130
5677.83811 20.301 0.155
5677.89048 20.448 0.137
5679.66910 20.041 0.142
5679.70973 20.178 0.132
5679.75117 20.536 0.183
5679.80327 20.297 0.159
5679.85429 20.382 0.140
5679.89461 20.426 0.162
5680.65669 20.444 0.240
5680.69573 20.050 0.156
5680.73445 20.401 0.170
5680.78395 20.111 0.181
5680.83683 19.957 0.101
5680.88076 20.366 0.131
5680.92102 20.089 0.129
5681.68619 19.893 0.122
5681.72435 20.109 0.124
5681.76409 19.946 0.098
5681.82672 20.283 0.149
5681.87140 20.606 0.232
5681.91136 19.975 0.116
5682.67338 19.861 0.126
5682.71517 20.373 0.186
5682.76282 19.990 0.106
5682.81462 20.099 0.131
5682.89482 20.403 0.147
5682.93381 20.157 0.194
5683.69596 20.074 0.130
5683.76666 20.053 0.131
5683.81515 20.121 0.105
5683.87590 20.198 0.120
5683.91676 20.532 0.166
5684.67808 20.305 0.141
5684.72844 20.263 0.134
5684.77934 20.092 0.141
5684.83144 20.040 0.114
5684.88999 20.083 0.124
5684.93018 20.240 0.172
5685.76519 20.549 0.180
5685.80472 20.206 0.102
5685.85701 20.032 0.084
5685.90106 20.465 0.149
5686.65346 20.095 0.154
5686.71542 20.030 0.111
5686.76082 19.973 0.092
5686.81166 20.266 0.116
5686.86186 20.165 0.161
5686.90050 20.472 0.229
5687.65478 19.921 0.146
5687.69855 20.126 0.183
5687.75095 20.130 0.126
5687.79293 20.079 0.109
5687.84521 19.874 0.095
5688.86815 20.490 0.181
5688.92568 20.136 0.213
5689.68797 20.250 0.140
5689.75280 20.076 0.135
5689.80215 20.021 0.092
5690.64054 20.361 0.200
5690.69075 19.954 0.107
5690.74754 19.950 0.147
5690.79204 20.424 0.210
5690.83581 20.518 0.270
5690.90396 20.199 0.220
5691.64786 20.357 0.207
5691.70920 20.087 0.130
5691.75968 20.719 0.236
5691.80397 20.189 0.149
5691.85247 20.362 0.174
5691.90965 19.868 0.128
5692.65117 20.441 0.303
5692.70785 20.015 0.133
5692.75513 19.963 0.110
5692.79309 20.314 0.151
5692.83344 20.283 0.171
5692.87209 20.026 0.123
5692.90976 20.263 0.185
5693.62375 19.930 0.150
5693.66022 20.081 0.138
5693.72961 20.153 0.129
5693.77867 20.103 0.112
5693.81725 20.464 0.149
5693.85542 20.545 0.179
5693.89330 20.059 0.136
5693.93509 20.219 0.222
5694.63646 20.196 0.177
5694.67143 20.134 0.136
5694.73642 20.373 0.201
5694.78397 20.091 0.163
5694.82621 20.335 0.164
5694.86346 20.025 0.123
5694.90107 20.004 0.133
5694.94021 20.958 0.605
5695.64660 20.007 0.160
5695.69494 19.941 0.154
5695.78262 20.013 0.136
5695.82648 20.593 0.195
5695.86561 20.227 0.124
5695.90305 20.042 0.111
5695.94104 20.023 0.211
5696.63107 20.091 0.160
5696.68275 20.194 0.165
5696.73020 20.427 0.196
5696.76944 19.949 0.162
5696.81158 19.836 0.116
5696.85412 20.227 0.181
5696.90448 20.271 0.157
5697.60480 20.413 0.245
5697.64040 20.973 0.349
5697.69801 20.330 0.187
5697.73545 20.240 0.188
5697.77643 20.306 0.207
5697.81794 20.448 0.178
5697.85613 19.965 0.112
5697.90022 20.257 0.166
5697.94065 20.511 0.392
5698.63310 20.042 0.207
5698.68238 19.877 0.185
5698.72133 20.235 0.285
5698.76154 19.985 0.198
5698.80264 20.537 0.271
5698.84236 20.092 0.174
5698.88217 20.568 0.319
5698.92692 19.705 0.179
5702.63473 19.843 0.436
5702.66392 19.700 0.365
5702.75240 19.855 0.312
5702.78285 20.456 0.492
5702.91940 19.805 0.264
5703.68182 20.123 0.278
5703.71339 20.588 0.434
5703.76133 20.041 0.197
5703.83120 20.218 0.255
5705.70937 20.542 0.310
5705.75169 20.157 0.212
5705.79568 19.985 0.175
5705.85369 20.511 0.263
5705.90016 20.139 0.210
5706.58245 20.012 0.269
5706.73870 20.332 0.263
5706.79043 20.172 0.206
5706.85640 20.385 0.215
5707.58869 20.229 0.178
5707.62684 20.279 0.170
5707.68338 19.910 0.112
5707.72153 20.056 0.141
5707.76071 20.226 0.124
5707.80108 20.122 0.138
5707.84052 20.119 0.114
5707.88027 19.908 0.143
5707.92724 20.212 0.209
5708.59659 20.383 0.228
5708.64248 20.370 0.290
5708.69184 20.096 0.139
5708.74098 20.296 0.217
5708.78328 20.239 0.238
5708.83266 19.858 0.116
5708.88050 20.089 0.236
5709.61227 19.706 0.112
5709.62501 19.975 0.139
5710.73306 20.484 0.216
5712.58395 20.467 0.373
5712.66880 19.980 0.118
5712.68141 20.510 0.188
5712.72053 20.406 0.154
5712.76175 20.353 0.140
5712.80309 20.291 0.154
5712.84251 20.197 0.143
5712.90684 20.219 0.210
5713.77117 20.475 0.146
5713.81783 20.334 0.139
5713.85843 20.247 0.180
5714.59797 20.093 0.213
5714.61240 20.355 0.244
5714.68889 19.829 0.110
5715.56226 19.884 0.119
5715.61835 20.100 0.125
5715.67031 20.058 0.115
5715.71219 19.896 0.088
5715.76179 20.116 0.106
5715.80338 20.110 0.110
5715.84556 20.273 0.145
5715.90159 20.169 0.180
5716.58860 20.006 0.203
5716.60126 19.911 0.123
5716.61599 20.126 0.171
5716.62861 19.967 0.141
5716.68903 19.966 0.138
5716.74245 20.407 0.154
5716.78613 20.024 0.111
5716.82522 19.870 0.142
5716.86598 20.079 0.164
5716.91285 19.913 0.193
5721.63134 20.265 0.193
5721.70960 20.403 0.188
5721.77795 19.973 0.104
5721.81711 19.872 0.110
5721.86919 20.233 0.177
5721.90985 19.869 0.228
5722.60266 19.867 0.117
5722.61627 20.216 0.161
5722.65706 19.983 0.115
5722.67065 20.221 0.134
5722.71181 20.230 0.163
5722.77687 20.271 0.138
5722.81641 20.186 0.154
5723.55890 19.899 0.141
5723.60693 20.196 0.156
5723.65435 20.226 0.155
5723.69498 20.238 0.145
5723.73601 20.191 0.135
5723.77446 20.081 0.122
5723.81345 20.279 0.124
5723.85311 20.395 0.182
5724.55352 20.360 0.384
5724.62257 19.997 0.171
5724.63508 19.732 0.153
5724.67317 20.050 0.166
5724.73616 20.398 0.190
5724.78473 20.085 0.161
5724.82542 20.016 0.153
5725.57634 20.206 0.141
5725.58980 20.274 0.143
5725.60327 20.040 0.120
5725.64386 19.982 0.122
5725.65814 19.898 0.109
5725.71062 20.198 0.121
5725.75027 20.232 0.135
5725.79002 20.337 0.164
5726.55121 20.326 0.271
5726.59908 20.129 0.198
5726.63694 19.953 0.156
5726.68445 20.278 0.176
5726.72519 20.105 0.157
5726.76479 20.090 0.211
5726.80971 19.921 0.169
5734.61284 19.959 0.166
5734.68983 20.352 0.214
5734.73790 20.073 0.222
5734.78143 20.348 0.204
5734.83145 19.987 0.181
5734.87402 19.904 0.174
5735.66493 19.701 0.116
5735.73141 19.999 0.112
5735.77425 20.099 0.135
5735.82050 20.085 0.129
5735.86736 19.871 0.151
5736.52244 20.584 0.259
5736.56546 20.104 0.128
5736.60600 20.500 0.145
5736.64974 20.077 0.091
5736.68989 20.005 0.088
5736.77130 20.279 0.115
5736.81865 20.180 0.106
5736.86551 20.035 0.119
5737.50888 20.108 0.227
5737.54877 19.910 0.110
5737.60128 20.008 0.105
5737.64365 20.196 0.099
5737.69851 20.068 0.088
5737.73800 20.035 0.092
5737.77862 20.015 0.107
5737.82536 19.995 0.103
5737.86663 20.268 0.170
5738.57824 19.960 0.108
5738.61893 19.911 0.119
5738.67039 20.172 0.110
5738.72457 20.313 0.144
5738.76429 19.869 0.093
5739.51711 19.820 0.131
5739.55514 19.722 0.104
5739.59343 20.188 0.160
5739.64440 20.176 0.124
5739.70250 20.024 0.121
5739.74060 20.213 0.123
5739.77965 20.146 0.141
5739.82695 19.720 0.100
5739.87621 19.815 0.159
5740.53217 20.387 0.206
5740.57435 20.354 0.255
5740.63570 19.786 0.135
5740.68969 20.112 0.126
5740.73904 20.305 0.140
5740.77793 20.310 0.158
5740.82285 20.138 0.169
5740.86980 20.533 0.287
5741.50971 20.249 0.188
5741.54793 19.728 0.104
5741.59313 20.345 0.157
5741.63100 20.221 0.143
5741.68167 20.201 0.121
5741.73066 20.249 0.123
5741.77176 20.567 0.183
5741.81033 20.158 0.134
5741.84836 20.269 0.135
5741.88713 20.354 0.180
5742.52275 20.172 0.178
5742.56596 20.119 0.142
5742.60421 19.948 0.110
5742.66329 20.055 0.094
5742.70492 20.219 0.119
5742.74350 20.162 0.100
5742.78176 20.357 0.122
5742.81985 20.288 0.119
5742.86001 19.989 0.111
5743.61600 19.978 0.151
5743.65391 20.207 0.177
5743.70733 20.057 0.138
5743.75488 20.101 0.146
5743.79268 19.825 0.120
5743.83061 19.884 0.120
5743.86838 20.446 0.259
5744.51246 20.055 0.190
5744.55032 20.130 0.182
5744.58889 20.018 0.151
5744.62709 20.030 0.138
5744.70244 20.453 0.169
5744.76363 20.002 0.114
5744.80736 20.099 0.135
5744.85289 20.153 0.198
5745.50138 20.656 0.310
5745.54061 19.971 0.173
5745.58740 20.099 0.168
5745.62712 19.790 0.134
5745.68756 19.853 0.104
5745.72592 19.996 0.118
5745.76408 20.116 0.148
5745.80203 19.857 0.136
5746.55873 20.449 0.234
5746.56770 20.222 0.200
5746.60804 20.049 0.124
5746.64873 19.953 0.123
5746.71472 20.591 0.243
5746.75252 20.303 0.194
5746.79488 20.079 0.167
5746.84062 19.680 0.158
5747.60149 20.098 0.209
5747.64488 19.665 0.132
5747.69139 19.984 0.194
5747.73456 19.949 0.158
5747.77875 19.812 0.142
5748.61905 20.311 0.198
5748.67049 19.831 0.112
5749.51454 19.987 0.198
5749.55214 20.123 0.168
5749.58994 20.041 0.133
5749.62994 20.054 0.136
5749.68027 20.054 0.167
5749.71883 20.270 0.195
5749.75704 20.168 0.186
5749.79659 20.217 0.238
5752.55864 19.853 0.157
5753.48576 20.699 0.743
5753.53920 19.664 0.162
5753.64422 19.745 0.258
5753.73919 20.169 0.344
5753.80158 20.015 0.347
5759.82114 20.047 0.216
5760.51714 19.990 0.183
5760.52459 19.803 0.153
5760.57362 19.968 0.176
5760.62557 19.718 0.115
5760.67326 20.573 0.272
5760.72470 20.252 0.185
5760.76296 20.124 0.142
5760.80065 20.199 0.163
5761.59215 20.320 0.159
5762.50071 20.438 0.230
5762.53895 20.459 0.200
5762.57689 20.102 0.172
5762.61849 20.268 0.212
5762.65776 20.049 0.140
5762.69501 19.865 0.119
5762.73325 20.320 0.212
5763.48882 20.193 0.160
5763.53343 20.120 0.114
5763.57490 20.252 0.112
5763.67529 19.830 0.114
5763.72297 20.079 0.136
5763.76069 20.473 0.217
5763.79875 19.883 0.171
5764.49848 20.252 0.146
5764.53808 20.134 0.126
5764.57802 20.287 0.156
5764.62724 20.315 0.140
5764.66877 20.176 0.119
5764.71670 20.229 0.120
5764.78456 20.196 0.154
5765.49671 19.995 0.131
5765.53991 20.157 0.154
5765.60250 20.234 0.117
5765.64887 19.950 0.097
5765.69199 19.972 0.121
5765.73970 20.378 0.198
5766.46993 20.322 0.218
5766.50861 20.713 0.248
5766.56298 20.235 0.171
5766.61264 20.082 0.113
5766.65350 20.231 0.114
5766.69496 20.316 0.167
5766.73841 19.964 0.128
5767.48555 20.006 0.174
5767.53019 20.624 0.275
5767.57310 19.789 0.101
5767.63370 20.168 0.153
5767.69763 19.915 0.126
5767.73998 20.023 0.147
5767.78124 20.265 0.213
5768.48656 20.255 0.170
5768.52642 20.053 0.125
5768.58693 20.001 0.101
5768.63379 20.231 0.122
5768.67840 20.311 0.120
5768.72531 20.225 0.124
5768.76609 20.215 0.160
5769.47077 20.157 0.189
5769.51021 20.099 0.140
5769.56418 19.972 0.108
5769.62196 20.023 0.117
5769.67510 20.094 0.111
5769.72402 20.470 0.184
5769.76621 20.470 0.208
5770.66719 19.921 0.145
5770.75115 20.107 0.139
5775.59346 20.191 0.189
5775.63621 20.208 0.201
5776.52788 19.662 0.148
5776.58916 20.114 0.212
5776.63572 20.119 0.162
5776.70390 19.960 0.133
5776.75212 20.752 0.418
5777.50816 20.427 0.155
5777.55817 20.230 0.122
5777.63429 20.362 0.154
5777.69461 20.095 0.103
5777.75926 20.442 0.162
5778.49184 20.094 0.209
5778.54387 19.923 0.177
5778.59608 19.710 0.126
5779.58421 20.161 0.121
5779.62976 20.178 0.108
5779.68399 20.432 0.221
5779.72498 20.011 0.124
5784.50927 20.251 0.211
5784.60630 20.331 0.189
5784.71668 19.908 0.271
5785.48949 20.142 0.232
5785.56097 20.393 0.296
5785.61159 20.591 0.303
5785.65602 20.588 0.299
5785.69831 20.060 0.186
5786.47875 20.863 0.467
5786.55550 20.718 0.400
5786.59989 20.047 0.149
5786.64292 20.057 0.177
5786.69682 20.044 0.197
5786.74384 19.889 0.198
5787.52016 20.185 0.158
5787.57864 20.063 0.128
5787.62139 20.334 0.171
5787.66217 19.935 0.127
5787.70508 20.281 0.198
5788.47384 20.334 0.277
5788.52922 19.899 0.126
5788.58341 20.440 0.199
5788.62174 19.896 0.124
5788.66439 20.125 0.205
5788.70808 19.966 0.260
5788.74579 19.982 0.227
5790.50954 19.940 0.173
5790.56147 19.807 0.161
5790.60219 20.535 0.285
5790.64108 20.521 0.298
5790.68222 19.989 0.139
5790.72233 20.147 0.167
5791.49008 20.364 0.227
5791.56869 19.590 0.087
5793.49106 20.105 0.172
5793.55658 20.284 0.168
5793.59617 20.326 0.183
5793.63729 19.953 0.122
5793.67654 20.247 0.151
5793.71682 19.952 0.150
5794.49393 20.054 0.161
5794.56189 20.234 0.161
5794.60350 20.211 0.164
5794.64457 20.299 0.165
5794.69014 19.724 0.103
5795.54146 20.200 0.206
5795.61134 20.178 0.248
5795.69826 19.853 0.128
5795.73527 20.290 0.201
5796.51555 20.390 0.161
5796.58513 19.781 0.141
5796.62421 20.197 0.143
5796.66549 20.070 0.129
5796.70697 20.048 0.208
5798.68798 20.360 0.286
5801.50598 19.831 0.113
5801.55894 20.426 0.206
5801.59799 20.132 0.172
5801.67752 20.180 0.203
5802.54795 20.365 0.199
5802.59173 20.106 0.216
5803.52438 20.151 0.178
5804.47747 19.866 0.125
5804.54162 20.134 0.156
5804.58210 19.929 0.131
5804.61988 20.144 0.151
5804.65913 20.252 0.226
5804.70057 20.695 0.290
5805.53240 19.952 0.105
5805.57078 20.395 0.131
5805.61178 20.180 0.153
5805.66019 20.069 0.180
5806.52599 20.207 0.210
5806.59639 20.931 0.454
5807.56630 20.073 0.197
5807.60866 20.150 0.206
5807.64839 20.195 0.211
5812.51145 20.974 0.576
5812.55176 20.446 0.354
5812.59113 19.689 0.166
5812.63374 19.684 0.227
5813.47281 20.059 0.295
5813.53470 20.204 0.171
5813.57490 20.426 0.174
5813.61276 20.108 0.126
5813.65063 20.293 0.170
5815.50633 20.005 0.127
5815.54443 19.980 0.111
5815.59193 20.161 0.130
5815.62979 19.936 0.107
5815.66620 20.276 0.163
5816.51570 20.269 0.147
5816.56315 20.041 0.125
5816.60135 20.247 0.203
5816.64200 19.951 0.228
5817.51689 20.163 0.148
5817.56414 20.330 0.196
5817.60331 20.205 0.219
5817.64301 20.103 0.210
5818.50773 20.430 0.209
5818.54562 19.968 0.146
5818.58354 19.684 0.140
5818.62402 19.877 0.196
5819.49601 20.183 0.166
5819.55426 20.227 0.177
5819.59176 20.166 0.155
5819.63106 20.002 0.142
5820.48458 19.698 0.148
5820.52284 19.774 0.123
5820.56990 20.363 0.201
5820.60774 20.040 0.162
5820.64563 20.242 0.226
5822.53664 19.814 0.142
5822.58162 20.253 0.169
5822.62526 19.825 0.132
5823.51333 20.133 0.228
5823.55669 20.244 0.210
5823.60030 20.203 0.183
5824.47835 19.646 0.188
5824.53725 20.151 0.133
5824.57780 20.329 0.164
5824.61778 19.857 0.126
5825.49733 20.336 0.232
5825.55525 20.167 0.156
5825.59336 20.436 0.201
5826.47817 20.226 0.304
5826.51804 20.865 0.371
5826.56554 19.891 0.145
5826.60468 19.758 0.176
5827.50451 20.442 0.299
5827.54249 20.232 0.241
5827.58497 19.801 0.142
5827.62253 20.052 0.197
5828.51774 20.039 0.122
5828.55574 20.231 0.147
5828.59327 20.122 0.142
5829.47966 19.763 0.186
5829.52868 19.994 0.117
5829.56639 20.042 0.112
5829.60466 20.243 0.145
5830.50361 20.277 0.146
5830.54177 20.693 0.219
5830.57943 19.928 0.138
5831.48191 19.696 0.122
5831.54046 20.089 0.141
5831.57789 19.965 0.122
5831.61360 20.401 0.229
5832.52388 19.986 0.104
5832.56349 19.876 0.121
5832.60173 20.117 0.186
5833.52178 20.076 0.123
5833.56132 20.333 0.171
5833.59926 19.879 0.137
5834.52097 20.130 0.119
5834.55874 20.109 0.130
5834.59490 20.589 0.226
5835.54214 20.011 0.189
5836.50455 20.015 0.220
5836.53777 20.741 0.380
5836.56959 20.394 0.312
5839.49805 20.507 0.336
5839.53650 20.216 0.229
5839.57430 19.672 0.189
5840.47930 20.730 0.839
5840.52832 19.679 0.124
5840.58075 20.229 0.175
5841.48178 19.881 0.317
5841.52252 20.068 0.215
5841.56583 20.225 0.216
5841.60184 19.848 0.169
5842.52378 19.958 0.217
5842.57241 20.035 0.223
5843.48179 20.292 0.409
5843.52551 20.041 0.176
5843.56602 19.892 0.167
5843.60699 19.902 0.172
5844.51044 20.397 0.239
5844.54938 20.453 0.263
5844.58892 20.578 0.441
5845.50987 19.916 0.167
5845.55033 20.249 0.238
5845.59058 19.654 0.222
5846.51352 20.222 0.283
5846.55228 20.031 0.228
5847.54046 19.773 0.226
5850.52457 19.918 0.122
5850.56302 20.103 0.138
5851.51355 20.120 0.169
5851.55133 20.120 0.164
5852.50212 20.265 0.278
5852.54265 20.473 0.319
5854.49034 20.056 0.321
5854.50455 20.241 0.253
5854.51881 20.327 0.313
5854.53361 19.687 0.126
5854.54703 19.958 0.194
5854.55823 20.234 0.284
5855.52552 20.015 0.192
5855.55349 20.322 0.274
5856.52709 20.258 0.272
5857.50734 19.859 0.215
5858.50829 19.966 0.233
5859.50479 20.482 0.291
5859.54075 20.785 0.406
5860.52026 20.304 0.265
5861.51403 20.052 0.195
5862.52146 20.028 0.184
5866.50920 20.187 0.322
5867.51238 19.892 0.166
5868.51373 20.794 0.456
5869.50465 20.605 0.351
5870.50929 19.868 0.140
5873.50507 20.158 0.249
5961.88313 20.036 0.251
5970.87275 20.315 0.187
5971.87412 20.027 0.119
5972.88897 19.835 0.131
5976.87817 20.168 0.127
5977.83779 19.823 0.122
5977.87567 19.984 0.128
5978.84140 19.853 0.116
5978.88597 20.316 0.143
5979.83437 20.361 0.225
5979.87789 19.928 0.124
5980.85929 19.789 0.127
5982.82050 20.085 0.177
5982.86387 19.906 0.109
5983.81917 19.994 0.155
5983.85558 20.028 0.111
5983.90325 19.913 0.120
5984.83777 20.093 0.122
5984.88509 20.261 0.122
5985.82341 19.803 0.132
5985.86002 20.074 0.136
5985.90354 20.092 0.226
5986.83000 20.027 0.133
5986.86838 20.382 0.149
5987.81472 20.282 0.231
5987.84480 20.743 0.243
5987.89424 20.117 0.115
5988.83187 20.263 0.185
5988.87918 19.971 0.100
5989.80489 20.407 0.222
5989.83949 20.083 0.149
5989.88131 20.089 0.192
5990.80773 20.550 0.249
5990.84549 19.874 0.109
5990.88693 20.243 0.150
5991.82056 20.265 0.158
5991.84783 20.202 0.124
5992.80038 19.977 0.151
5992.83756 19.881 0.103
5992.87963 20.357 0.136
5993.79720 20.442 0.324
5993.83500 20.005 0.182
5993.87488 20.189 0.183
5994.80388 20.103 0.184
5994.82924 20.372 0.203
5994.87994 19.989 0.142
5995.79056 19.967 0.141
5995.81189 20.234 0.158
5995.84506 19.764 0.099
5995.89421 20.177 0.136
5996.79867 19.983 0.129
5996.83624 20.553 0.204
5996.88298 20.104 0.100
5997.79408 19.663 0.122
5997.83009 19.964 0.135
5997.87845 20.054 0.129
5997.91616 20.513 0.403
5998.80596 20.138 0.179
5998.85494 20.166 0.148
5998.89623 20.272 0.145
5999.79035 20.232 0.179
5999.83935 20.653 0.244
5999.87728 19.932 0.107
5999.91528 20.193 0.196
6002.80893 20.169 0.271
6002.83886 20.578 0.353
6002.87958 20.551 0.320
6003.86372 20.216 0.205
6004.75964 19.916 0.158
6004.79640 20.048 0.148
6004.85427 20.022 0.134
6004.89191 20.045 0.120
6005.75966 20.494 0.204
6005.80072 20.064 0.118
6005.84926 19.905 0.108
6005.90605 20.098 0.093
6006.77142 19.989 0.103
6006.82429 19.882 0.082
6006.87522 20.175 0.112
6006.91289 20.041 0.122
6007.77724 19.958 0.115
6007.82415 20.144 0.123
6007.87240 20.336 0.152
6007.91001 20.057 0.108
6008.76046 20.077 0.122
6008.79931 20.204 0.131
6008.85777 20.309 0.162
6008.89516 20.007 0.111
6009.75334 20.336 0.152
6009.78772 19.861 0.087
6009.84522 19.954 0.098
6009.88304 20.143 0.112
6009.92088 20.440 0.345
6010.76618 20.029 0.130
6010.81530 20.205 0.112
6010.86523 20.039 0.082
6010.90285 20.133 0.086
6011.74814 19.750 0.119
6011.79537 20.177 0.136
6011.87076 20.226 0.182
6011.90900 20.087 0.168
6012.75390 20.093 0.128
6012.79719 20.096 0.115
6012.84654 20.214 0.115
6012.89365 20.302 0.103
6013.75285 20.183 0.158
6013.79062 19.949 0.097
6013.83173 20.501 0.168
6013.89282 20.309 0.121
6014.72853 20.038 0.145
6014.76760 20.276 0.124
6014.80585 20.052 0.104
6014.86600 20.291 0.162
6014.90527 19.979 0.139
6015.74556 19.936 0.101
6015.78408 20.006 0.089
6015.82279 20.023 0.085
6015.87241 20.067 0.089
6015.91390 20.571 0.181
6016.76414 20.031 0.100
6016.80448 20.474 0.147
6016.86723 19.879 0.091
6016.90763 19.960 0.081
6017.73947 20.332 0.143
6017.77760 20.278 0.111
6017.81590 20.143 0.090
6017.87434 20.207 0.096
6017.91450 20.239 0.111
6018.76597 20.099 0.159
6018.80483 20.389 0.203
6018.84474 19.847 0.085
6018.90979 20.131 0.098
6019.73299 20.106 0.152
6019.77154 19.691 0.096
6019.83014 19.890 0.129
6019.86804 20.307 0.107
6019.90654 20.229 0.111
6020.72500 20.207 0.168
6020.76352 20.180 0.114
6020.81967 19.955 0.095
6020.85847 20.057 0.087
6020.89788 20.198 0.155
6021.70952 19.795 0.165
6021.74628 20.254 0.166
6021.78529 20.269 0.152
6021.82391 20.028 0.101
6021.88225 20.335 0.130
6021.92271 20.116 0.151
6022.73382 19.996 0.132
6022.77210 19.835 0.100
6022.81034 20.201 0.124
6022.86786 20.346 0.153
6022.90993 20.088 0.108
6023.72785 20.143 0.175
6023.76776 20.197 0.137
6023.80835 20.416 0.192
6023.84847 20.250 0.146
6023.91297 20.627 0.221
6024.71342 20.392 0.248
6024.75370 20.484 0.227
6024.79275 20.157 0.168
6024.85521 20.057 0.115
6024.90504 19.768 0.102
6025.71103 20.077 0.223
6025.75152 19.774 0.151
6025.79133 19.783 0.118
6025.84457 20.043 0.173
6025.89612 20.017 0.140
6029.83917 19.848 0.159
6029.91400 19.887 0.126
6031.75463 20.128 0.154
6031.79453 20.256 0.150
6031.83403 19.902 0.115
6031.87573 19.859 0.155
6031.93475 20.640 0.596
6032.71124 20.675 0.251
6032.74932 20.062 0.109
6032.80735 19.926 0.101
6032.84821 20.084 0.116
6032.88976 20.161 0.100
6032.92988 19.999 0.193
6033.72626 20.224 0.175
6033.77137 19.881 0.117
6033.84239 20.301 0.169
6033.88137 19.955 0.110
6033.92286 19.845 0.167
6034.72130 20.034 0.104
6034.76904 20.220 0.099
6034.82448 20.293 0.109
6034.91400 20.418 0.173
6035.85288 20.000 0.119
6035.92219 20.221 0.146
6036.72583 20.104 0.096
6036.76985 20.006 0.104
6036.84620 20.316 0.100
6036.90064 19.923 0.091
6037.71170 20.055 0.142
6037.75233 20.180 0.148
6037.79602 19.786 0.091
6037.86714 20.141 0.112
6037.90763 20.118 0.133
6038.72063 20.222 0.166
6038.76223 19.945 0.134
6038.82745 19.846 0.082
6038.87257 20.345 0.134
6038.92317 20.355 0.172
6039.74372 20.221 0.207
6039.78995 20.142 0.153
6039.85012 20.334 0.153
6039.89454 20.054 0.115
6039.93279 20.462 0.303
6040.76104 20.222 0.158
6040.80293 20.135 0.123
6040.86601 20.024 0.113
6040.90716 20.329 0.156
6041.70900 19.900 0.151
6041.75374 19.723 0.136
6041.79795 20.092 0.111
6041.85945 20.401 0.164
6041.90003 20.098 0.113
6045.89454 20.064 0.114
6045.93219 20.223 0.171
6046.90577 20.100 0.113
6047.67881 20.202 0.164
6047.71794 20.257 0.143
6047.75744 20.095 0.097
6047.79701 20.113 0.113
6047.87014 20.121 0.117
6047.91147 20.113 0.124
6048.68552 20.097 0.112
6048.72466 20.578 0.192
6048.77681 20.418 0.146
6048.82698 20.264 0.136
6048.87101 20.153 0.132
6048.91569 20.150 0.129
6049.69453 20.222 0.124
6049.74733 20.089 0.094
6049.80647 20.569 0.125
6049.84645 19.996 0.095
6049.88815 20.153 0.118
6049.92734 20.389 0.151
6050.68333 20.104 0.152
6050.72256 19.858 0.111
6050.79224 20.800 0.235
6050.83253 20.226 0.147
6050.87162 20.249 0.138
6050.91037 20.137 0.147
6051.65583 20.207 0.186
6051.74191 20.000 0.110
6052.66803 19.966 0.148
6052.70612 20.721 0.286
6052.76370 19.840 0.107
6052.80283 20.112 0.132
6052.84332 20.117 0.136
6052.88297 20.279 0.181
6052.92135 19.837 0.114
6053.65926 20.644 0.308
6053.69962 19.982 0.170
6053.73738 20.351 0.169
6053.79474 20.316 0.149
6053.84803 20.111 0.151
6053.89143 20.290 0.192
6053.93047 20.140 0.177
6054.88884 20.577 0.242
6057.67711 19.853 0.259
6057.73910 20.474 0.474
6057.77237 19.914 0.214
6057.81005 20.423 0.298
6057.83741 20.108 0.230
6057.87032 20.203 0.233
6057.90175 20.280 0.256
6057.91676 20.183 0.241
6057.93500 20.330 0.270
6058.67589 19.943 0.150
6058.71591 20.226 0.164
6058.75523 20.302 0.151
6058.79929 19.996 0.112
6058.84593 20.352 0.158
6058.88758 19.975 0.116
6058.92606 20.433 0.246
6059.68384 20.223 0.142
6059.72229 19.997 0.121
6059.76053 20.202 0.160
6059.81037 20.113 0.108
6059.85966 20.452 0.159
6059.89862 20.126 0.120
6059.93768 20.293 0.196
6060.81089 20.374 0.155
6061.69900 19.997 0.132
6061.73782 19.984 0.106
6061.79875 20.094 0.112
6061.83880 20.148 0.125
6061.87668 20.009 0.142
6061.91547 19.996 0.138
6062.66445 20.331 0.171
6062.70694 20.091 0.141
6062.74629 20.211 0.161
6062.79591 20.069 0.136
6062.84709 20.069 0.131
6062.88541 19.949 0.119
6062.92339 20.514 0.264
6063.77512 19.917 0.152
6063.81625 19.786 0.101
6063.86484 20.057 0.123
6063.91208 19.806 0.097
6064.66271 20.382 0.158
6064.73886 20.057 0.087
6064.80057 20.058 0.089
6064.84229 19.926 0.099
6064.88478 19.914 0.098
6064.92324 20.068 0.127
6065.63373 20.177 0.176
6065.67188 20.024 0.125
6065.71038 20.045 0.109
6065.77112 20.105 0.115
6065.81250 19.961 0.108
6065.85964 20.422 0.181
6066.63620 20.297 0.149
6066.67413 19.928 0.106
6066.71214 20.086 0.106
6066.76254 20.067 0.097
6066.81656 20.206 0.138
6066.85719 20.290 0.131
6066.89741 20.291 0.129
6066.93559 20.145 0.117
6067.62045 20.148 0.136
6067.66109 20.053 0.108
6067.69916 20.196 0.126
6067.74810 20.279 0.118
6067.79936 20.328 0.162
6067.83828 20.130 0.113
6067.87713 20.470 0.163
6067.91496 20.144 0.113
6068.60916 20.795 0.373
6068.66430 20.095 0.118
6068.71103 20.113 0.104
6068.76319 20.071 0.094
6068.83892 20.268 0.120
6068.88366 20.081 0.104
6068.92768 20.117 0.123
6069.60301 20.007 0.140
6069.66350 20.570 0.196
6069.70338 19.942 0.092
6069.74288 20.297 0.114
6069.81006 20.119 0.110
6069.85175 20.237 0.101
6069.89231 20.174 0.106
6069.93041 20.261 0.136
6070.61264 20.331 0.234
6070.65078 20.158 0.174
6070.69055 20.363 0.146
6070.72881 20.089 0.101
6070.77761 20.261 0.139
6070.82763 20.251 0.132
6070.86753 20.183 0.126
6070.90600 20.275 0.144
6070.94518 19.903 0.221
6071.61263 19.929 0.095
6071.65183 20.437 0.147
6071.69148 20.332 0.140
6071.73021 20.155 0.100
6071.79356 20.229 0.150
6071.83342 20.276 0.145
6071.87151 20.308 0.150
6071.90947 20.318 0.276
6075.59544 20.338 0.134
6075.63482 20.138 0.126
6075.67325 20.653 0.156
6075.71472 20.405 0.146
6075.77889 20.355 0.121
6075.81736 20.151 0.103
6075.85644 20.147 0.110
6076.58820 20.281 0.148
6076.62644 19.862 0.106
6076.67664 20.032 0.127
6076.72380 20.146 0.108
6076.77235 20.131 0.121
6076.81136 20.198 0.127
6076.85356 20.432 0.175
6076.90001 20.115 0.182
6076.94422 20.071 0.233
6077.74396 20.281 0.163
6077.79815 20.433 0.167
6077.84563 20.600 0.160
6077.88921 20.144 0.144
6077.92792 20.141 0.136
6078.60996 20.613 0.233
6078.64773 20.383 0.186
6078.68611 20.030 0.117
6078.73621 20.147 0.119
6078.79018 20.260 0.137
6078.82843 19.990 0.108
6078.87254 20.485 0.182
6078.91068 20.835 0.271
6079.58448 20.157 0.130
6079.62374 19.934 0.107
6079.66171 20.311 0.139
6079.71509 20.154 0.119
6079.77533 20.018 0.119
6079.81449 20.099 0.123
6079.86515 20.121 0.098
6079.90503 20.350 0.163
6079.94380 19.929 0.173
6080.59418 19.898 0.153
6080.63233 20.345 0.227
6080.67531 20.222 0.141
6080.72065 19.917 0.091
6080.76074 19.950 0.110
6080.80003 20.058 0.115
6080.85735 20.161 0.143
6080.89828 20.107 0.126
6080.94007 20.072 0.143
6081.58992 19.912 0.184
6081.62773 19.755 0.120
6081.66877 20.045 0.137
6081.71414 20.089 0.120
6081.75343 20.184 0.159
6081.80816 19.958 0.112
6081.85141 19.795 0.114
6081.89004 19.699 0.121
6081.93803 19.948 0.203
6082.62170 20.988 0.584
6082.66085 20.015 0.289
6082.71157 19.677 0.180
6082.78286 20.362 0.338
6082.82724 20.239 0.273
6082.86424 20.092 0.250
6082.90893 19.933 0.265
6085.58502 20.295 0.237
6085.63491 20.268 0.194
6085.67117 20.044 0.138
6085.71274 19.876 0.195
6085.75802 19.908 0.129
6085.79680 20.080 0.169
6085.83566 19.718 0.173
6085.87547 20.300 0.440
6085.91582 20.446 0.300
6086.56840 19.957 0.154
6086.60881 20.424 0.228
6086.65192 20.056 0.135
6086.69089 20.214 0.126
6086.75402 19.983 0.097
6086.79231 20.052 0.131
6086.83710 20.218 0.152
6086.88420 20.262 0.225
6086.92558 19.964 0.199
6087.58787 20.287 0.173
6087.72486 20.130 0.187
6087.78124 19.920 0.113
6087.83226 20.049 0.140
6088.56010 20.258 0.184
6088.59794 20.188 0.135
6088.63632 20.305 0.131
6088.67410 20.012 0.097
6089.64018 20.007 0.111
6089.74009 20.121 0.136
6089.79046 19.938 0.116
6089.85159 20.106 0.145
6089.92665 19.930 0.156
6092.59629 20.014 0.126
6092.67471 20.296 0.151
6092.80415 19.831 0.103
6092.87370 19.957 0.148
6093.54906 20.237 0.186
6093.59063 20.037 0.125
6093.62869 19.969 0.120
6093.66668 20.372 0.189
6093.72716 20.167 0.118
6093.78912 20.027 0.129
6093.82912 20.054 0.160
6093.86768 19.772 0.119
6094.60261 20.190 0.201
6094.64011 19.863 0.122
6094.67760 20.164 0.158
6094.72743 20.036 0.145
6094.77463 20.113 0.147
6094.81366 20.142 0.140
6094.85290 20.432 0.268
6094.90286 20.369 0.279
6096.60135 19.890 0.118
6096.64694 20.536 0.204
6096.68627 20.220 0.161
6096.76089 20.262 0.176
6096.80022 19.736 0.120
6096.84110 20.417 0.200
6096.88322 20.176 0.208
6097.66528 20.372 0.180
6097.72852 19.986 0.137
6097.77687 20.084 0.161
6097.81467 20.020 0.140
6097.85232 20.157 0.157
6097.89269 19.679 0.130
6098.58147 20.362 0.243
6098.62116 20.366 0.197
6098.65875 20.136 0.162
6098.71014 19.966 0.139
6098.76041 20.087 0.138
6098.80091 20.243 0.145
6098.83965 19.978 0.131
6098.87758 19.905 0.153
6099.62820 19.757 0.144
6099.72867 20.159 0.230
6099.83785 20.260 0.234
6100.54093 20.786 0.378
6100.59901 20.108 0.174
6100.63632 20.391 0.168
6100.68446 20.277 0.123
6100.73550 20.061 0.110
6100.77338 19.775 0.153
6100.82379 20.268 0.207
6100.86167 20.922 0.420
6100.89971 20.333 0.232
6101.53779 20.389 0.176
6101.57558 19.914 0.136
6101.61363 19.918 0.112
6101.65318 20.420 0.139
6101.70545 20.418 0.149
6101.75327 19.944 0.089
6101.79253 20.320 0.154
6101.83590 19.752 0.129
6102.50095 20.311 0.314
6102.53991 20.899 0.344
6102.58783 20.227 0.163
6102.63550 20.316 0.155
6102.67451 20.003 0.122
6102.71505 20.205 0.125
6102.75298 20.084 0.107
6102.79309 20.497 0.158
6102.83357 20.241 0.184
6102.87261 19.743 0.125
6103.51542 19.926 0.163
6103.55474 20.310 0.168
6103.59443 20.221 0.169
6103.64528 20.416 0.150
6103.69430 19.753 0.098
6103.80062 20.720 0.228
6103.84883 19.782 0.115
6104.51680 20.678 0.228
6104.55469 20.334 0.129
6104.59228 20.171 0.117
6104.62831 20.128 0.107
6104.67779 20.151 0.084
6104.71984 20.052 0.084
6104.75861 20.349 0.124
6104.79824 20.248 0.113
6104.84427 20.115 0.145
6104.88376 19.999 0.138
6105.51751 20.165 0.188
6105.55546 19.809 0.159
6105.60377 20.099 0.127
6105.66721 19.956 0.114
6105.70755 19.902 0.111
6105.74718 20.162 0.158
6106.56682 19.946 0.151
6106.65101 20.379 0.218
6108.51747 19.651 0.135
6108.55618 20.821 0.346
6108.60668 20.296 0.239
6108.64770 20.044 0.134
6108.70257 20.190 0.141
6108.74046 20.112 0.123
6108.78099 20.304 0.155
6108.82298 19.855 0.136
6108.86034 19.891 0.116
6109.68043 20.628 0.346
6109.71683 20.660 0.243
6109.75470 20.049 0.183
6109.79756 20.293 0.232
6109.83770 20.507 0.305
6113.53391 20.306 0.261
6113.57620 20.171 0.192
6113.61384 19.968 0.145
6113.65501 20.237 0.195
6113.69577 19.858 0.133
6113.73469 20.637 0.288
6113.77245 20.255 0.163
6113.81030 20.086 0.151
6113.84891 19.938 0.165
6113.85986 20.276 0.316
6114.58450 20.616 0.342
6114.62053 19.983 0.160
6114.66991 20.100 0.180
6114.71831 20.092 0.131
6114.75593 20.008 0.135
6114.79497 20.273 0.168
6114.83648 20.495 0.275
6115.48172 20.060 0.160
6115.52095 20.115 0.138
6115.55824 20.272 0.154
6115.60845 20.190 0.137
6115.66500 20.094 0.154
6115.70889 20.361 0.222
6115.77406 20.185 0.187
6116.47984 20.065 0.138
6116.52141 19.971 0.106
6116.56150 19.897 0.091
6116.60964 20.337 0.119
6116.65784 20.271 0.131
6116.69626 20.161 0.123
6116.74352 20.305 0.151
6116.78229 20.274 0.150
6116.82276 20.062 0.136
6117.50176 20.011 0.148
6117.53920 20.341 0.195
6117.57654 20.089 0.128
6117.62839 20.434 0.163
6117.67925 19.997 0.113
6117.71808 20.624 0.215
6117.75723 19.993 0.131
6117.79473 19.873 0.114
6117.83274 20.443 0.214
6118.49179 20.625 0.268
6118.53004 20.011 0.128
6118.57033 20.374 0.146
6118.62064 20.118 0.111
6118.67627 20.441 0.155
6118.71825 20.111 0.103
6118.75703 19.994 0.106
6118.79424 20.450 0.167
6118.83191 20.209 0.146
6119.48005 20.820 0.344
6119.51926 20.073 0.141
6119.55946 20.487 0.252
6119.60677 19.891 0.110
6119.65879 20.070 0.115
6119.69755 19.992 0.099
6119.72491 20.440 0.162
6119.76446 19.934 0.120
6119.80275 20.912 0.346
6120.50816 20.406 0.235
6120.54766 20.397 0.219
6120.60265 20.079 0.118
6120.66371 19.986 0.104
6120.70293 20.125 0.138
6120.74435 20.153 0.120
6120.79006 20.095 0.117
6120.82981 19.749 0.154
6121.49999 20.177 0.117
6121.53772 20.366 0.138
6121.57529 20.271 0.102
6121.64259 20.235 0.112
6121.68064 20.369 0.106
6121.70681 20.329 0.126
6121.74489 20.094 0.089
6121.78443 20.159 0.100
6123.51264 19.962 0.178
6123.55107 20.382 0.206
6123.59817 20.249 0.143
6123.64910 19.964 0.104
6123.68863 20.184 0.121
6123.72638 19.947 0.110
6123.76761 20.415 0.190
6123.80660 20.250 0.169
6124.48557 20.591 0.263
6124.52598 20.193 0.155
6124.58527 20.086 0.131
6124.65645 19.842 0.101
6124.69708 20.384 0.146
6124.73650 20.325 0.135
6124.77783 20.430 0.199
6124.81828 20.604 0.260
6125.54000 19.962 0.122
6125.58995 20.244 0.142
6125.65723 20.197 0.148
6125.69986 20.136 0.127
6125.74390 20.162 0.122
6125.78576 19.918 0.114
6125.82798 20.477 0.237
6126.52874 20.299 0.203
6126.57488 20.135 0.182
6126.62073 20.456 0.189
6126.69062 20.134 0.141
6126.73551 20.257 0.151
6127.47757 19.888 0.150
6127.52049 20.241 0.161
6127.56435 20.309 0.203
6127.65740 20.306 0.137
6127.75352 19.932 0.124
6128.54072 20.101 0.111
6128.58014 19.702 0.077
6128.62905 20.010 0.089
6128.67957 20.680 0.228
6129.65883 19.925 0.085
6130.71473 20.628 0.238
6131.50428 19.758 0.115
6131.55133 20.147 0.166
6131.66288 20.443 0.200
6131.73133 20.299 0.166
6132.55356 20.140 0.162
6132.63944 19.930 0.130
6132.68714 20.155 0.165
6132.76164 19.989 0.118
6133.53749 20.133 0.206
6133.58326 20.227 0.177
6133.63949 20.223 0.171
6133.69125 20.840 0.281
6133.74048 19.790 0.108
6134.50590 20.086 0.228
6134.55068 20.436 0.242
6134.59195 20.472 0.270
6134.66023 19.675 0.109
6134.71212 19.964 0.183
6135.49018 20.198 0.209
6135.53316 20.141 0.174
6135.59245 20.322 0.189
6135.65964 20.185 0.179
6135.70866 20.115 0.127
6135.75607 20.442 0.183
6135.79692 20.263 0.195
6136.50273 20.202 0.268
6136.70520 19.944 0.137
6140.49330 20.944 0.600
6140.53273 19.496 0.151
6140.58328 19.941 0.175
6140.63402 20.558 0.264
6140.67321 19.811 0.180
6140.71636 19.734 0.391
6140.75613 20.097 0.316
6141.48093 20.251 0.267
6141.52013 19.887 0.123
6141.55816 20.366 0.210
6141.60862 20.296 0.223
6141.65577 20.176 0.169
6141.69485 19.927 0.141
6141.73486 19.985 0.168
6141.77315 19.975 0.197
6142.53326 20.608 0.325
6142.57575 19.606 0.139
6142.68241 20.716 0.464
6143.71058 20.169 0.259
6147.50308 20.368 0.199
6147.56355 20.091 0.124
6147.60576 19.943 0.138
6147.64705 19.714 0.118
6147.70089 20.495 0.283
6148.49507 20.151 0.106
6148.53328 20.503 0.143
6148.59327 20.285 0.117
6148.63709 20.323 0.133
6148.67899 19.918 0.088
6149.55829 19.944 0.119
6149.60360 20.206 0.156
6150.48135 20.150 0.187
6150.53431 20.395 0.184
6150.58657 19.947 0.137
6150.63684 20.859 0.283
6150.67675 19.864 0.122
6151.53816 19.930 0.157
6151.57927 19.916 0.134
6151.61968 20.012 0.142
6151.65918 20.419 0.187
6151.70058 20.421 0.210
6151.73868 20.417 0.188
6152.50987 19.926 0.119
6152.54823 20.106 0.130
6152.60234 20.246 0.135
6152.65284 20.108 0.120
6153.69167 20.293 0.190
6154.49845 19.788 0.097
6154.53845 19.986 0.121
6154.60772 20.337 0.166
6154.69115 19.874 0.122
6157.64600 19.850 0.120
6157.68935 20.297 0.195
6158.48623 20.021 0.116
6158.53666 20.464 0.157
6158.58713 19.969 0.125
6158.62896 19.930 0.107
6158.66840 20.102 0.130
6158.70786 20.434 0.183
6159.49371 20.377 0.223
6159.54839 20.143 0.161
6159.58961 20.649 0.238
6159.66067 20.294 0.213
6159.71149 20.396 0.258
6160.51748 20.316 0.140
6160.58927 19.818 0.085
6160.63081 19.963 0.110
6160.67092 19.949 0.113
6160.72379 20.324 0.172
6161.51332 19.927 0.156
6161.55476 20.221 0.189
6161.60544 20.056 0.143
6161.67794 20.045 0.162
6164.49075 19.662 0.104
6164.55373 19.960 0.168
6164.59245 20.751 0.366
6164.64954 20.623 0.308
6166.53403 20.784 0.423
6166.61093 20.277 0.191
6166.68598 20.476 0.357
6167.52559 21.017 0.380
6167.57518 20.154 0.215
6167.66737 20.535 0.484
6168.52259 20.345 0.146
6168.57833 20.274 0.134
6168.64871 20.129 0.137
6168.68838 20.620 0.214
6169.52929 19.867 0.128
6169.57969 20.015 0.120
6169.62014 19.891 0.125
6169.65999 20.104 0.157
6169.69776 19.815 0.178
6171.53350 20.061 0.141
6171.58254 20.204 0.161
6171.62420 19.895 0.134
6171.67127 20.315 0.206
6172.49244 20.250 0.099
6172.54376 20.104 0.120
6172.59279 19.992 0.097
6172.63270 20.239 0.136
6172.67471 20.030 0.158
6174.59847 19.813 0.154
6174.63234 19.955 0.183
6175.49558 20.263 0.149
6175.54393 19.883 0.128
6175.58221 20.215 0.157
6175.62055 19.750 0.116
6175.66705 20.301 0.225
6179.49837 19.656 0.125
6179.55727 19.936 0.153
6179.59902 19.913 0.186
6179.63986 20.088 0.185
6179.67434 20.635 0.405
6180.51995 20.103 0.172
6180.57373 20.935 0.311
6180.61462 20.140 0.180
6180.65143 20.056 0.196
6181.47991 20.031 0.165
6181.53443 20.204 0.135
6181.57287 20.106 0.119
6181.61527 20.381 0.160
6182.48101 20.390 0.243
6182.53584 20.152 0.139
6182.58416 19.946 0.109
6182.62876 19.950 0.134
6182.66356 20.105 0.165
6183.51771 20.176 0.124
6183.56856 20.354 0.129
6183.61890 19.692 0.094
6184.49837 20.211 0.152
6184.57258 19.989 0.082
6184.61986 20.161 0.137
6185.48270 20.124 0.122
6185.54028 20.149 0.110
6185.58075 20.297 0.133
6185.62701 19.905 0.105
6186.50521 20.253 0.178
6186.56224 19.745 0.118
6186.60793 19.779 0.106
6190.50223 19.931 0.141
6190.55913 20.254 0.146
6190.59962 20.003 0.110
6191.49916 19.917 0.151
6191.55494 20.310 0.186
6191.59764 19.918 0.130
6191.64089 20.105 0.130
6195.51624 20.322 0.167
6195.55689 20.161 0.146
6195.59555 20.070 0.143
6195.63342 20.071 0.169
6196.51533 20.013 0.155
6196.55390 19.941 0.142
6196.59325 20.891 0.349
6196.63047 20.439 0.270
6197.51701 20.004 0.172
6197.55566 19.883 0.147
6197.59642 20.160 0.226
6198.56203 19.884 0.159
6199.52608 20.226 0.262
6200.59545 20.263 0.322
6200.61860 20.454 0.346
6202.57519 20.075 0.251
6203.51478 20.494 0.283
6203.56556 20.960 0.441
6203.60617 20.469 0.438
6204.51904 20.104 0.150
6204.55767 20.010 0.138
6204.59549 19.810 0.142
6205.49897 20.498 0.223
6205.54191 20.113 0.123
6205.57994 20.042 0.129
6208.51158 20.296 0.211
6209.57537 19.752 0.153
6210.51291 20.165 0.157
6210.55106 20.153 0.156
6210.59020 19.744 0.123
6211.51442 19.968 0.111
6211.55670 20.683 0.213
6211.59512 19.933 0.138
6212.51382 19.906 0.118
6212.55268 20.385 0.174
6212.58650 19.834 0.113
6213.50264 20.247 0.200
6213.52082 20.200 0.167
6213.55861 19.962 0.173
6214.50438 20.615 0.232
6214.51267 20.272 0.171
6214.55401 19.943 0.153
6214.57898 19.654 0.120
6215.52945 19.827 0.193
6216.49231 19.878 0.158
6216.52465 20.052 0.150
6216.56351 20.084 0.144
6217.49222 20.042 0.123
6217.51922 20.131 0.119
6217.55731 19.893 0.098
6218.48918 20.053 0.234
6218.49418 20.263 0.184
6218.53258 20.196 0.260
6218.57077 19.870 0.160
6219.49406 20.272 0.261
6219.52699 19.970 0.128
6219.56566 20.110 0.207
6221.50304 19.570 0.220
6221.52275 19.557 0.186
6223.50705 19.658 0.161
6223.58063 20.276 0.262
6225.55066 19.749 0.217
6226.53151 20.202 0.292
6227.51351 20.151 0.199
6231.51695 19.960 0.210
6232.52417 20.220 0.266
6233.51423 19.831 0.179
6233.53458 20.066 0.198
6234.52084 19.718 0.154
6238.50076 19.792 0.291
6238.53246 20.158 0.227
6239.50311 19.667 0.261
6241.50560 19.835 0.382
6242.50620 19.936 0.282
6329.87740 19.958 0.185
6330.88234 20.010 0.197
6331.88590 19.624 0.233
6334.87499 19.703 0.088
6335.85484 20.414 0.184
6337.85527 20.768 0.253
6337.86638 20.505 0.278
6337.88831 20.063 0.128
6338.84491 20.486 0.218
6338.87755 19.786 0.113
6338.88849 20.002 0.127
6339.87122 20.003 0.098
6340.85104 20.413 0.161
6340.88138 20.215 0.129
6341.88791 20.616 0.245
6341.88977 19.913 0.149
6343.84332 20.447 0.256
6343.88907 19.753 0.117
6344.82289 19.906 0.083
6344.84475 20.612 0.186
6344.88520 20.102 0.115
6344.89498 20.719 0.243
6345.82702 20.117 0.103
6345.86210 20.217 0.148
6345.88993 20.035 0.112
6347.82119 20.416 0.188
6347.82538 21.229 0.434
6347.86532 20.232 0.145
6347.90231 21.269 0.424
6348.81689 20.173 0.151
6348.84818 20.053 0.121
6348.88764 20.100 0.119
6348.89258 20.276 0.157
6349.82557 21.196 0.433
6349.86361 21.054 0.481
6349.90314 20.180 0.275
6350.81685 19.801 0.121
6350.84782 20.255 0.180
6350.85915 20.034 0.125
6350.89185 20.015 0.104
6350.89661 20.712 0.265
6351.81473 19.697 0.120
6351.85104 20.136 0.157
6351.86113 19.679 0.087
6351.89449 19.955 0.107
6351.90278 20.011 0.175
6352.81386 19.940 0.124
6352.82947 20.720 0.226
6352.85074 19.900 0.108
6352.86051 20.483 0.170
6352.87497 20.278 0.125
6352.88930 20.014 0.101
6352.89396 19.819 0.097
6352.90345 20.057 0.164
6353.79461 20.081 0.136
6353.81839 20.163 0.121
6353.82580 20.458 0.197
6353.83562 20.609 0.204
6353.85041 20.546 0.191
6353.87522 20.265 0.115
6353.88261 20.873 0.249
6353.89208 20.232 0.119
6353.90616 20.289 0.184
6354.77387 20.136 0.178
6354.83678 19.941 0.100
6354.85101 20.247 0.134
6354.85577 20.966 0.285
6354.86688 20.286 0.140
6354.86868 20.000 0.089
6354.88249 20.002 0.079
6354.89643 20.420 0.105
6354.90027 20.346 0.109
6355.82006 19.506 0.068
6355.90135 20.730 0.409
6355.90406 19.887 0.078
6358.82389 20.089 0.114
6358.85991 19.934 0.118
6359.89559 20.139 0.148
6360.78937 20.561 0.091
6360.79035 20.730 0.086
6360.79117 19.525 0.025
6360.82040 20.293 0.127
6360.86787 20.160 0.106
6361.80545 20.052 0.106
6361.84330 20.314 0.146
6361.88425 20.368 0.167
6362.78601 20.334 0.083
6362.81634 19.925 0.115
6362.86736 20.236 0.136
6362.87994 20.148 0.137
6363.79571 20.106 0.147
6363.83860 19.737 0.093
6363.89540 20.303 0.137
6367.85611 19.972 0.077
6367.89450 20.509 0.143
6368.79241 20.068 0.114
6368.84568 19.996 0.129
6368.88543 20.446 0.154
6369.77219 20.214 0.155
6369.81253 20.031 0.106
6369.86440 20.149 0.109
6369.91078 20.214 0.153
6370.79321 19.982 0.092
6370.84243 20.422 0.166
6370.88522 20.045 0.105
6371.76734 19.742 0.090
6371.80675 20.224 0.135
6371.85548 19.992 0.088
6371.89777 20.195 0.105
6372.76023 19.867 0.110
6372.80902 20.130 0.116
6372.84824 20.247 0.126
6372.89130 20.082 0.108
6373.76865 20.632 0.283
6373.82283 20.341 0.143
6373.86229 19.875 0.107
6373.90188 19.951 0.118
6374.76770 20.362 0.229
6374.81722 20.661 0.207
6374.85761 20.153 0.142
6374.89844 20.106 0.123
6375.76536 20.431 0.157
6375.81422 19.927 0.094
6375.83246 20.297 0.135
6375.87241 20.153 0.114
6375.91321 20.095 0.118
6376.77616 20.328 0.152
6376.82852 20.203 0.123
6376.86769 20.150 0.120
6376.91011 20.051 0.093
6377.79070 19.986 0.090
6377.84043 20.056 0.087
6377.88125 20.645 0.136
6378.74784 19.959 0.137
6378.78698 20.217 0.125
6378.83570 20.278 0.114
6378.87703 19.982 0.087
6378.91668 20.033 0.112
6379.77162 19.644 0.093
6379.82079 19.833 0.099
6379.86030 20.007 0.122
6379.90614 19.960 0.093
6380.76129 20.366 0.144
6380.79971 19.884 0.092
6380.82267 20.025 0.106
6380.86293 20.358 0.155
6380.91003 20.030 0.102
6381.76356 19.929 0.110
6381.81804 20.079 0.103
6381.85682 20.225 0.104
6381.89673 19.740 0.076
6382.76336 19.728 0.200
6382.80176 20.811 0.303
6382.84093 20.128 0.149
6382.88162 20.268 0.207
6386.75647 19.973 0.142
6386.80745 19.970 0.114
6386.85345 20.261 0.138
6386.90496 20.135 0.165
6387.72725 19.637 0.102
6387.76939 20.422 0.164
6387.81372 20.314 0.148
6387.85267 20.020 0.103
6387.89446 20.107 0.146
6388.72933 19.908 0.125
6388.79181 20.154 0.115
6388.83096 20.004 0.099
6388.90444 19.807 0.089
6389.71209 20.123 0.170
6389.76863 19.867 0.101
6389.80984 20.153 0.111
6389.84831 20.227 0.148
6389.88786 19.935 0.101
6390.71262 19.773 0.109
6390.75272 20.331 0.141
6390.79453 20.158 0.113
6390.83898 20.044 0.110
6390.88388 20.222 0.129
6390.92444 20.488 0.268
6391.72905 20.144 0.213
6391.78005 20.549 0.255
6391.81996 19.938 0.139
6391.87285 20.328 0.211
6393.70406 19.821 0.127
6393.73970 19.837 0.115
6393.79231 19.956 0.142
6393.84504 20.139 0.129
6393.88490 20.233 0.183
6394.70433 20.340 0.266
6394.74676 20.373 0.190
6394.80812 20.278 0.164
6394.84676 20.065 0.165
6395.71176 20.721 0.289
6395.76026 20.019 0.103
6395.80989 20.022 0.099
6395.84841 19.825 0.077
6395.88968 20.125 0.096
6396.69731 19.899 0.104
6396.74433 20.163 0.105
6396.78228 20.300 0.099
6396.83418 20.147 0.095
6396.87574 20.200 0.091
6396.91683 20.107 0.108
6397.71041 20.260 0.127
6397.76111 19.930 0.083
6397.80813 19.988 0.101
6397.84792 19.964 0.086
6397.88648 20.186 0.106
6397.92530 20.266 0.165
6398.71712 20.605 0.171
6398.76801 20.204 0.119
6398.81751 20.065 0.105
6398.85718 20.152 0.121
6398.89846 20.261 0.127
6399.68474 19.975 0.161
6399.72364 20.310 0.130
6399.76177 20.045 0.115
6399.81970 20.046 0.117
6399.85803 20.494 0.193
6400.68039 20.232 0.184
6400.72905 20.438 0.158
6400.79364 20.554 0.192
6400.84952 19.961 0.103
6400.89747 20.257 0.142
6401.69520 19.924 0.157
6401.74238 20.153 0.115
6401.78397 20.036 0.098
6401.83128 20.033 0.110
6401.87299 20.043 0.095
6401.91131 19.963 0.097
6402.70459 20.270 0.173
6402.74246 20.287 0.178
6402.78962 19.948 0.113
6402.83833 19.882 0.123
6402.87837 20.392 0.182
6402.91786 20.105 0.225
6403.70800 20.187 0.125
6403.74558 20.167 0.118
6403.78488 20.067 0.095
6403.83182 20.238 0.111
6403.87173 20.010 0.104
6403.92844 20.454 0.198
6404.72765 19.990 0.113
6404.81632 20.964 0.260
6404.85546 20.005 0.100
6404.90430 20.228 0.143
6405.81678 19.994 0.166
6405.85929 20.103 0.108
6405.90137 20.334 0.115
6406.75587 20.197 0.242
6406.81916 19.848 0.183
6406.87442 20.123 0.199
6406.92119 19.922 0.088
6407.69893 19.847 0.139
6407.73672 19.931 0.164
6407.77493 19.903 0.113
6407.81439 20.090 0.150
6407.86429 19.768 0.111
6407.91249 20.158 0.169
6408.76757 20.112 0.246
6408.80743 20.249 0.201
6409.78260 20.300 0.251
6409.82640 20.068 0.203
6409.88219 19.672 0.142
6409.92032 19.853 0.139
6415.70562 19.783 0.147
6415.76065 19.972 0.141
6415.80127 19.783 0.155
6415.84467 20.074 0.172
6415.90258 20.347 0.156
6416.64290 20.123 0.170
6416.68766 19.878 0.136
6416.75091 20.113 0.125
6416.78909 19.930 0.094
6416.83941 19.957 0.099
6416.90456 19.939 0.095
6417.67585 19.611 0.123
6417.71333 19.898 0.143
6417.75154 20.180 0.149
6417.79841 20.066 0.113
6417.83922 20.060 0.130
6417.88719 20.073 0.126
6417.92660 20.384 0.164
6418.64961 20.122 0.168
6418.68722 20.280 0.158
6418.72470 19.842 0.100
6418.76222 20.274 0.132
6418.80023 20.495 0.162
6418.85134 20.007 0.088
6418.89875 20.206 0.112
6418.93714 20.129 0.172
6419.69828 20.258 0.137
6419.73640 20.218 0.141
6419.77508 19.957 0.138
6419.82570 20.043 0.113
6419.86499 20.268 0.166
6419.91218 20.850 0.249
6420.64039 20.299 0.134
6420.67822 19.960 0.091
6420.71610 20.117 0.114
6420.75189 20.174 0.102
6420.81029 20.228 0.084
6420.85019 20.242 0.099
6420.89881 19.960 0.082
6421.81956 19.925 0.110
6421.87914 20.105 0.145
6421.93211 19.915 0.150
6422.72407 19.890 0.100
6422.76180 20.070 0.107
6422.83435 20.526 0.313
6422.93268 20.661 0.411
6423.68152 19.853 0.112
6423.73884 20.488 0.257
6423.80084 20.039 0.116
6423.84143 20.173 0.147
6423.88006 20.024 0.126
6423.91842 20.068 0.132
6424.64102 20.189 0.153
6424.68156 20.270 0.140
6424.73142 19.918 0.100
6424.79040 19.824 0.074
6424.83484 20.963 0.246
6424.87636 20.188 0.125
6424.93223 20.099 0.132
6426.63931 20.047 0.131
6426.67999 20.004 0.121
6426.77519 20.294 0.137
6426.83850 20.590 0.172
6426.87960 19.791 0.096
6426.92035 20.199 0.134
6427.88947 20.511 0.192
6428.63081 20.303 0.205
6428.67408 20.495 0.225
6428.72151 20.010 0.118
6428.77259 20.219 0.142
6428.82620 20.525 0.239
6428.86917 19.824 0.098
6428.90967 20.334 0.187
6429.62307 19.399 0.084
6431.61242 21.123 0.590
6431.66993 19.859 0.136
6431.71962 19.929 0.130
6431.77079 20.302 0.161
6431.81424 20.009 0.120
6431.85460 19.909 0.117
6431.89520 19.699 0.095
6431.93632 19.954 0.170
6432.65123 20.090 0.159
6432.69467 20.107 0.147
6432.74485 20.852 0.315
6432.79529 20.049 0.140
6432.83590 20.049 0.138
6432.87640 20.347 0.194
6432.91695 20.319 0.144
6433.60197 20.160 0.227
6433.64053 19.849 0.127
6433.68135 20.892 0.354
6433.73099 20.570 0.291
6433.78238 19.988 0.141
6434.60185 20.284 0.314
6434.68103 20.460 0.224
6434.73211 20.248 0.171
6434.78298 20.103 0.118
6434.82524 20.726 0.266
6434.86542 20.329 0.145
6434.91438 20.030 0.133
6435.62917 20.423 0.218
6435.67121 19.910 0.123
6435.71344 20.089 0.140
6435.77328 20.226 0.123
6435.81569 20.096 0.125
6435.85913 20.058 0.128
6435.90238 20.376 0.161
6435.94251 20.002 0.181
6436.61524 20.217 0.206
6436.65811 20.096 0.161
6436.70015 19.888 0.119
6436.75241 20.056 0.136
6436.80621 20.409 0.181
6436.84760 20.122 0.141
6436.88939 19.965 0.131
6436.93135 20.815 0.315
6437.72181 19.763 0.227
6437.74711 20.045 0.198
6437.82599 19.681 0.150
6437.86178 20.344 0.279
6437.90372 19.898 0.200
6441.63630 19.677 0.204
6441.65436 20.102 0.295
6441.69283 19.969 0.212
6441.76314 20.576 0.265
6441.81658 19.802 0.145
6441.85906 20.519 0.333
6441.90150 20.421 0.294
6441.94620 20.735 0.539
6442.59746 19.920 0.126
6442.63765 20.510 0.188
6442.67769 20.432 0.168
6442.72734 19.989 0.105
6442.78146 19.869 0.092
6442.82207 20.429 0.140
6442.86178 20.255 0.121
6442.90163 19.867 0.116
6442.94172 19.953 0.183
6443.61090 20.748 0.374
6443.65985 19.726 0.153
6443.73314 20.571 0.347
6443.79827 19.906 0.178
6444.65131 19.932 0.242
6444.73423 19.713 0.114
6444.80056 20.599 0.203
6444.84164 20.241 0.154
6444.88167 20.547 0.230
6444.93248 19.946 0.134
6445.61230 19.672 0.111
6445.65688 20.188 0.140
6445.71394 19.876 0.107
6445.76131 20.002 0.114
6445.81830 20.405 0.171
6445.86357 20.608 0.233
6445.91117 19.827 0.158
6446.55742 20.328 0.154
6446.60198 20.270 0.134
6446.64435 20.294 0.134
6446.69398 20.482 0.140
6446.74934 20.095 0.108
6446.79200 20.422 0.125
6446.83412 20.178 0.103
6446.90020 20.290 0.152
6446.94074 19.813 0.119
6447.57924 20.316 0.172
6447.61830 20.119 0.135
6447.65827 20.058 0.124
6447.70852 20.455 0.160
6447.76369 20.505 0.165
6447.80552 20.422 0.157
6447.84559 20.278 0.142
6447.88612 20.377 0.150
6447.92676 20.054 0.122
6448.56488 19.827 0.132
6448.60829 20.896 0.293
6448.64864 20.395 0.180
6448.68978 20.457 0.194
6448.75000 20.378 0.148
6448.79267 20.339 0.131
6448.83456 20.272 0.131
6448.87519 20.221 0.171
6448.91745 20.694 0.335
6449.56336 19.990 0.143
6449.60831 20.118 0.126
6449.65159 20.336 0.179
6449.69185 19.884 0.101
6449.74332 20.800 0.258
6449.79396 20.325 0.160
6449.83527 20.393 0.174
6449.87578 20.257 0.181
6449.91870 19.719 0.150
6450.55028 20.078 0.176
6450.60153 20.743 0.249
6450.64417 20.052 0.116
6450.69395 20.149 0.100
6450.74392 20.167 0.092
6450.78532 20.325 0.134
6450.82635 20.566 0.163
6450.87202 20.208 0.141
6450.91584 20.414 0.194
6451.56158 19.800 0.178
6451.60702 20.350 0.175
6451.64746 20.090 0.146
6451.68995 20.474 0.167
6451.75138 20.246 0.145
6451.79215 20.392 0.166
6451.83290 20.580 0.194
6451.87359 20.215 0.154
6451.91601 20.078 0.171
6452.56382 20.136 0.129
6452.61137 20.243 0.123
6452.65217 20.143 0.108
6452.70508 20.125 0.098
6452.79894 20.230 0.100
6452.84657 20.370 0.132
6452.88783 20.587 0.174
6454.54103 19.900 0.154
6454.57821 20.251 0.167
6454.62114 20.263 0.140
6454.66162 20.039 0.124
6454.71239 20.243 0.112
6454.76483 20.548 0.166
6454.80598 20.120 0.139
6454.84647 20.347 0.196
6454.88750 20.230 0.147
6455.53701 19.809 0.142
6455.57833 20.663 0.219
6455.68410 20.671 0.268
6455.75268 20.365 0.201
6456.54632 20.185 0.117
6456.58724 20.257 0.094
6456.62838 20.274 0.105
6456.67919 20.343 0.101
6456.73205 20.206 0.099
6456.77352 20.071 0.093
6456.81418 20.195 0.128
6456.89011 20.196 0.125
6457.69757 20.293 0.117
6457.76042 20.357 0.115
6457.80156 19.959 0.089
6457.84295 20.154 0.127
6457.88345 19.959 0.121
6458.54102 20.645 0.290
6458.58492 20.327 0.212
6458.62661 20.454 0.211
6458.66722 20.225 0.144
6458.71823 20.253 0.190
6458.76993 20.295 0.140
6458.81101 20.068 0.101
6458.85182 19.968 0.113
6458.89637 20.232 0.191
6459.53887 20.013 0.156
6459.57830 20.266 0.165
6459.62118 20.113 0.131
6459.66323 20.215 0.125
6459.72813 20.356 0.116
6459.77000 20.268 0.126
6459.81098 20.399 0.147
6459.85208 20.304 0.135
6459.89279 20.073 0.147
6460.59098 20.051 0.131
6460.64179 19.813 0.105
6460.71584 20.259 0.151
6460.79026 19.899 0.135
6460.88651 20.059 0.129
6461.56705 20.091 0.144
6461.60877 20.425 0.190
6461.65032 20.216 0.166
6461.69920 19.891 0.153
6461.76535 20.474 0.178
6461.82054 20.226 0.126
6461.86993 20.046 0.114
6462.58816 20.559 0.368
6462.63872 20.147 0.152
6462.68965 20.310 0.167
6462.81779 19.963 0.123
6462.85869 19.883 0.131
6462.89891 20.559 0.322
6463.55217 20.074 0.165
6463.59173 20.155 0.182
6463.63265 20.013 0.150
6463.68425 20.100 0.132
6463.74160 20.497 0.202
6463.78278 20.165 0.149
6463.82427 20.130 0.147
6463.86485 20.234 0.182
6464.56065 20.667 0.380
6464.60048 20.358 0.223
6464.68352 19.941 0.145
6464.74006 20.695 0.282
6464.79157 19.827 0.128
6464.83306 19.889 0.126
6464.87585 20.065 0.164
6468.55752 20.053 0.174
6468.59852 20.054 0.185
6468.63948 20.634 0.327
6468.70867 20.135 0.184
6468.75263 20.334 0.211
6468.81243 20.567 0.265
6469.54029 19.908 0.142
6469.58074 19.876 0.148
6469.62083 19.914 0.127
6469.68427 19.974 0.123
6469.72789 20.193 0.165
6469.76820 20.477 0.183
6469.84109 19.606 0.194
6471.57650 19.939 0.179
6471.63542 20.000 0.148
6471.83698 20.559 0.440
6472.60271 20.237 0.195
6472.64223 20.120 0.169
6472.69483 20.410 0.172
6472.74661 19.963 0.113
6472.78723 20.239 0.182
6472.82783 19.693 0.137
6473.53654 19.911 0.149
6473.57772 20.129 0.156
6473.61982 20.250 0.117
6473.66084 20.425 0.144
6473.72292 20.283 0.135
6473.76360 20.143 0.118
6473.80446 19.995 0.123
6473.84486 19.984 0.141
6473.88017 20.198 0.231
6474.56678 20.459 0.215
6474.61212 19.972 0.148
6474.65249 20.564 0.246
6474.69662 20.579 0.231
6474.75752 20.198 0.229
6474.79778 20.619 0.278
6474.83798 20.125 0.200
6474.87710 21.107 0.629
6475.51547 19.952 0.135
6475.55862 20.211 0.186
6475.60760 20.097 0.134
6475.66910 20.222 0.119
6475.71990 20.129 0.146
6475.76029 20.201 0.153
6475.80237 20.238 0.155
6475.84269 19.932 0.172
6476.48589 19.957 0.191
6476.52715 19.654 0.131
6476.56787 19.895 0.141
6476.60890 19.911 0.150
6476.67373 20.300 0.171
6476.71585 20.719 0.231
6476.75645 20.281 0.139
6476.79703 20.518 0.178
6476.83782 20.621 0.318
6477.52053 20.155 0.155
6477.56139 20.026 0.131
6477.60225 20.025 0.135
6477.65418 20.313 0.169
6477.70892 20.132 0.144
6477.74959 20.488 0.204
6477.79021 20.367 0.244
6478.51517 19.770 0.126
6478.55844 19.775 0.133
6478.59852 20.135 0.135
6478.65187 19.859 0.141
6478.80281 19.919 0.202
6479.59369 20.034 0.123
6479.63530 20.104 0.122
6479.68925 20.396 0.210
6479.74757 20.143 0.171
6479.81727 20.233 0.203
6480.56008 20.204 0.171
6480.60068 20.822 0.291
6480.65159 20.126 0.133
6480.70354 19.908 0.136
6480.74398 20.377 0.218
6480.78441 19.495 0.098
6480.82617 20.111 0.196
6481.49749 20.024 0.183
6481.53880 20.219 0.174
6481.58238 19.743 0.100
6481.64021 19.867 0.128
6481.74089 19.732 0.109
6481.78345 20.021 0.132
6481.82587 20.637 0.368
6482.76474 20.336 0.194
6482.80038 19.826 0.176
6483.60963 20.519 0.182
6483.81207 19.756 0.155
6484.48168 20.006 0.153
6484.52207 20.110 0.155
6484.56281 20.166 0.159
6485.49860 20.245 0.156
6485.54523 20.764 0.269
6485.60145 19.951 0.123
6485.68932 20.489 0.158
6485.73050 19.651 0.073
6485.77783 20.337 0.143
6485.82180 20.487 0.213
6486.50098 20.145 0.158
6486.54241 20.286 0.173
6486.58862 20.468 0.192
6486.65804 20.083 0.125
6486.70977 20.206 0.143
6486.75562 20.342 0.170
6486.83228 21.056 0.363
6487.49919 20.375 0.168
6487.54209 20.009 0.153
6487.58791 20.237 0.130
6487.65114 20.433 0.153
6487.70165 20.154 0.095
6487.74535 20.345 0.127
6487.79071 20.134 0.092
6489.50742 20.204 0.162
6489.54935 20.330 0.196
6489.59229 19.939 0.117
6489.65178 20.236 0.165
6489.70371 20.113 0.144
6489.74597 20.160 0.154
6489.80717 20.707 0.341
6490.48046 20.223 0.165
6490.52140 20.651 0.223
6490.56205 20.199 0.155
6490.62006 20.468 0.182
6490.66733 20.065 0.122
6490.70806 20.114 0.110
6490.74875 20.499 0.180
6491.46828 20.366 0.261
6491.51132 19.810 0.133
6491.55630 20.910 0.343
6491.61655 20.228 0.163
6491.68788 20.190 0.147
6491.73016 20.362 0.154
6491.77247 20.441 0.191
6491.81557 20.769 0.333
6492.50028 20.303 0.242
6492.54680 20.080 0.174
6492.59707 19.853 0.121
6492.66201 20.107 0.213
6492.70082 20.286 0.185
6492.73388 19.827 0.135
6492.77765 20.266 0.244
6496.52600 20.229 0.250
6496.56596 19.563 0.139
6496.62657 19.994 0.201
6497.57038 20.697 0.322
6497.61195 20.143 0.209
6497.66646 20.106 0.211
6497.71414 20.206 0.208
6497.75524 20.640 0.323
6497.79416 20.025 0.179
6498.49868 20.136 0.118
6498.54173 20.301 0.140
6498.58656 19.907 0.091
6498.63563 20.269 0.136
6498.67837 20.291 0.145
6498.72186 19.817 0.108
6498.76403 19.928 0.147
6499.46944 19.968 0.152
6499.51281 20.258 0.159
6499.55563 20.092 0.116
6500.52539 20.118 0.209
6500.56931 19.802 0.139
6500.66638 20.561 0.259
6500.71024 19.688 0.134
6501.53651 20.126 0.163
6501.60534 20.496 0.182
6501.65171 20.407 0.140
6501.69324 20.215 0.121
6501.73675 20.160 0.179
6501.77953 19.825 0.177
6504.63420 20.594 0.241
6504.67982 19.775 0.091
6504.72230 20.436 0.207
6505.47382 19.920 0.158
6505.53360 19.951 0.131
6505.57818 20.285 0.183
6505.64954 20.119 0.147
6505.69049 20.130 0.149
6505.73338 20.115 0.159
6505.77409 19.762 0.169
6506.56696 19.834 0.153
6506.64736 21.014 0.435
6506.70820 20.496 0.261
6506.75010 19.715 0.150
6507.63827 20.131 0.190
6507.70722 20.019 0.208
6507.75825 20.458 0.360
6508.51662 20.158 0.125
6508.56799 20.569 0.218
6508.61611 20.080 0.111
6508.65821 19.997 0.099
6508.69984 20.080 0.119
6508.75976 20.233 0.153
6509.52125 20.374 0.132
6509.58174 20.206 0.100
6509.62369 20.197 0.104
6509.66536 20.241 0.112
6509.70670 19.862 0.091
6509.74931 19.879 0.126
6510.48771 20.369 0.132
6510.55048 20.015 0.105
6510.59728 20.190 0.098
6510.63999 20.229 0.115
6510.70988 20.254 0.154
6510.75385 20.095 0.209
6511.52002 20.295 0.176
6511.59849 20.166 0.158
6511.65319 20.547 0.189
6511.70294 20.374 0.153
6511.75574 20.517 0.205
6512.74872 20.233 0.242
6514.51877 20.034 0.148
6514.59146 20.135 0.121
6514.65695 20.658 0.196
6514.71213 20.189 0.121
6515.47558 20.394 0.165
6515.54345 19.937 0.105
6515.60912 19.980 0.101
6515.67296 20.006 0.091
6515.75215 20.242 0.156
6516.51865 20.368 0.228
6516.60097 20.467 0.191
6516.65282 20.155 0.136
6518.48845 19.982 0.123
6518.56037 19.857 0.084
6518.61365 19.973 0.099
6518.66057 20.452 0.146
6518.70877 20.549 0.171
6519.49419 20.047 0.125
6519.56654 19.963 0.104
6519.61501 20.169 0.112
6519.66654 20.025 0.111
6519.71393 20.367 0.188
6523.50229 20.593 0.259
6523.54022 20.165 0.166
6523.57660 19.922 0.107
6523.61564 20.130 0.157
6523.65633 19.919 0.139
6523.69773 20.121 0.235
6524.51917 20.256 0.142
6524.56785 19.787 0.095
6524.61600 20.077 0.128
6524.66461 20.069 0.163
6525.52196 20.157 0.187
6525.56986 20.954 0.410
6525.62193 19.891 0.200
6525.67220 20.388 0.289
6526.66362 19.890 0.136
6526.69436 20.071 0.174
6527.62367 20.364 0.381
6529.55193 19.900 0.154
6529.59554 19.814 0.122
6529.63811 20.418 0.231
6531.50506 20.254 0.183
6531.58101 20.436 0.165
6531.62854 20.197 0.171
6531.67657 20.296 0.173
6532.50662 20.273 0.186
6532.61064 20.381 0.154
6532.67201 20.208 0.171
6533.52214 19.750 0.106
6533.59266 19.851 0.112
6533.65377 20.243 0.157
6534.54572 19.956 0.118
6534.59664 19.902 0.117
6534.63692 20.157 0.151
6535.52851 19.999 0.182
6536.47599 20.518 0.276
6536.56783 20.085 0.094
6536.61833 20.427 0.164
6538.48705 20.517 0.249
6538.51426 20.321 0.138
6538.56694 20.098 0.138
6538.60933 20.435 0.182
6539.51626 19.965 0.104
6539.56181 19.782 0.112
6539.61969 20.749 0.248
6541.51223 20.640 0.230
6541.57201 20.131 0.115
6541.61769 20.409 0.135
6543.51937 20.782 0.338
6543.57016 20.278 0.143
6543.61533 19.541 0.101
6543.65571 20.359 0.204
6544.55775 20.004 0.117
6544.60158 20.107 0.153
6545.51467 20.097 0.113
6545.55662 20.116 0.117
6545.60520 20.046 0.111
6545.64754 20.036 0.121
6546.54157 19.903 0.198
6546.59377 20.366 0.260
6547.56684 20.926 0.498
6551.55904 20.012 0.236
6552.55289 20.363 0.251
6553.58581 20.040 0.195
6555.58419 20.479 0.232
6555.63577 19.907 0.289
6556.64677 20.359 0.281
6558.52447 20.181 0.121
6558.56504 19.910 0.105
6558.61795 19.835 0.147
6559.51033 19.964 0.151
6559.56413 20.135 0.154
6559.61722 20.128 0.183
6560.52478 20.330 0.171
6560.56845 19.942 0.126
6560.62427 19.904 0.136
6561.52884 20.386 0.199
6561.56925 20.179 0.180
6562.52769 20.572 0.230
6562.57478 19.936 0.107
6562.61826 19.936 0.116
6563.54348 20.723 0.330
6563.58946 21.092 0.424
6563.62700 20.247 0.228
6564.52239 20.267 0.198
6564.56393 20.099 0.151
6565.49105 20.815 0.373
6565.53514 20.149 0.154
6565.58915 20.130 0.157
6567.53127 20.118 0.217
6567.57406 19.590 0.125
6568.51872 20.618 0.368
6568.56052 20.487 0.238
6568.60784 19.793 0.142
6569.51932 19.963 0.099
6569.56032 19.970 0.106
6569.60143 20.203 0.159
6570.53783 20.400 0.201
6571.48448 20.362 0.318
6571.54515 19.914 0.151
6571.59436 20.883 0.398
6572.57632 20.103 0.172
6573.49824 20.424 0.218
6573.53896 20.211 0.159
6573.58563 20.022 0.141
6577.52216 20.685 0.445
6577.56596 20.441 0.336
6578.50471 19.894 0.156
6578.55907 20.572 0.295
6579.48444 19.894 0.314
6579.54368 19.985 0.194
6580.50644 20.258 0.266
6581.50319 20.006 0.161
6581.56006 19.793 0.140
6582.51483 20.226 0.204
6582.56724 20.402 0.233
6583.52405 20.131 0.228
6583.56307 20.463 0.385
6584.51978 20.427 0.317
6584.56491 19.714 0.195
6585.52179 19.937 0.196
6585.56312 20.081 0.254
6590.51780 20.328 0.240
6590.54504 20.201 0.199
6593.50776 20.754 0.331
6593.51260 20.547 0.269
6594.50642 20.594 0.356
6600.50299 20.061 0.279
