2125.60234 18.734 0.095
2129.67982 18.839 0.063
2132.62124 18.810 0.064
2136.52544 18.807 0.102
2141.53648 18.777 0.061
2144.62762 18.883 0.075
2160.59482 18.810 0.095
2175.63207 18.424 0.112
2187.59168 18.778 0.108
2206.56084 18.747 0.130
2332.85602 19.002 0.222
2347.82080 18.851 0.069
2357.84778 18.806 0.066
2372.83562 18.786 0.068
2383.78793 18.817 0.056
2386.87952 18.655 0.063
2391.84577 18.927 0.102
2397.73639 18.852 0.064
2401.81624 18.851 0.072
2403.89383 18.772 0.066
2405.87645 18.754 0.070
2415.87441 18.519 0.076
2424.80566 18.776 0.068
2428.83439 18.888 0.073
2432.84854 18.572 0.097
2434.71959 18.817 0.073
2436.78014 18.813 0.063
2438.74286 18.853 0.065
2441.71964 18.794 0.057
2445.62201 18.752 0.057
2448.62945 18.811 0.094
2455.68383 18.850 0.062
2459.60408 18.499 0.043
2463.53572 18.779 0.069
2466.68406 18.899 0.076
2468.62625 18.825 0.061
2470.62922 18.792 0.076
2472.66633 18.675 0.068
2481.54939 18.736 0.108
2484.61500 18.767 0.103
2486.70704 18.680 0.088
2490.67362 18.842 0.085
2493.63684 18.894 0.077
2495.70703 18.760 0.066
2498.50153 18.914 0.063
2500.53576 18.896 0.077
2502.55824 18.836 0.074
2508.65863 18.823 0.090
2512.60470 18.780 0.079
2517.60089 18.851 0.071
2520.57379 18.752 0.064
2526.66256 18.833 0.067
2538.48573 18.821 0.085
2542.51918 18.844 0.091
2547.58059 18.478 0.060
2552.48619 18.652 0.092
2556.57113 18.569 0.097
2563.57410 18.742 0.081
2575.51719 18.862 0.104
2707.85340 18.760 0.081
2714.89398 18.669 0.058
2729.82290 18.809 0.073
2733.90762 18.854 0.079
2744.90632 18.795 0.049
2753.88155 18.837 0.068
2757.77828 18.838 0.072
2760.89244 18.890 0.083
2767.78295 18.812 0.088
2770.83438 18.744 0.071
2783.71504 18.812 0.055
2785.81890 18.679 0.067
2786.81197 18.789 0.095
2790.67367 18.735 0.052
2793.63052 18.469 0.071
2796.81604 18.724 0.056
2797.92091 18.795 0.067
2809.70918 18.792 0.070
2810.88357 18.768 0.085
2812.70689 18.899 0.090
2813.79820 18.754 0.063
2814.73796 18.846 0.077
2816.59080 18.817 0.062
2818.57743 18.837 0.071
2820.78178 18.795 0.070
2826.74732 18.741 0.067
2835.63054 18.843 0.104
2837.62780 18.799 0.085
2839.67441 19.145 0.138
2841.70653 18.801 0.069
2843.62938 18.761 0.070
2845.64730 18.711 0.070
2850.51228 18.938 0.089
2852.52761 18.762 0.094
2854.52818 18.778 0.076
2856.71705 18.621 0.099
2858.67441 18.833 0.065
2859.59501 18.757 0.086
2863.56158 18.777 0.083
2865.66369 18.806 0.078
2867.70748 18.816 0.068
2871.64911 18.832 0.062
2876.61211 18.696 0.067
2878.66229 18.814 0.076
2884.64551 18.915 0.086
2892.68135 18.592 0.106
2895.65548 18.661 0.057
2898.66219 18.671 0.092
2904.58830 18.455 0.080
2909.61343 18.793 0.074
2918.53513 18.677 0.088
2930.56356 18.679 0.078
3058.88682 18.831 0.068
3064.80729 18.825 0.105
3067.88077 18.910 0.062
3070.84230 18.509 0.075
3073.79777 18.828 0.094
3075.83635 18.805 0.078
3079.88094 18.839 0.077
3082.85421 18.858 0.066
3084.89233 18.881 0.056
3086.82583 18.767 0.049
3088.78335 18.782 0.052
3089.89258 18.777 0.052
3091.81277 18.820 0.060
3096.85092 18.819 0.082
3098.83141 18.794 0.055
3100.78671 18.961 0.081
3101.89841 18.818 0.064
3103.76319 18.693 0.069
3104.87399 18.857 0.213
3106.81954 18.794 0.088
3108.75577 18.785 0.061
3109.79067 18.770 0.052
3110.82233 18.828 0.076
3111.85351 18.826 0.066
3112.77118 18.867 0.059
3113.86093 18.895 0.059
3114.77251 18.713 0.056
3115.85351 18.700 0.047
3116.91137 18.746 0.066
3118.91508 18.819 0.066
3122.89848 18.835 0.084
3125.85874 18.865 0.083
3126.88438 18.894 0.074
3127.78988 18.847 0.068
3128.80823 18.848 0.063
3129.78642 18.942 0.121
3130.68631 18.883 0.090
3131.87682 19.081 0.125
3135.85117 18.798 0.059
3137.92667 18.742 0.069
3138.68939 18.841 0.075
3139.86069 18.772 0.055
3140.86642 18.823 0.066
3142.75475 18.836 0.058
3144.77562 18.802 0.063
3146.77142 18.768 0.070
3151.73825 18.810 0.072
3151.89094 18.867 0.081
3152.74154 18.781 0.064
3153.74628 18.871 0.085
3154.80785 18.800 0.078
3156.82649 18.741 0.067
3158.89822 18.712 0.099
3162.80254 18.875 0.080
3163.61192 18.866 0.066
3164.72416 18.799 0.058
3165.74499 18.837 0.055
3166.89016 18.647 0.090
3167.74283 18.790 0.075
3168.73824 18.780 0.060
3169.71410 18.846 0.070
3170.79163 18.840 0.051
3171.81429 18.866 0.054
3172.74133 18.973 0.057
3173.88697 18.823 0.101
3174.69766 18.738 0.049
3175.70702 18.802 0.046
3177.71242 18.863 0.095
3178.77131 18.939 0.073
3179.78101 18.738 0.059
3180.70942 18.842 0.048
3182.76088 18.736 0.056
3183.72940 18.736 0.069
3184.68675 18.862 0.052
3185.73999 18.995 0.087
3193.52556 18.729 0.072
3194.58425 18.923 0.097
3195.63157 18.758 0.049
3195.78925 18.839 0.055
3196.53466 18.826 0.083
3197.50220 18.852 0.067
3199.61197 18.791 0.073
3201.50381 18.897 0.083
3202.55828 18.829 0.061
3203.64756 18.807 0.054
3204.64102 18.878 0.056
3205.74957 18.799 0.051
3206.70658 18.729 0.060
3207.65522 18.951 0.087
3209.70024 18.950 0.100
3210.53401 18.838 0.074
3211.57247 18.882 0.070
3217.64111 18.846 0.071
3218.63938 18.822 0.093
3219.58723 18.698 0.091
3224.68618 18.838 0.061
3226.60348 18.616 0.068
3228.58996 18.815 0.065
3229.62241 18.788 0.058
3230.65606 18.816 0.062
3231.55939 18.840 0.082
3232.58726 18.954 0.099
3238.60836 18.789 0.080
3239.68712 19.056 0.104
3240.66827 19.003 0.105
3241.64322 18.712 0.096
3245.54303 18.775 0.072
3246.64675 18.768 0.080
3247.61288 18.796 0.086
3249.51486 18.854 0.077
3250.64758 18.879 0.081
3253.51176 18.777 0.067
3256.62464 18.598 0.068
3257.56183 18.870 0.056
3259.61146 18.671 0.074
3264.52165 18.759 0.075
3267.52074 18.519 0.060
3272.57610 18.813 0.082
3274.61673 18.615 0.094
3278.58804 18.612 0.072
3281.57266 18.502 0.054
3288.53456 18.772 0.063
3293.50515 18.725 0.059
3295.51532 18.687 0.054
3299.51777 18.784 0.060
3314.52270 18.654 0.113
3409.88843 18.749 0.080
3413.87972 19.009 0.100
3421.88590 18.969 0.065
3422.85584 18.960 0.078
3426.85138 19.043 0.091
3429.82455 18.807 0.092
3432.87681 18.783 0.064
3442.87922 18.728 0.052
3445.79205 18.600 0.047
3447.84265 18.820 0.070
3449.85526 18.700 0.051
3452.87587 18.798 0.054
3455.81016 18.916 0.087
3455.83864 18.989 0.105
3455.88237 18.762 0.065
3455.89635 18.907 0.081
3455.91514 18.749 0.063
3456.77028 18.738 0.074
3456.84406 18.841 0.058
3456.90510 18.842 0.064
3456.91136 18.777 0.055
3457.75716 18.714 0.073
3457.84365 18.866 0.066
3457.89907 18.893 0.072
3458.75281 18.854 0.084
3458.81112 18.742 0.060
3458.86038 18.851 0.063
3458.91546 18.877 0.069
3459.75647 18.570 0.076
3459.83548 18.798 0.059
3459.83881 18.806 0.065
3459.91057 18.897 0.071
3467.86873 18.744 0.050
3469.77463 18.828 0.058
3470.78758 18.787 0.055
3471.93081 18.925 0.148
3472.75003 18.652 0.053
3473.76981 18.929 0.071
3474.76646 18.832 0.066
3475.79201 18.787 0.054
3476.90292 18.746 0.043
3477.75388 18.828 0.057
3479.75273 18.915 0.056
3480.71285 18.718 0.055
3481.73079 18.996 0.081
3482.67311 18.732 0.070
3496.71037 18.727 0.061
3497.78194 18.830 0.080
3498.90360 18.760 0.062
3499.85304 18.688 0.046
3500.71926 18.691 0.057
3501.81572 18.843 0.054
3502.63116 18.755 0.071
3502.78735 18.985 0.059
3503.63988 18.764 0.062
3503.80144 18.815 0.054
3504.67613 18.909 0.077
3504.79299 18.816 0.056
3506.73442 18.722 0.047
3508.74353 18.722 0.066
3509.62925 18.727 0.069
3510.79108 18.831 0.060
3511.67847 18.812 0.064
3512.69957 18.807 0.074
3517.67646 18.675 0.099
3520.75171 18.899 0.091
3521.70891 18.923 0.061
3522.73697 18.828 0.045
3522.92817 18.930 0.080
3523.74148 18.847 0.043
3524.88663 18.731 0.065
3525.73986 18.776 0.052
3526.74332 18.927 0.061
3528.66416 18.564 0.046
3529.68655 18.859 0.047
3530.60162 18.769 0.052
3537.68593 18.782 0.071
3538.60380 18.950 0.087
3539.60702 18.719 0.063
3540.64428 18.788 0.064
3544.71934 18.727 0.061
3546.83844 18.705 0.084
3547.80268 18.819 0.082
3550.62640 18.963 0.072
3551.62520 18.921 0.054
3552.65933 18.964 0.067
3553.71169 19.131 0.113
3554.64707 18.928 0.084
3555.65915 18.703 0.064
3556.66650 18.899 0.065
3558.52171 18.916 0.089
3558.82044 18.894 0.070
3559.69040 18.854 0.064
3560.59169 18.727 0.051
3561.53954 18.872 0.073
3562.58018 18.936 0.080
3563.63082 18.792 0.044
3564.56865 18.728 0.065
3569.55402 18.864 0.076
3572.80956 18.811 0.101
3573.64044 18.827 0.082
3574.68036 18.896 0.080
3575.52785 18.804 0.056
3575.76448 18.802 0.065
3577.58191 18.794 0.057
3578.66649 18.781 0.056
3579.61195 18.815 0.057
3580.64517 18.922 0.063
3581.66505 18.859 0.052
3582.63687 18.817 0.056
3583.62730 18.783 0.056
3583.74719 18.474 0.066
3584.63598 18.851 0.051
3584.75064 18.908 0.073
3585.62632 18.756 0.049
3586.71144 18.808 0.048
3589.66499 18.757 0.042
3590.64894 18.782 0.050
3591.67249 18.797 0.048
3591.71822 18.842 0.056
3591.73629 18.861 0.065
3591.75541 18.889 0.070
3591.76811 18.855 0.064
3592.48456 18.741 0.060
3592.51159 18.771 0.056
3592.52367 18.905 0.062
3592.53290 18.762 0.051
3592.54563 18.798 0.055
3592.55290 18.724 0.051
3592.55585 18.764 0.051
3592.55893 18.762 0.051
3592.56187 18.750 0.053
3592.56483 18.738 0.052
3592.56778 18.817 0.055
3592.57071 18.762 0.050
3592.57395 18.791 0.045
3592.59188 18.803 0.052
3592.60666 18.651 0.046
3592.61427 18.748 0.048
3592.62927 18.850 0.045
3592.63235 18.852 0.046
3592.63531 18.838 0.042
3592.65029 18.881 0.043
3592.66874 18.855 0.053
3592.67165 18.719 0.047
3592.69275 18.836 0.049
3592.70751 18.751 0.049
3592.72527 18.747 0.055
3593.73943 18.711 0.069
3594.70163 18.904 0.067
3601.65022 18.937 0.072
3602.61087 18.758 0.058
3603.63081 18.878 0.072
3607.62923 18.936 0.068
3608.64457 18.729 0.064
3609.62513 18.830 0.066
3615.57233 18.679 0.052
3618.57398 18.867 0.070
3620.53716 18.840 0.049
3622.51503 18.928 0.083
3628.59118 18.664 0.075
3630.53060 19.064 0.121
3632.58071 18.602 0.070
3634.47890 18.974 0.108
3639.54017 18.918 0.055
3641.53860 18.781 0.080
3644.49890 18.676 0.077
3648.53070 18.499 0.062
3650.57199 18.542 0.055
3654.53479 18.695 0.119
3656.51596 18.569 0.065
3658.54787 18.383 0.074
3660.52046 18.772 0.081
3664.49726 18.915 0.083
3669.52070 18.561 0.082
3675.50254 18.454 0.082
3776.86077 18.956 0.100
3782.84551 18.752 0.092
3784.87081 18.767 0.063
3787.84688 18.784 0.070
3790.87765 18.850 0.086
3792.87423 18.826 0.057
3794.83121 18.718 0.079
3796.81940 19.011 0.092
3798.79192 18.885 0.085
3799.86558 18.888 0.107
3800.89188 18.821 0.065
3801.87414 18.678 0.057
3802.83966 18.923 0.066
3803.87496 18.833 0.058
3805.79096 18.844 0.089
3806.81106 18.643 0.059
3807.82478 18.729 0.081
3808.78448 18.790 0.081
3809.78730 19.106 0.089
3810.83188 18.836 0.066
3811.82787 18.780 0.075
3812.81964 18.730 0.080
3813.79826 18.784 0.064
3814.81247 18.789 0.060
3817.84669 18.932 0.102
3818.87467 18.806 0.056
3819.79027 18.756 0.051
3820.76060 18.769 0.057
3821.76372 18.754 0.061
3822.80317 18.871 0.077
3823.75926 18.866 0.066
3824.77670 18.890 0.085
3825.79414 18.911 0.082
3826.77681 18.897 0.074
3827.78999 18.870 0.069
3828.76357 18.842 0.091
3829.79891 18.834 0.064
3830.72060 18.716 0.070
3831.72114 18.719 0.054
3832.74218 18.946 0.080
3833.74989 18.841 0.063
3834.73127 18.971 0.089
3835.72460 19.050 0.103
3835.91065 18.857 0.056
3836.75298 18.708 0.081
3836.92071 18.777 0.063
3837.71952 18.695 0.076
3837.89177 18.735 0.048
3838.72700 18.770 0.097
3839.72832 18.755 0.095
3839.91677 18.853 0.080
3840.75449 18.748 0.066
3840.89915 18.939 0.076
3841.70977 18.844 0.090
3841.92974 18.754 0.077
3842.83302 18.864 0.061
3845.70801 18.943 0.180
3845.89498 18.746 0.151
3846.71835 18.771 0.064
3847.78525 19.116 0.117
3848.74017 18.825 0.075
3849.73935 18.742 0.059
3850.68258 18.887 0.076
3850.85512 18.924 0.070
3850.92659 18.821 0.075
3851.69833 18.827 0.073
3851.86160 18.736 0.068
3852.68704 18.874 0.078
3852.91555 18.760 0.079
3853.67536 18.932 0.074
3853.84300 18.827 0.045
3853.91451 18.842 0.049
3854.69195 18.976 0.078
3856.66536 18.721 0.068
3856.83168 18.863 0.066
3857.90323 18.848 0.060
3858.72187 18.868 0.070
3859.78444 18.852 0.062
3860.80063 18.950 0.101
3861.65424 18.930 0.106
3861.76123 18.827 0.062
3862.65927 18.832 0.078
3862.84965 18.870 0.053
3862.92330 18.691 0.055
3863.67549 18.993 0.085
3863.89520 18.842 0.048
3864.66477 18.792 0.071
3864.85543 18.871 0.050
3865.72292 18.843 0.068
3865.86646 18.832 0.059
3865.93547 18.832 0.061
3866.67457 18.745 0.065
3866.81409 18.838 0.062
3866.89230 18.899 0.062
3867.68938 18.846 0.064
3867.87556 18.791 0.055
3868.69729 18.865 0.084
3868.84137 18.870 0.081
3868.92123 18.714 0.068
3869.67533 18.764 0.067
3869.85732 18.887 0.083
3872.87268 18.774 0.061
3873.68125 18.878 0.071
3873.82339 18.810 0.061
3873.89456 18.837 0.064
3874.73221 18.900 0.079
3874.90625 18.705 0.055
3875.70091 18.845 0.055
3875.84780 18.779 0.046
3876.61994 18.823 0.059
3877.69682 18.585 0.043
3877.84557 18.610 0.043
3877.91963 18.646 0.067
3879.65287 18.697 0.052
3880.82208 18.713 0.058
3880.90116 18.748 0.081
3881.64763 18.688 0.057
3881.86311 18.758 0.049
3881.90973 18.713 0.046
3882.63254 18.714 0.056
3882.78607 18.867 0.058
3882.85995 18.827 0.053
3882.92861 18.923 0.063
3883.62010 18.918 0.092
3883.81720 18.878 0.060
3886.58225 18.694 0.075
3886.78065 18.874 0.060
3886.85594 18.717 0.056
3887.63325 18.811 0.058
3887.75963 18.831 0.058
3887.86379 18.823 0.059
3887.93583 18.791 0.078
3889.64726 18.770 0.055
3889.92212 18.814 0.073
3891.65663 18.818 0.059
3891.77835 18.671 0.069
3891.86063 18.795 0.067
3892.72328 18.825 0.056
3892.91215 18.853 0.077
3893.59407 18.820 0.077
3893.84338 18.849 0.086
3894.65148 18.789 0.075
3894.86680 18.907 0.090
3896.58752 19.139 0.135
3900.51534 18.861 0.115
3900.70569 18.767 0.065
3900.78505 18.791 0.062
3900.85359 18.729 0.068
3901.53011 18.975 0.087
3901.70635 18.827 0.062
3901.78413 18.801 0.063
3901.85720 18.846 0.075
3902.54173 18.647 0.064
3902.72874 18.794 0.063
3902.84163 18.827 0.076
3903.63753 18.879 0.054
3903.88269 18.883 0.094
3904.54109 18.698 0.068
3904.70352 18.851 0.051
3904.77293 18.863 0.051
3904.84572 18.691 0.054
3905.53793 18.801 0.072
3905.71426 18.853 0.049
3905.78451 18.787 0.048
3905.85311 18.834 0.052
3906.54925 18.882 0.078
3906.73858 18.723 0.052
3906.81183 18.798 0.059
3906.90040 18.631 0.064
3907.58006 18.689 0.067
3907.76535 18.736 0.068
3907.84983 18.724 0.076
3908.51804 18.942 0.095
3908.70419 18.762 0.051
3908.78178 18.716 0.053
3908.86452 18.777 0.062
3909.51773 18.603 0.080
3909.69607 18.815 0.046
3909.79090 18.884 0.054
3909.87049 18.795 0.062
3910.53817 18.821 0.082
3912.51262 18.665 0.059
3912.70408 18.781 0.041
3912.79532 18.799 0.046
3912.88322 18.873 0.070
3913.50549 18.795 0.058
3913.70737 18.866 0.060
3913.80291 18.828 0.051
3914.53156 18.872 0.079
3914.76306 18.904 0.066
3915.50723 18.961 0.091
3915.71222 18.887 0.061
3915.80343 18.724 0.049
3916.55199 18.806 0.087
3917.53010 18.703 0.075
3917.80296 18.904 0.081
3918.55113 18.978 0.094
3918.79769 18.884 0.087
3919.50507 18.722 0.091
3919.73759 18.900 0.056
3920.49486 18.707 0.078
3920.69141 18.774 0.076
3920.77343 18.836 0.049
3921.49481 18.686 0.069
3921.69237 18.944 0.094
3921.79674 18.516 0.066
3922.69207 18.922 0.093
3930.49796 18.966 0.091
3930.50707 18.852 0.077
3930.76915 18.770 0.107
3931.47991 18.936 0.105
3932.51141 18.925 0.087
3932.78672 18.802 0.066
3933.49251 18.699 0.064
3933.68226 18.900 0.052
3933.75784 18.760 0.049
3934.47523 18.893 0.073
3934.69199 18.856 0.063
3934.76107 18.742 0.060
3935.52516 18.977 0.074
3935.69642 18.719 0.075
3935.76508 18.778 0.065
3936.47855 18.931 0.098
3936.64385 18.814 0.054
3936.72041 18.821 0.062
3937.48482 19.051 0.128
3937.76489 18.840 0.096
3938.48323 18.982 0.109
3938.67711 18.719 0.060
3938.76001 18.759 0.077
3939.55059 18.834 0.059
3940.66890 18.830 0.051
3940.79972 18.852 0.058
3942.53728 19.036 0.102
3944.52360 19.039 0.075
3945.49645 18.883 0.070
3945.69895 18.928 0.063
3945.75483 18.758 0.071
3946.49782 18.733 0.072
3946.68708 18.881 0.067
3946.76854 18.711 0.072
3950.50319 18.902 0.075
3950.70872 18.877 0.064
3951.49841 18.809 0.074
3951.73088 18.849 0.090
3955.67174 19.079 0.140
3956.55048 18.579 0.090
3957.49157 18.857 0.081
3958.56230 18.782 0.062
3959.48809 18.738 0.071
3959.66943 18.838 0.071
3960.48439 18.694 0.058
3960.66340 18.897 0.051
3960.73552 18.708 0.065
3961.55514 18.751 0.067
3963.51707 18.841 0.068
3963.69439 18.871 0.066
3964.50226 18.886 0.060
3964.71007 18.898 0.073
3965.49043 19.026 0.074
3965.68292 18.814 0.056
3966.52036 18.737 0.059
3966.67342 18.648 0.056
3967.50189 18.889 0.096
3967.69882 18.956 0.070
3968.48217 18.798 0.070
3968.65413 18.902 0.062
3968.72323 18.786 0.082
3969.51076 18.775 0.080
3969.66465 18.622 0.060
3970.49137 18.872 0.086
3970.67224 18.807 0.073
3971.53113 18.743 0.081
3971.70551 18.875 0.074
3973.55668 18.830 0.083
3974.49121 18.833 0.074
3974.67015 18.768 0.079
3975.49386 18.806 0.075
3975.66914 18.638 0.066
3976.49055 18.833 0.051
3976.65773 18.607 0.068
3979.49366 18.756 0.086
3982.55258 18.850 0.075
3983.50015 18.892 0.123
3986.56340 18.765 0.090
3987.49128 18.685 0.074
3987.65224 18.956 0.083
3988.49417 18.885 0.065
3990.62533 18.852 0.074
3995.55199 18.856 0.056
3996.55052 18.764 0.082
3999.57280 18.551 0.059
4001.50297 18.978 0.087
4003.52333 18.786 0.065
4004.50948 19.027 0.073
4006.50539 18.868 0.077
4011.60212 18.676 0.077
4012.55341 18.422 0.067
4016.50092 18.869 0.084
4018.52610 18.440 0.065
4020.52399 18.766 0.081
4023.52435 18.807 0.076
4025.54377 18.833 0.072
4027.54868 18.673 0.068
4030.54046 18.482 0.073
4036.52168 18.572 0.093
4040.50284 18.492 0.076
4042.53289 18.659 0.106
4141.86267 18.746 0.082
4150.85066 18.344 0.070
4155.83621 18.546 0.064
4157.89141 18.605 0.055
4159.90150 18.646 0.075
4162.84872 18.826 0.091
4164.88861 18.944 0.079
4166.90461 18.844 0.103
4167.81621 18.859 0.089
4169.82329 18.825 0.075
4174.83785 18.807 0.076
4176.81954 18.829 0.073
4177.87323 18.770 0.061
4179.77101 18.897 0.079
4180.81773 18.749 0.076
4181.90590 18.799 0.064
4183.78486 18.798 0.061
4184.85293 18.787 0.057
4185.83229 18.853 0.070
4190.85067 18.807 0.073
4192.86296 19.010 0.086
4193.87391 18.854 0.072
4194.89552 18.867 0.067
4196.91550 18.869 0.074
4202.86526 18.840 0.056
4203.85340 18.815 0.060
4204.85259 18.856 0.066
4205.84911 18.779 0.062
4207.85273 18.874 0.055
4208.88176 18.871 0.061
4212.93048 18.645 0.090
4213.85047 18.819 0.056
4215.88803 18.798 0.063
4216.80888 18.789 0.065
4217.83117 18.824 0.048
4218.87189 18.835 0.068
4219.91013 18.909 0.094
4220.85033 18.800 0.079
4222.81693 18.835 0.064
4228.80770 18.742 0.072
4229.78653 18.765 0.068
4230.77347 18.879 0.060
4231.79556 18.842 0.064
4232.80382 18.853 0.086
4234.74801 18.846 0.072
4235.77288 18.852 0.062
4237.73248 18.966 0.086
4238.79592 18.866 0.078
4239.85579 18.787 0.088
4243.69044 18.786 0.078
4244.85226 18.815 0.072
4245.84550 18.971 0.081
4246.90025 18.826 0.074
4250.86608 18.793 0.111
4256.71116 18.823 0.104
4258.70881 18.746 0.074
4267.73526 18.842 0.065
4268.61230 18.820 0.087
4269.65243 18.911 0.077
4272.70306 18.803 0.059
4273.66312 18.813 0.075
4274.64683 18.849 0.071
4275.70370 18.806 0.073
4277.60279 18.810 0.082
4278.67705 18.785 0.082
4283.62241 18.805 0.072
4284.60628 18.840 0.083
4285.61303 18.895 0.108
4286.61533 18.715 0.072
4289.64700 18.843 0.083
4290.68099 18.933 0.104
4290.70293 18.806 0.082
4291.73057 18.930 0.084
4292.59162 18.745 0.060
4293.61912 18.862 0.062
4294.59086 18.726 0.062
4295.62022 18.841 0.062
4296.59968 18.948 0.060
4297.59348 18.841 0.060
4298.70301 18.829 0.068
4299.66998 18.844 0.063
4300.79483 18.704 0.070
4301.47234 18.758 0.074
4302.75144 18.778 0.069
4307.58273 18.880 0.069
4310.73620 18.770 0.095
4312.63227 18.801 0.065
4315.66611 18.974 0.134
4317.61960 18.735 0.059
4319.62737 18.890 0.085
4320.72877 18.645 0.073
4326.63833 18.726 0.067
4327.66586 18.732 0.095
4328.60694 18.864 0.072
4328.73932 18.767 0.090
4329.59850 18.831 0.082
4330.58043 18.861 0.071
4331.60690 18.774 0.071
4332.60429 18.817 0.066
4333.60738 18.803 0.075
4334.60159 18.725 0.119
4338.64153 18.723 0.082
4339.61055 18.741 0.093
4340.52216 18.898 0.121
4341.60897 18.763 0.094
4342.64520 18.917 0.091
4343.62452 18.763 0.071
4344.67401 18.620 0.074
4345.62433 18.706 0.070
4346.62971 18.818 0.080
4347.64369 18.867 0.077
4349.61549 18.817 0.076
4351.61415 18.797 0.094
4353.63729 18.771 0.121
4357.62553 18.717 0.084
4359.59674 18.739 0.069
4367.59583 18.754 0.099
4370.59482 18.857 0.087
4372.56683 18.775 0.068
4380.57659 18.781 0.073
4515.87192 18.835 0.097
4519.84349 18.797 0.109
4520.83198 19.099 0.129
4522.89922 18.849 0.094
4524.88533 18.794 0.073
4530.87484 18.726 0.054
4534.81647 18.856 0.091
4536.82118 18.966 0.098
4537.90892 18.914 0.072
4538.83960 18.847 0.084
4540.86943 18.874 0.068
4542.89578 18.778 0.055
4543.85720 18.871 0.058
4544.85399 18.863 0.059
4545.87156 18.853 0.069
4546.90251 18.840 0.060
4550.84533 18.859 0.080
4551.90310 18.798 0.075
4552.90009 18.805 0.085
4556.86442 18.904 0.061
4557.89043 18.894 0.058
4558.82550 18.839 0.061
4559.85468 18.895 0.062
4560.85511 18.811 0.056
4561.84403 18.789 0.048
4564.84818 18.800 0.055
4565.83710 18.873 0.052
4566.83914 18.852 0.057
4567.84343 18.815 0.054
4568.87343 18.880 0.072
4569.85933 18.827 0.062
4570.86464 18.814 0.062
4571.83014 18.774 0.056
4572.86792 18.936 0.092
4573.84369 18.833 0.056
4574.84585 18.915 0.078
4575.85751 18.844 0.067
4579.90980 18.753 0.072
4583.82212 18.788 0.088
4586.81011 18.807 0.088
4587.84792 18.867 0.074
4588.73624 18.820 0.066
4589.77000 18.905 0.082
4590.78438 19.075 0.090
4591.76159 18.850 0.068
4592.77375 18.777 0.083
4593.75918 18.760 0.061
4594.78749 18.847 0.062
4595.77805 18.819 0.058
4596.79855 18.821 0.058
4597.79583 18.881 0.064
4598.76514 18.797 0.051
4599.74462 18.770 0.054
4600.75015 18.825 0.050
4601.75476 18.792 0.058
4602.75233 18.839 0.054
4606.76914 18.633 0.055
4610.86686 18.809 0.087
4611.73643 18.735 0.061
4611.92297 18.842 0.089
4616.72521 18.713 0.055
4617.89319 18.790 0.103
4622.70504 18.673 0.087
4623.78486 19.031 0.119
4624.72368 18.788 0.068
4625.70500 18.454 0.067
4626.75228 18.779 0.076
4627.68429 18.792 0.056
4628.67449 18.856 0.060
4629.74019 18.735 0.060
4630.68001 18.833 0.066
4631.69834 18.843 0.053
4632.71295 18.844 0.068
4633.86089 18.896 0.101
4639.80140 18.822 0.114
4640.77692 18.879 0.085
4641.86216 18.628 0.086
4642.69983 18.996 0.087
4643.66592 18.758 0.071
4644.74903 18.748 0.065
4645.66775 18.739 0.063
4646.63541 18.886 0.053
4647.64642 18.871 0.061
4648.64482 18.795 0.060
4648.75428 18.866 0.077
4649.64075 18.889 0.062
4650.67217 18.913 0.075
4651.68303 18.848 0.075
4652.61192 18.901 0.079
4653.60580 18.948 0.079
4654.64500 18.830 0.063
4655.60922 18.835 0.070
4656.61242 18.812 0.065
4658.76967 18.873 0.099
4660.71932 18.805 0.109
4661.60183 18.815 0.068
4666.53458 18.822 0.079
4670.79444 18.777 0.103
4671.65849 18.887 0.079
4672.61799 18.788 0.066
4674.64610 18.785 0.080
4677.67081 18.685 0.076
4681.67413 18.781 0.079
4682.62983 18.766 0.066
4683.62769 18.731 0.069
4684.64624 18.819 0.075
4685.67235 18.734 0.055
4686.74487 18.766 0.069
4687.66036 18.821 0.070
4688.60651 18.814 0.073
4694.69060 18.685 0.105
4697.61189 18.779 0.094
4698.63349 18.991 0.101
4700.62864 18.709 0.080
4701.61160 18.742 0.077
4702.62640 18.608 0.069
4704.68761 18.708 0.073
4708.64800 18.635 0.067
4710.66597 18.790 0.087
4720.57913 18.900 0.087
4721.61372 18.729 0.100
4724.63141 18.711 0.086
4725.64736 18.696 0.103
4726.60761 18.625 0.084
4733.57179 18.687 0.088
4738.53188 18.732 0.083
4741.61397 19.028 0.105
4755.55306 18.612 0.083
4763.49330 18.659 0.106
4876.86822 18.770 0.076
4883.85396 18.855 0.084
4885.89418 19.010 0.090
4888.84848 18.920 0.083
4892.84253 18.824 0.087
4898.81279 18.708 0.089
4901.81568 18.868 0.084
4902.90452 18.976 0.075
4903.86302 18.808 0.066
4905.85941 18.808 0.093
4912.84423 18.914 0.059
4914.89028 18.923 0.071
4924.74042 18.864 0.064
4925.85816 18.908 0.061
4927.92068 19.042 0.127
4928.74839 18.899 0.080
4930.79246 18.820 0.082
4931.83692 18.738 0.073
4932.84545 18.834 0.065
4933.84037 18.660 0.065
4934.89617 18.963 0.148
4938.82026 18.708 0.073
4939.90671 18.938 0.101
4940.76173 18.756 0.069
4941.79750 18.873 0.079
4942.74055 18.735 0.057
4944.74290 18.888 0.072
4945.79595 18.843 0.059
4950.85576 18.857 0.073
4952.84926 18.974 0.073
4953.83512 18.986 0.092
4954.80479 18.812 0.061
4955.79617 18.848 0.081
5260.88127 18.897 0.046
5261.81224 18.854 0.043
5262.84981 18.871 0.133
5265.86672 18.888 0.043
5266.81307 18.750 0.044
5267.84030 18.876 0.046
5268.84273 18.797 0.040
5269.80640 18.859 0.038
5270.81208 18.856 0.040
5271.80759 18.818 0.041
5272.81275 18.765 0.051
5273.79776 18.782 0.039
5274.81625 18.711 0.039
5275.80260 18.845 0.054
5276.78076 18.741 0.041
5276.90824 18.784 0.040
5277.81730 18.727 0.064
5278.81287 18.798 0.044
5279.81414 18.778 0.051
5280.82075 18.910 0.044
5281.80067 18.823 0.038
5282.82340 18.799 0.039
5283.78350 18.713 0.051
5283.87482 18.809 0.041
5284.78910 18.811 0.051
5285.77995 18.791 0.054
5285.90993 18.949 0.047
5286.79556 18.830 0.071
5287.84873 18.879 0.042
5288.77411 18.751 0.047
5289.82598 18.805 0.054
5293.85390 18.787 0.044
5294.78803 18.802 0.034
5295.79001 18.877 0.036
5296.83036 18.843 0.033
5297.86502 18.848 0.033
5298.90532 18.839 0.034
5299.88920 18.883 0.038
5301.81634 18.867 0.039
5304.77869 18.816 0.042
5306.77615 18.871 0.039
5307.80148 18.752 0.031
5308.79159 18.830 0.036
5309.83942 18.855 0.038
5311.92358 18.768 0.039
5312.91301 18.786 0.040
5314.67284 18.666 0.067
5314.88746 18.820 0.050
5315.81352 18.823 0.048
5316.77166 18.945 0.090
5320.80723 18.933 0.050
5321.75407 18.904 0.050
5322.70949 18.855 0.046
5322.92267 18.819 0.047
5323.86696 18.890 0.047
5324.79712 18.813 0.059
5325.71323 18.881 0.041
5325.91418 18.793 0.051
5326.83916 18.850 0.040
5327.78682 18.854 0.043
5328.68607 18.933 0.044
5328.90956 18.819 0.042
5334.83901 18.844 0.044
5335.80348 18.869 0.042
5336.90010 18.712 0.047
5337.90053 18.923 0.060
5339.65932 18.798 0.059
5339.93469 18.866 0.060
5340.87658 18.781 0.052
5341.80741 18.830 0.044
5342.63533 18.702 0.072
5342.83119 18.908 0.062
5343.65546 18.850 0.062
5343.84862 18.858 0.053
5348.79575 18.810 0.047
5349.67608 18.822 0.049
5350.68449 18.731 0.054
5351.80540 18.778 0.048
5353.77276 18.852 0.039
5354.73979 18.760 0.042
5355.67516 18.831 0.039
5357.67372 18.874 0.046
5358.84213 18.838 0.047
5359.67853 18.884 0.041
5359.90096 18.782 0.066
5362.88340 18.984 0.074
5365.54390 18.743 0.064
5365.87202 18.919 0.066
5369.82904 18.813 0.054
5376.80277 18.969 0.099
5377.73526 18.900 0.049
5378.59709 18.881 0.039
5378.85669 18.849 0.052
5379.77097 18.847 0.042
5380.61601 18.924 0.041
5380.85330 18.827 0.073
5381.72832 18.777 0.065
5382.60364 18.726 0.062
5382.81096 18.991 0.081
5385.81358 18.941 0.042
5386.51649 18.883 0.055
5386.59856 18.983 0.052
5386.68306 18.890 0.048
5386.82788 18.862 0.039
5387.81093 18.825 0.044
5388.76748 18.859 0.043
5389.65513 18.958 0.051
5390.60106 18.739 0.042
5391.50642 18.895 0.059
5391.83592 18.853 0.046
5392.77578 18.831 0.037
5393.75194 18.918 0.072
5396.66572 19.035 0.057
5397.70390 18.816 0.061
5403.48397 18.809 0.046
5403.67656 18.885 0.054
5404.54761 18.876 0.050
5404.74646 18.941 0.059
5405.76020 18.892 0.056
5407.61637 18.945 0.067
5408.53494 18.917 0.071
5408.73698 18.781 0.065
5409.73903 18.975 0.052
5410.74271 18.656 0.041
5411.75620 18.562 0.039
5412.67616 18.522 0.037
5413.74810 18.539 0.035
5414.77115 18.640 0.031
5418.65128 18.713 0.035
5421.67114 18.802 0.042
5423.48781 18.769 0.034
5426.50679 18.919 0.057
5430.57738 18.953 0.063
5431.57262 18.886 0.058
5434.53766 18.835 0.052
5435.50864 19.033 0.065
5436.50720 19.031 0.060
5438.54178 19.033 0.064
5439.60963 18.932 0.062
5443.62393 18.904 0.052
5444.64956 18.894 0.045
5446.53859 18.909 0.048
5447.54877 18.819 0.043
5449.48160 19.094 0.086
5450.55972 18.902 0.062
5453.49822 18.953 0.062
5457.59193 18.818 0.046
5459.48166 18.922 0.053
5460.49822 18.913 0.068
5461.52963 18.932 0.095
5462.56810 18.913 0.057
5465.53924 19.039 0.080
5467.52096 18.819 0.038
5469.51905 18.872 0.040
5470.54327 18.815 0.047
5471.54877 18.911 0.053
5472.49117 18.960 0.064
5472.58583 18.856 0.049
5473.53188 18.888 0.049
5476.53218 19.025 0.082
5478.51108 18.797 0.044
5479.54028 18.699 0.065
5480.53147 18.994 0.060
5481.50042 18.806 0.090
5485.54742 18.834 0.057
5486.53366 18.881 0.065
5487.51679 18.821 0.045
5488.50405 18.759 0.050
5489.49022 19.020 0.105
5490.49031 18.826 0.117
5493.51796 19.022 0.108
5495.50727 18.749 0.043
5497.50677 18.866 0.065
5499.50966 18.717 0.063
5504.50220 18.763 0.075
5598.88437 18.595 0.062
5600.88047 18.727 0.049
5616.89910 19.075 0.084
5622.89836 18.933 0.044
5625.83207 18.781 0.041
5627.82540 18.909 0.047
5628.90814 18.802 0.064
5629.83551 19.002 0.058
5631.86418 18.783 0.043
5633.81928 18.876 0.043
5634.81304 18.755 0.047
5637.84932 18.926 0.064
5639.80794 18.842 0.053
5639.88345 18.964 0.052
5640.79040 18.859 0.068
5640.87641 19.033 0.056
5641.78472 18.937 0.059
5641.91002 18.910 0.065
5642.84606 18.915 0.047
5643.77282 18.881 0.053
5643.87086 18.828 0.038
5644.78054 18.888 0.062
5644.89185 18.834 0.044
5648.76242 18.828 0.044
5648.86998 18.845 0.038
5649.76884 18.765 0.042
5649.87523 18.635 0.032
5650.76062 18.682 0.035
5650.86720 18.786 0.038
5651.78124 18.744 0.041
5651.90076 18.859 0.037
5652.82465 18.967 0.040
5653.79144 18.905 0.039
5654.79920 18.826 0.042
5654.88702 18.822 0.041
5655.79523 18.845 0.040
5655.87992 18.904 0.038
5656.83144 18.835 0.032
5657.79187 18.863 0.041
5657.87830 18.842 0.037
5658.78871 18.991 0.056
5658.88431 19.000 0.047
5659.74039 19.041 0.045
5659.81729 18.929 0.049
5659.90801 18.949 0.042
5660.79186 18.956 0.043
5660.90565 18.934 0.051
5662.78285 18.835 0.048
5662.88279 18.918 0.043
5664.74477 18.913 0.070
5664.84944 18.842 0.047
5665.72368 18.913 0.066
5665.83939 18.893 0.040
5665.92641 18.919 0.051
5667.91102 18.848 0.033
5668.91485 18.864 0.054
5669.90465 18.849 0.051
5670.88438 18.976 0.055
5675.76134 19.025 0.056
5676.68761 19.010 0.033
5676.86565 18.902 0.035
5677.80490 19.091 0.054
5679.72677 19.049 0.052
5679.91019 18.850 0.040
5680.80050 18.889 0.044
5681.70194 18.856 0.047
5681.88815 18.841 0.040
5682.78044 18.979 0.042
5683.73541 18.924 0.044
5684.65614 18.910 0.048
5684.87993 19.007 0.046
5685.84708 18.881 0.032
5686.74412 18.914 0.043
5686.93050 18.825 0.049
5687.83459 18.843 0.036
5689.75425 18.926 0.045
5690.75051 18.782 0.059
5691.66341 18.939 0.054
5691.86689 18.929 0.047
5692.76899 18.952 0.045
5692.92370 18.853 0.049
5693.79253 18.857 0.032
5694.61224 18.861 0.059
5694.80122 18.908 0.040
5695.61606 18.764 0.056
5695.84144 18.919 0.039
5696.64695 18.913 0.056
5696.82753 18.998 0.051
5697.66435 18.965 0.047
5697.83184 18.819 0.038
5698.66980 18.850 0.059
5698.83131 18.852 0.050
5703.76477 18.967 0.068
5705.79957 18.815 0.066
5706.74215 19.005 0.075
5707.62985 18.931 0.052
5707.80407 19.002 0.047
5708.61073 19.053 0.075
5708.80654 18.802 0.052
5709.65404 19.021 0.046
5712.71039 18.922 0.043
5712.87939 18.806 0.045
5714.58807 18.871 0.074
5715.65716 18.938 0.043
5715.83598 18.949 0.046
5716.73205 19.013 0.049
5716.89436 18.886 0.067
5721.80674 18.947 0.050
5722.63289 19.020 0.047
5722.83420 18.866 0.044
5723.71152 18.863 0.042
5723.86926 18.847 0.051
5724.75269 18.874 0.049
5725.68640 18.865 0.040
5726.58028 19.055 0.081
5726.75468 18.851 0.050
5734.73954 18.980 0.079
5735.66646 18.935 0.056
5735.86889 19.022 0.064
5736.60753 18.882 0.035
5736.82018 18.755 0.033
5737.61624 18.850 0.038
5737.79293 18.825 0.036
5738.63317 18.854 0.037
5739.53113 18.917 0.055
5739.71660 18.914 0.043
5740.50458 18.767 0.060
5740.71360 18.963 0.047
5740.88445 18.841 0.064
5741.64515 18.951 0.053
5741.82450 18.940 0.048
5742.58042 19.066 0.055
5742.75759 18.963 0.036
5743.63000 18.989 0.064
5743.80701 18.880 0.049
5744.56503 18.850 0.061
5744.78156 18.773 0.043
5745.56158 19.185 0.097
5745.74007 18.917 0.048
5746.58622 18.856 0.043
5746.76813 18.927 0.053
5747.66206 18.899 0.058
5748.63335 18.826 0.037
5749.60590 18.925 0.050
5749.77151 18.984 0.063
5753.55661 18.969 0.137
5759.81033 18.832 0.070
5760.56261 19.010 0.067
5760.75177 18.782 0.044
5761.56587 18.717 0.024
5762.60757 19.015 0.053
5763.47787 18.834 0.051
5763.66440 19.011 0.048
5764.48232 18.890 0.050
5764.65644 18.619 0.030
5765.52777 18.553 0.038
5765.72380 18.524 0.035
5766.60117 18.534 0.024
5767.47449 18.673 0.058
5767.67337 18.619 0.036
5768.51557 18.628 0.034
5768.71552 18.641 0.031
5769.54187 18.672 0.033
5769.75617 18.643 0.035
5775.62272 18.901 0.058
5776.70551 18.836 0.048
5777.63589 18.887 0.042
5778.54549 18.843 0.065
5779.68560 18.795 0.042
5785.49108 18.792 0.069
5785.69992 18.796 0.058
5786.64455 18.904 0.052
5787.47963 18.717 0.044
5787.67725 18.786 0.045
5788.59801 18.760 0.042
5790.47639 18.742 0.050
5790.65830 18.932 0.054
5793.47779 18.841 0.061
5793.66464 18.924 0.049
5794.57681 18.993 0.059
5795.57009 19.160 0.086
5796.53100 18.891 0.045
5798.67709 18.956 0.078
5801.63759 19.053 0.075
5803.52601 18.803 0.051
5804.62304 18.894 0.048
5805.58497 18.866 0.039
5806.62724 18.936 0.062
5812.52607 18.853 0.086
5813.50638 18.843 0.048
5813.66387 18.892 0.048
5815.64403 18.810 0.047
5816.61570 18.992 0.073
5817.61745 18.822 0.054
5818.59837 18.808 0.060
5819.60605 18.770 0.042
5820.58399 19.048 0.061
5822.54283 19.021 0.077
5822.63149 18.915 0.053
5823.56291 18.947 0.066
5824.48703 18.740 0.061
5824.58403 18.816 0.042
5825.50351 19.083 0.079
5825.59999 18.830 0.045
5826.52425 18.823 0.052
5826.61086 18.934 0.071
5827.54870 18.867 0.066
5827.62875 18.729 0.062
5828.56193 18.899 0.044
5829.48591 18.865 0.065
5829.57260 18.895 0.043
5830.50983 18.890 0.037
5830.58566 18.830 0.043
5831.55766 18.944 0.045
5832.49034 18.903 0.038
5832.58233 18.852 0.052
5833.53898 18.714 0.037
5834.48785 18.859 0.041
5834.57605 18.760 0.039
5835.56914 18.642 0.060
5836.55372 18.836 0.061
5839.50502 18.916 0.067
5839.58049 19.120 0.100
5840.53601 18.866 0.059
5840.62136 18.883 0.065
5841.55467 18.930 0.068
5842.51708 18.848 0.086
5842.60158 18.809 0.079
5842.61266 18.821 0.077
5843.55946 18.822 0.062
5844.50293 18.883 0.061
5844.58326 18.796 0.080
5845.54312 18.829 0.063
5846.50714 19.092 0.102
5846.58404 18.942 0.113
5847.55987 19.019 0.107
5850.53076 18.939 0.050
5851.49239 18.928 0.057
5851.57031 18.926 0.061
5852.52194 19.152 0.092
5854.51223 19.033 0.076
5855.49632 18.952 0.118
5856.49930 19.058 0.081
5857.51485 19.185 0.112
5859.52198 18.832 0.052
5860.53508 18.909 0.059
5862.50001 18.914 0.061
5866.51536 19.124 0.128
5867.51886 18.852 0.054
5868.51985 19.113 0.112
5869.51078 18.664 0.056
5870.51644 18.845 0.052
5971.86297 18.965 0.054
5976.86995 19.001 0.052
5977.86887 18.833 0.049
5978.87936 18.871 0.044
5979.88385 18.963 0.062
5982.82647 18.785 0.050
5983.83457 18.870 0.053
5984.83115 18.820 0.048
5985.81667 18.834 0.063
5985.89380 18.883 0.048
5986.86978 18.891 0.044
5987.84620 18.907 0.047
5988.83629 18.942 0.062
5989.81713 18.903 0.049
5989.89688 18.965 0.055
5990.86458 18.865 0.047
5991.83908 18.790 0.036
5992.81021 18.766 0.049
5993.79859 18.827 0.078
5993.87628 19.028 0.061
5994.84466 19.008 0.059
5995.79724 18.936 0.054
5995.86990 18.980 0.044
5996.81256 18.739 0.040
5996.89688 18.883 0.036
5997.84464 18.923 0.050
5998.79468 18.922 0.054
5998.88515 18.859 0.037
5999.81743 18.804 0.045
5999.90419 18.938 0.042
6003.90086 18.922 0.052
6004.83559 18.978 0.046
6005.76259 18.820 0.045
6005.85217 19.002 0.046
6006.77588 18.869 0.041
6006.87967 19.045 0.045
6007.78322 19.032 0.046
6007.87836 18.930 0.038
6008.77651 18.867 0.042
6008.87317 19.024 0.051
6009.77819 18.829 0.039
6009.87353 18.879 0.037
6010.76910 18.800 0.045
6010.86812 18.845 0.032
6011.74954 18.833 0.052
6011.87366 18.886 0.058
6012.77253 18.832 0.044
6012.87148 18.856 0.031
6013.76825 19.004 0.051
6013.86857 18.837 0.036
6014.74455 18.881 0.048
6014.84276 18.859 0.038
6014.92210 18.834 0.114
6015.80024 18.855 0.031
6015.88974 18.881 0.033
6016.78126 18.930 0.036
6016.88428 18.904 0.040
6017.76931 18.935 0.036
6017.84691 18.881 0.031
6018.83608 18.863 0.034
6019.73592 18.984 0.059
6019.83308 19.019 0.046
6019.90977 18.907 0.034
6020.76797 18.916 0.039
6020.86293 18.866 0.030
6021.72380 18.799 0.058
6021.80081 18.828 0.038
6021.89775 18.812 0.034
6022.74940 18.864 0.047
6022.82664 19.064 0.060
6022.92573 18.889 0.060
6023.78354 18.940 0.044
6023.86555 18.850 0.035
6024.74083 18.961 0.064
6024.84151 18.845 0.037
6025.71550 18.723 0.062
6025.79581 18.866 0.064
6025.90208 18.958 0.053
6031.79591 18.743 0.040
6032.72551 18.804 0.038
6032.90573 18.893 0.035
6033.85678 18.861 0.036
6034.78566 18.935 0.037
6036.70116 18.998 0.049
6036.92034 18.973 0.041
6037.88376 19.002 0.052
6038.84561 18.896 0.040
6039.83040 18.868 0.054
6040.80589 18.975 0.048
6041.75668 18.847 0.053
6045.89749 18.993 0.045
6047.72088 19.022 0.053
6048.84558 18.841 0.035
6049.76210 18.928 0.034
6050.65901 18.857 0.065
6050.84718 19.021 0.057
6052.65668 18.956 0.073
6052.83184 18.875 0.047
6053.68839 18.882 0.066
6053.87879 18.781 0.053
6058.71884 18.936 0.066
6058.89053 18.854 0.040
6059.77504 18.809 0.036
6060.78111 18.862 0.041
6061.67445 18.845 0.053
6061.85294 18.883 0.046
6062.72329 18.925 0.054
6062.90110 19.017 0.053
6063.88067 18.820 0.044
6064.81915 18.898 0.040
6065.64945 18.916 0.048
6065.82842 18.869 0.041
6066.75257 18.852 0.037
6066.92606 18.993 0.040
6067.72789 18.892 0.035
6067.90545 18.753 0.033
6068.74423 18.694 0.031
6069.70637 18.639 0.029
6069.89528 18.551 0.026
6070.69354 18.615 0.031
6070.87050 18.684 0.038
6071.66936 18.715 0.036
6071.84901 18.631 0.030
6075.64932 18.675 0.031
6075.83273 18.773 0.031
6076.69075 18.765 0.035
6076.87504 18.834 0.047
6077.82097 19.031 0.051
6078.62385 18.833 0.049
6078.80445 18.819 0.031
6079.60167 18.824 0.043
6079.79164 18.917 0.046
6080.57189 18.855 0.061
6080.73655 19.052 0.047
6080.91798 18.816 0.033
6081.68431 19.022 0.053
6081.86742 19.097 0.059
6082.67591 19.033 0.098
6082.87845 19.132 0.126
6085.68544 18.898 0.061
6085.85163 19.002 0.102
6086.62462 18.910 0.048
6086.80992 19.016 0.051
6087.60359 18.886 0.051
6088.57581 19.077 0.051
6089.65629 19.063 0.048
6089.87255 18.788 0.042
6092.76984 18.977 0.043
6093.60644 18.925 0.047
6093.80489 18.847 0.059
6094.65570 18.844 0.042
6094.83029 18.918 0.047
6096.64997 18.874 0.041
6096.84416 18.789 0.046
6097.77839 18.904 0.055
6098.56782 18.997 0.075
6098.75075 18.898 0.043
6099.62971 18.862 0.050
6100.60052 19.103 0.064
6100.77491 18.958 0.072
6101.55207 18.823 0.047
6101.72970 18.954 0.042
6102.69024 18.927 0.042
6102.84795 18.915 0.051
6103.59894 18.926 0.042
6103.80367 18.930 0.042
6104.59533 18.947 0.039
6104.76166 18.905 0.038
6105.51904 18.948 0.064
6105.70908 19.002 0.050
6108.70409 18.991 0.043
6108.86338 18.904 0.045
6109.69436 19.048 0.086
6109.85170 18.737 0.055
6113.65805 19.128 0.072
6113.81336 19.043 0.065
6114.67298 19.023 0.068
6114.83954 18.873 0.060
6115.61150 18.923 0.045
6116.48291 18.951 0.048
6116.66131 18.892 0.038
6116.82733 18.912 0.046
6117.63154 19.024 0.044
6117.79781 18.761 0.038
6118.57340 18.915 0.037
6118.76011 18.884 0.042
6119.53710 18.917 0.053
6119.71325 18.971 0.045
6120.55075 18.963 0.058
6120.74742 18.890 0.040
6121.54081 18.939 0.041
6121.70990 18.835 0.033
6123.57904 19.059 0.051
6123.75523 19.132 0.070
6124.56063 19.001 0.046
6124.76672 19.000 0.054
6125.57371 18.885 0.041
6125.77476 18.967 0.049
6126.60631 18.998 0.053
6127.50729 18.925 0.053
6128.53090 18.960 0.038
6128.76640 18.846 0.046
6131.58843 18.674 0.030
6132.62537 19.070 0.064
6133.56777 18.868 0.044
6133.77411 18.802 0.053
6134.69015 18.919 0.057
6135.67579 19.003 0.059
6136.47954 19.066 0.085
6136.49520 19.107 0.090
6136.56164 19.165 0.099
6136.59221 19.101 0.082
6136.60347 19.248 0.102
6136.61838 19.064 0.085
6136.62290 19.026 0.083
6136.63013 19.265 0.102
6136.65337 18.948 0.060
6136.66252 18.805 0.045
6136.67752 18.926 0.050
6136.69772 18.899 0.042
6136.71429 19.135 0.071
6136.72403 18.762 0.069
6136.75073 18.613 0.051
6136.76375 19.030 0.086
6136.76604 18.959 0.071
6136.76995 18.991 0.075
6136.78207 18.723 0.065
6140.49993 18.883 0.074
6140.64831 18.922 0.071
6140.69238 18.991 0.075
6141.49672 18.833 0.052
6141.66989 18.924 0.055
6142.53635 18.872 0.060
6147.54219 18.970 0.050
6148.48391 18.922 0.036
6148.66657 18.790 0.034
6150.52477 18.881 0.058
6151.52860 19.015 0.072
6151.69102 18.857 0.052
6152.56637 18.891 0.051
6154.51449 18.926 0.051
6157.66353 18.832 0.045
6158.60540 18.817 0.043
6159.50991 18.827 0.058
6160.49150 18.948 0.048
6160.68692 18.907 0.043
6160.69966 18.842 0.041
6161.59581 19.051 0.068
6164.58329 18.996 0.065
6166.64233 18.777 0.054
6167.57681 18.819 0.072
6168.57996 18.882 0.039
6169.58285 18.969 0.048
6171.53664 18.919 0.044
6172.49561 18.825 0.028
6172.67788 18.882 0.056
6174.63549 18.967 0.077
6175.62371 18.845 0.047
6179.61641 19.110 0.087
6180.60372 18.985 0.075
6181.56160 18.941 0.049
6182.56959 19.005 0.046
6183.62055 18.970 0.046
6185.56875 18.835 0.034
6186.57836 19.043 0.055
6190.61584 18.950 0.052
6195.48074 18.765 0.065
6195.57299 18.907 0.051
6196.48345 18.719 0.052
6196.57049 18.806 0.049
6197.48389 18.885 0.077
6197.57188 18.908 0.051
6198.59143 18.945 0.085
6200.61158 18.787 0.073
6202.55201 19.180 0.096
6203.54621 18.887 0.061
6204.49311 19.028 0.063
6204.57642 18.796 0.044
6205.51935 18.813 0.044
6205.59962 18.842 0.043
6208.54027 18.807 0.062
6210.49377 18.982 0.063
6210.57080 18.854 0.045
6211.52075 18.878 0.046
6212.52011 18.931 0.048
6212.58964 18.916 0.050
6213.54926 19.005 0.061
6214.52964 18.825 0.048
6216.52929 18.870 0.052
6217.56195 18.887 0.042
6218.53736 18.580 0.046
6223.51368 18.799 0.069
6224.50069 19.058 0.104
6226.53466 19.028 0.105
6231.53586 18.817 0.087
6234.50992 18.761 0.053
6238.53860 18.830 0.054
6334.89040 18.930 0.068
6335.86782 18.855 0.043
6337.88015 18.768 0.051
6338.85772 18.978 0.068
6339.86418 18.805 0.037
6345.83399 19.044 0.048
6347.84275 19.026 0.061
6348.83672 19.001 0.055
6349.84889 18.981 0.062
6350.84921 18.932 0.059
6351.85244 18.869 0.050
6352.85214 18.881 0.042
6353.82719 18.912 0.048
6354.84306 18.827 0.036
6358.84554 18.819 0.038
6360.83570 18.930 0.037
6361.82132 18.842 0.039
6361.90174 19.041 0.051
6362.84413 18.946 0.044
6363.81306 18.902 0.046
6367.82345 18.924 0.038
6367.91028 18.727 0.043
6368.86161 18.966 0.040
6369.80081 19.086 0.048
6369.89862 18.949 0.037
6370.84385 19.004 0.044
6371.76877 18.713 0.042
6371.85693 18.901 0.036
6372.76166 18.987 0.051
6372.85025 19.095 0.045
6373.77846 18.718 0.045
6373.86717 19.000 0.053
6374.78231 18.981 0.056
6374.87352 18.899 0.041
6375.78141 18.952 0.041
6375.88877 18.979 0.041
6376.79552 18.865 0.040
6376.88688 18.974 0.033
6377.81691 18.824 0.034
6377.89729 18.834 0.030
6378.81249 18.808 0.036
6378.89298 18.885 0.033
6379.78914 18.953 0.048
6379.88019 18.878 0.045
6380.78987 19.037 0.044
6380.89421 18.850 0.039
6381.82102 18.874 0.036
6381.90007 18.825 0.035
6382.80475 18.844 0.042
6382.88462 18.956 0.056
6386.79639 18.945 0.043
6386.80485 18.825 0.037
6386.81044 18.988 0.050
6386.81924 19.049 0.056
6386.82585 19.030 0.052
6386.84329 18.861 0.044
6386.85694 18.942 0.047
6386.86687 18.991 0.052
6386.87511 18.803 0.043
6386.88359 18.843 0.045
6386.89188 18.939 0.051
6386.90127 18.907 0.049
6386.90794 18.827 0.054
6386.91318 18.789 0.056
6386.92167 18.961 0.063
6386.92875 18.875 0.129
6387.70548 18.726 0.050
6387.70856 18.927 0.061
6387.72367 18.765 0.052
6387.74043 18.908 0.044
6387.78103 18.951 0.041
6387.80505 18.916 0.042
6387.88895 18.823 0.045
6387.92378 19.178 0.109
6388.77639 18.873 0.039
6388.80471 18.888 0.039
6388.86626 18.875 0.039
6388.91364 18.818 0.041
6389.72438 18.870 0.055
6389.78349 18.829 0.039
6389.88592 18.931 0.044
6390.74583 18.905 0.044
6390.77985 19.016 0.044
6390.87966 18.955 0.042
6391.70425 18.917 0.070
6391.77323 18.913 0.055
6393.74662 18.876 0.046
6393.88635 18.773 0.051
6394.76520 18.938 0.043
6394.84819 18.850 0.048
6395.81135 18.914 0.038
6395.89738 18.880 0.035
6396.75831 18.871 0.034
6396.79829 19.036 0.035
6397.69931 18.864 0.040
6397.74381 18.878 0.033
6397.87459 18.898 0.036
6398.77488 18.984 0.044
6398.80622 18.878 0.041
6399.71253 18.904 0.048
6399.89455 19.093 0.056
6400.68488 19.015 0.060
6400.73674 18.916 0.040
6400.76687 18.885 0.042
6400.88628 18.993 0.046
6401.82138 18.901 0.035
6402.73278 18.881 0.049
6402.90822 18.998 0.071
6403.82211 18.872 0.034
6404.75737 19.140 0.057
6405.82766 18.892 0.054
6406.76180 18.953 0.057
6407.71447 19.084 0.068
6407.88005 18.973 0.053
6408.82488 18.994 0.064
6415.71263 18.945 0.070
6415.90556 18.969 0.043
6416.79206 18.918 0.036
6417.71629 18.835 0.044
6417.89017 18.935 0.045
6418.73866 18.985 0.043
6418.91267 18.896 0.039
6419.78939 19.041 0.053
6420.65468 18.852 0.037
6420.82572 18.914 0.033
6421.83459 18.917 0.042
6422.77608 18.893 0.038
6423.75315 19.008 0.062
6423.93250 18.842 0.046
6424.80747 18.947 0.034
6426.65593 18.935 0.042
6426.89643 18.900 0.040
6427.90021 18.764 0.046
6428.69593 18.838 0.055
6428.88451 18.873 0.048
6431.68499 18.906 0.058
6431.86963 19.011 0.052
6432.70968 18.906 0.048
6432.89164 18.931 0.056
6432.93769 18.964 0.054
6433.69621 18.953 0.046
6434.61700 18.806 0.065
6434.80065 18.778 0.041
6435.64766 18.800 0.042
6435.83326 18.837 0.048
6436.63366 18.894 0.049
6436.82287 18.951 0.054
6437.76669 18.860 0.059
6437.92076 18.985 0.090
6441.70392 19.042 0.068
6441.86087 18.857 0.068
6442.63923 18.871 0.039
6442.82366 18.912 0.039
6443.63469 18.809 0.050
6443.73554 18.613 0.057
6444.71119 19.021 0.056
6444.84325 18.956 0.047
6445.64530 18.969 0.043
6445.85167 18.864 0.051
6446.63340 18.965 0.036
6446.82397 18.859 0.032
6447.60992 18.969 0.042
6447.79388 19.026 0.041
6448.56095 18.976 0.067
6448.73976 18.945 0.045
6448.90547 18.868 0.057
6449.68171 19.062 0.056
6449.86547 18.884 0.042
6450.63392 18.953 0.041
6450.81617 18.867 0.038
6451.58161 18.917 0.060
6451.76848 18.897 0.045
6452.54650 18.856 0.041
6452.76013 18.876 0.036
6454.55438 19.041 0.071
6454.74026 18.954 0.040
6454.90430 18.895 0.044
6455.80612 18.982 0.053
6456.69683 18.892 0.029
6456.90685 18.800 0.036
6457.84621 18.839 0.038
6458.62988 19.006 0.054
6458.81424 18.893 0.036
6459.58315 18.804 0.042
6459.77326 18.959 0.037
6460.59423 18.989 0.053
6460.89131 19.067 0.055
6461.70248 18.773 0.045
6462.59025 19.037 0.085
6462.86033 18.893 0.052
6463.63428 18.923 0.052
6463.82590 18.900 0.045
6464.64257 19.010 0.061
6464.83470 18.957 0.056
6468.62932 18.875 0.057
6469.53016 18.850 0.060
6469.71753 18.900 0.053
6471.63706 19.045 0.062
6472.69811 18.555 0.037
6473.64858 18.664 0.028
6473.83300 18.506 0.031
6474.60030 18.685 0.043
6474.78598 18.610 0.038
6475.56028 18.794 0.058
6475.76195 18.552 0.033
6476.52880 18.729 0.053
6476.71749 18.592 0.033
6477.52221 18.727 0.041
6477.71058 18.721 0.038
6478.56011 18.686 0.047
6479.62228 18.794 0.053
6480.53359 18.842 0.057
6480.72028 18.946 0.053
6481.52852 18.829 0.047
6481.77273 18.784 0.045
6485.50028 18.935 0.047
6485.73217 18.835 0.036
6486.47389 18.991 0.058
6486.67385 19.115 0.054
6487.47209 18.832 0.045
6487.67631 18.875 0.036
6489.51071 18.868 0.049
6489.70698 18.871 0.057
6490.53825 18.867 0.046
6490.72520 18.903 0.040
6491.59004 19.085 0.063
6491.78942 18.947 0.052
6492.61393 18.808 0.041
6492.79471 18.947 0.082
6497.72971 19.125 0.075
6498.56015 18.869 0.034
6498.73771 19.099 0.055
6499.57216 18.990 0.046
6500.73421 18.835 0.055
6501.70984 19.107 0.051
6504.72565 18.881 0.044
6505.65288 18.949 0.047
6506.48872 18.948 0.077
6506.76733 19.051 0.087
6508.73605 18.940 0.047
6509.64138 18.885 0.033
6510.51692 18.852 0.035
6510.72757 18.868 0.042
6511.67246 18.931 0.050
6514.54145 19.011 0.053
6515.49462 18.945 0.047
6516.48219 18.840 0.062
6518.51750 18.909 0.044
6519.68585 18.823 0.038
6523.59366 18.832 0.043
6524.52255 18.932 0.047
6525.52532 19.016 0.064
6526.66702 19.047 0.063
6529.59890 18.957 0.059
6531.58439 18.973 0.044
6533.59604 18.849 0.041
6534.64026 18.789 0.043
6536.53382 19.119 0.046
6536.62169 18.834 0.039
6539.51977 19.063 0.049
6541.51560 18.912 0.050
6543.58645 18.958 0.043
6545.48484 18.816 0.043
6546.49481 19.023 0.086
6551.48807 19.044 0.096
6555.60103 19.047 0.070
6558.56843 18.928 0.039
6559.62060 18.973 0.056
6561.53221 18.913 0.055
6562.62164 18.915 0.041
6563.61832 19.007 0.059
6564.55338 18.930 0.045
6565.52484 18.878 0.058
6565.61512 18.690 0.038
6568.50214 19.149 0.115
6568.59243 18.673 0.046
6569.55027 18.855 0.042
6570.52778 18.825 0.053
6571.53464 18.744 0.051
6572.48620 19.148 0.095
6572.59545 18.816 0.050
6573.54563 18.913 0.051
6577.52719 18.776 0.075
6578.50973 18.795 0.054
6579.57955 18.829 0.064
6581.52096 18.872 0.058
6582.54190 18.815 0.050
6583.52911 18.672 0.058
6584.52549 18.652 0.056
6585.52871 18.836 0.071
6590.52399 18.919 0.060
6590.55612 18.895 0.061
6593.49977 18.844 0.068
6595.52179 18.598 0.060
6599.50923 18.761 0.066
