2129.74918 18.509 0.032
2132.69148 18.365 0.033
2136.59492 18.449 0.037
2141.61000 18.547 0.038
2144.69176 18.453 0.035
2160.64945 18.399 0.040
2170.59046 18.478 0.034
2211.55276 18.475 0.073
2333.89032 18.422 0.042
2344.85158 18.389 0.031
2355.90248 18.497 0.034
2364.89500 18.431 0.040
2372.90587 18.435 0.032
2405.84343 18.465 0.036
2414.88906 18.477 0.041
2416.89867 18.396 0.048
2424.75738 18.601 0.056
2428.74260 18.388 0.031
2432.89417 18.418 0.056
2434.78216 18.509 0.035
2436.83014 18.422 0.035
2438.80872 18.420 0.033
2441.76711 18.500 0.031
2445.68223 18.520 0.031
2448.70898 18.425 0.071
2460.71282 18.465 0.037
2463.59411 18.459 0.029
2466.61986 18.465 0.033
2468.74607 18.477 0.030
2470.72986 18.458 0.032
2472.75738 18.449 0.032
2481.61084 18.405 0.047
2484.67415 18.404 0.038
2486.76690 18.464 0.051
2490.75004 18.492 0.054
2493.69480 18.626 0.047
2496.54080 18.435 0.026
2498.56143 18.452 0.027
2500.60489 18.443 0.029
2502.61851 18.498 0.040
2508.71676 18.539 0.054
2517.56767 18.508 0.038
2520.63513 18.461 0.031
2529.50102 18.436 0.039
2538.55274 18.535 0.046
2542.58052 18.467 0.032
2548.50902 18.590 0.051
2552.54531 18.548 0.044
2557.51049 18.446 0.039
2564.53190 18.502 0.045
2708.85872 18.480 0.029
2719.86444 18.462 0.035
2729.88626 18.477 0.040
2734.82526 18.446 0.030
2747.74920 18.507 0.054
2753.93425 18.551 0.073
2757.86177 18.379 0.044
2764.78305 18.440 0.039
2767.85684 18.483 0.053
2775.77378 18.128 0.038
2782.69506 18.422 0.037
2784.61777 18.412 0.031
2786.84116 18.607 0.050
2788.64777 18.433 0.035
2790.75221 18.411 0.031
2795.63977 18.360 0.026
2797.65172 18.423 0.026
2802.74409 18.438 0.051
2809.77340 18.522 0.042
2811.69392 18.474 0.043
2812.82323 18.426 0.038
2813.86702 18.526 0.045
2815.84764 18.499 0.033
2816.86864 18.409 0.035
2818.63837 18.501 0.037
2819.81488 18.496 0.037
2821.70070 18.507 0.037
2835.68626 18.353 0.035
2837.69392 18.482 0.048
2838.82970 18.461 0.057
2840.74705 18.499 0.040
2843.69907 18.477 0.036
2845.69571 18.447 0.032
2850.58462 18.469 0.029
2852.59243 18.545 0.064
2854.59684 18.430 0.034
2857.50712 18.438 0.036
2858.71941 18.461 0.034
2862.66659 18.371 0.039
2866.61606 18.475 0.039
2868.71791 18.423 0.035
2871.64010 18.476 0.030
2877.53816 18.468 0.037
2883.65670 18.451 0.036
2892.55913 18.509 0.059
2895.62475 18.479 0.035
2900.63642 18.549 0.042
2905.63560 18.532 0.054
2909.64489 18.467 0.039
2921.52344 18.448 0.046
2931.55359 18.526 0.034
3052.86584 18.475 0.036
5261.82942 18.620 0.033
5262.86693 18.837 0.108
5265.88847 18.678 0.037
5266.88997 18.678 0.037
5267.86161 18.717 0.038
5268.81136 18.701 0.039
5269.82774 18.691 0.030
5270.79428 18.720 0.037
5271.82894 18.627 0.032
5272.83415 18.690 0.041
5273.83313 18.704 0.037
5274.83752 18.690 0.033
5275.84586 18.787 0.041
5276.80199 18.710 0.035
5277.85799 18.675 0.038
5278.84114 18.714 0.046
5278.91665 18.755 0.054
5279.83533 18.722 0.041
5280.80244 18.744 0.040
5281.82207 18.590 0.031
5282.84475 18.684 0.032
5283.80485 18.691 0.039
5283.89601 18.654 0.031
5284.81058 18.623 0.041
5285.80125 18.678 0.041
5286.81742 18.632 0.049
5286.91052 18.667 0.041
5287.87008 18.686 0.033
5288.87025 18.640 0.037
5289.80079 18.665 0.040
5289.91142 18.631 0.033
5293.87526 18.782 0.039
5294.86606 18.582 0.023
5295.87754 18.686 0.027
5297.75989 18.637 0.031
5298.80070 18.670 0.033
5299.78514 18.605 0.025
5300.89695 18.593 0.028
5301.90542 18.694 0.040
5306.89020 18.657 0.028
5307.89158 18.648 0.029
5308.88770 18.565 0.026
5309.93202 18.619 0.049
5310.93098 18.629 0.041
5312.79248 18.561 0.037
5313.82538 18.689 0.047
5314.75389 18.652 0.044
5315.69165 18.689 0.066
5315.89716 18.667 0.050
5316.86720 18.741 0.059
5320.68973 18.905 0.083
5320.89018 18.751 0.041
5321.83403 18.637 0.045
5322.85843 18.742 0.039
5323.74728 18.667 0.037
5324.65777 18.655 0.038
5324.87655 18.633 0.036
5325.78977 18.603 0.031
5326.72477 18.624 0.032
5326.91645 18.647 0.039
5327.86592 18.657 0.035
5328.79470 18.717 0.033
5334.63378 18.764 0.052
5334.91873 18.712 0.049
5335.89103 18.670 0.038
5337.78592 18.630 0.033
5338.78372 18.878 0.057
5339.76525 18.695 0.033
5340.69670 18.691 0.051
5341.58980 18.719 0.057
5341.88483 18.795 0.045
5342.71182 18.690 0.039
5342.90835 18.539 0.048
5343.74215 18.627 0.041
5348.60669 18.719 0.053
5348.88951 18.676 0.051
5349.82019 18.507 0.046
5351.59622 18.726 0.044
5352.60748 18.853 0.064
5352.92672 18.276 0.032
5353.86636 18.678 0.037
5354.87342 18.444 0.036
5355.82691 18.488 0.034
5357.87547 18.660 0.052
5359.78898 18.854 0.049
5362.59947 18.921 0.058
5364.57258 18.709 0.042
5364.79679 18.412 0.040
5365.68358 18.679 0.036
5369.71658 18.674 0.054
5376.68914 18.720 0.046
5376.88022 18.634 0.063
5377.81758 18.439 0.032
5378.75152 18.513 0.027
5379.56349 18.708 0.038
5379.84849 18.670 0.048
5380.74079 18.608 0.031
5381.59188 18.833 0.058
5381.81496 18.655 0.049
5382.68474 18.603 0.034
5384.79216 18.812 0.064
5386.61237 18.557 0.028
5387.48249 18.740 0.047
5387.55349 18.625 0.036
5387.61774 18.558 0.021
5387.62614 18.399 0.025
5387.65349 18.607 0.021
5387.69199 18.629 0.028
5388.51016 18.738 0.040
5389.47209 18.738 0.060
5389.80115 18.722 0.042
5390.73833 18.453 0.027
5391.58532 18.692 0.032
5392.52301 18.740 0.042
5393.63047 18.852 0.059
5396.81258 18.723 0.054
5403.56038 18.765 0.046
5403.75695 18.717 0.056
5404.63029 18.636 0.040
5405.64660 18.765 0.048
5407.50108 18.797 0.046
5407.69529 18.782 0.045
5408.62424 18.776 0.050
5409.48655 18.714 0.037
5410.49077 18.714 0.039
5411.50536 18.684 0.033
5412.55598 18.816 0.046
5413.49760 18.727 0.039
5414.51577 18.678 0.029
5416.69067 18.666 0.042
5421.52459 18.734 0.039
5422.50774 18.809 0.048
5423.63617 18.671 0.032
5426.73795 18.432 0.050
5430.66887 18.676 0.054
5431.66278 18.649 0.044
5433.63324 18.643 0.049
5434.64035 18.617 0.038
5435.63768 18.646 0.036
5437.50281 18.732 0.032
5438.69250 18.607 0.033
5443.51345 18.701 0.043
5444.52256 18.762 0.049
5445.63071 18.664 0.031
5446.62902 18.602 0.030
5448.49200 18.705 0.030
5449.58526 18.625 0.036
5451.49459 18.656 0.064
5457.48002 18.662 0.041
5458.53615 18.696 0.055
5459.56915 18.679 0.039
5461.61000 18.697 0.049
5463.53339 18.668 0.034
5464.52526 18.696 0.045
5467.52271 18.047 0.020
5470.55771 18.167 0.024
5472.53274 18.329 0.037
5476.49576 18.786 0.048
5479.52451 18.772 0.045
5481.51903 18.687 0.056
5486.52728 18.748 0.054
5488.52132 18.698 0.045
5490.53299 18.714 0.064
5495.51203 18.737 0.041
5499.53430 18.706 0.054
5621.87610 18.677 0.032
5625.84893 18.746 0.041
5627.85620 18.684 0.031
5628.89241 18.748 0.034
5630.85749 18.756 0.041
5632.84760 18.662 0.037
5634.82995 18.656 0.041
5635.89546 18.702 0.040
5638.80716 18.693 0.043
5639.86126 18.735 0.039
5641.81328 18.712 0.042
5643.82498 18.665 0.036
5648.85767 18.625 0.031
5650.77483 18.711 0.030
5652.76255 18.746 0.036
5654.87281 18.627 0.029
5656.84522 18.681 0.026
5658.84699 18.653 0.029
5659.89534 18.636 0.028
5662.79765 18.752 0.034
5664.89361 18.658 0.038
5667.85707 18.657 0.030
5670.74001 18.828 0.072
5675.91436 18.722 0.044
5677.86890 18.645 0.028
5680.75207 18.777 0.040
5681.92964 18.798 0.046
5683.90710 18.797 0.037
5685.89188 18.662 0.028
5687.79771 18.692 0.031
5690.81062 18.705 0.032
5692.72319 18.653 0.032
5693.83321 18.688 0.033
5694.91644 18.785 0.045
5696.71941 18.762 0.036
5697.80834 18.673 0.034
5698.88503 19.021 0.071
5706.64653 18.901 0.063
5707.84513 18.773 0.041
5709.60050 18.678 0.037
5713.77560 18.801 0.031
5715.82472 18.838 0.043
5721.67572 18.696 0.036
5721.68830 18.661 0.037
5721.70147 18.739 0.035
5723.54921 18.704 0.049
5724.66514 18.637 0.037
5726.60362 18.672 0.047
5735.77731 18.774 0.040
5736.86860 18.742 0.038
5738.58133 18.589 0.030
5739.74369 18.807 0.034
5740.82596 18.725 0.048
5741.86407 18.746 0.035
5742.87573 18.641 0.035
5744.59201 18.653 0.039
5745.69071 18.751 0.035
5746.86048 18.728 0.056
5749.60749 18.813 0.042
5761.55315 18.709 0.025
5762.67447 18.735 0.040
5763.81559 18.682 0.062
5765.62100 18.670 0.027
5766.74166 18.605 0.034
5768.57759 18.643 0.030
5769.71552 18.593 0.033
5776.74139 18.231 0.040
5779.63309 18.344 0.023
5785.71439 18.977 0.074
5787.67896 18.771 0.046
5790.59286 18.703 0.043
5793.69260 18.773 0.040
5796.50553 18.774 0.040
5801.69532 18.820 0.052
5805.56152 18.784 0.032
5815.63322 18.615 0.034
5818.53639 18.788 0.046
5820.61114 18.820 0.045
5823.53735 18.976 0.064
5824.54667 18.820 0.039
5825.55032 18.772 0.043
5826.52753 18.818 0.049
5828.51118 18.780 0.040
5829.62532 18.788 0.043
5832.49210 18.781 0.035
5834.52740 18.745 0.034
5839.50829 18.805 0.083
5841.50562 18.869 0.066
5843.50249 18.736 0.056
5845.51783 18.667 0.060
5850.57090 18.734 0.038
5854.51547 18.775 0.054
5859.52555 18.812 0.048
5978.89323 18.725 0.043
5983.89921 18.653 0.037
5986.89629 18.652 0.035
5989.87581 18.826 0.051
5992.81452 18.577 0.042
5994.88728 18.765 0.041
5996.89992 18.732 0.032
5998.91294 18.601 0.047
6004.80367 18.776 0.045
6006.79711 18.665 0.031
6007.91871 18.694 0.045
6009.86375 18.816 0.034
6011.77119 18.859 0.046
6012.91216 18.658 0.023
6014.84554 18.633 0.028
6016.74449 18.762 0.034
6017.83686 18.679 0.026
6019.75184 18.837 0.046
6020.82685 18.607 0.024
6021.88965 18.697 0.029
6023.73354 18.741 0.045
6024.71763 18.783 0.059
6025.78236 18.660 0.048
6032.71396 18.696 0.042
6033.92556 18.760 0.049
6036.90491 18.566 0.027
6038.92741 18.697 0.048
6041.75800 18.733 0.046
6047.91575 18.799 0.038
6049.86273 18.711 0.035
6052.65803 18.806 0.066
6053.78453 18.634 0.034
6058.78678 18.022 0.018
6059.77642 18.098 0.020
6061.93152 18.152 0.025
6063.88206 18.399 0.030
6065.75015 18.610 0.029
6066.93996 18.625 0.034
6068.68440 18.658 0.031
6069.85618 18.625 0.025
6070.91039 18.887 0.045
6075.61273 18.710 0.029
6076.73940 18.768 0.031
6078.60051 18.617 0.039
6079.65356 18.638 0.028
6080.71039 18.741 0.034
6081.74444 18.674 0.038
6082.62773 18.932 0.078
6082.85583 18.720 0.065
6085.93367 18.847 0.073
6087.57965 18.663 0.034
6089.74461 18.676 0.031
6093.62070 18.635 0.029
6094.76659 18.788 0.044
6096.88777 18.697 0.048
6098.68923 18.709 0.037
6100.63945 18.656 0.036
6101.66897 18.724 0.027
6102.73084 18.684 0.032
6103.75242 18.760 0.035
6104.81700 18.829 0.035
6108.52055 18.705 0.052
6109.82929 18.626 0.045
6114.58915 18.981 0.070
6115.61309 18.797 0.038
6116.74818 18.756 0.037
6117.81206 18.696 0.042
6118.84931 18.751 0.040
6120.56493 18.827 0.046
6121.66017 18.762 0.029
6123.77233 18.682 0.033
6125.52865 18.772 0.041
6126.68016 18.649 0.034
6128.66385 18.743 0.030
6132.80105 18.795 0.046
6135.50850 18.897 0.051
6140.52346 18.602 0.058
6141.65905 18.704 0.043
6143.64210 18.745 0.057
6147.53120 18.771 0.036
6148.49993 18.667 0.028
6150.64174 18.680 0.030
6151.53032 18.819 0.054
6152.65768 18.652 0.028
6158.50540 18.682 0.028
6160.50785 18.748 0.035
6164.51009 18.930 0.050
6168.52598 18.632 0.041
6171.51363 18.625 0.027
6175.50070 18.730 0.033
6180.56475 18.756 0.039
6182.66544 18.715 0.040
6185.49902 18.759 0.033
6186.49713 18.830 0.046
6195.48727 18.748 0.043
6196.61659 18.682 0.047
6200.59398 18.841 0.067
6204.59233 18.777 0.046
6208.52098 18.816 0.053
6211.57883 18.756 0.038
6212.49798 18.689 0.038
6214.53296 18.790 0.044
6216.50696 18.867 0.048
6219.53339 18.838 0.045
6225.57426 18.814 0.063
6348.82616 18.634 0.041
6351.87370 18.660 0.033
6358.84685 18.792 0.035
6360.81367 18.613 0.029
6362.84692 18.695 0.035
6368.83840 18.682 0.030
6370.84827 18.654 0.029
6373.80887 18.712 0.034
6375.76134 18.636 0.032
6376.89130 18.646 0.024
6378.84310 18.435 0.023
6380.78156 18.794 0.037
6381.91809 18.465 0.027
6386.86332 18.751 0.033
6388.74952 18.745 0.038
6389.86864 18.702 0.030
6394.77627 18.759 0.038
6396.75961 18.682 0.027
6398.70727 18.707 0.033
6399.87562 18.464 0.028
6400.68835 18.854 0.045
6401.91566 18.766 0.032
6403.83612 18.594 0.023
6406.76311 18.487 0.038
6408.74631 18.532 0.042
6415.90691 18.804 0.041
6417.80275 18.510 0.023
6418.91403 18.604 0.027
6420.74398 18.535 0.020
6422.85554 18.638 0.053
6424.73448 18.712 0.029
6426.93858 18.698 0.053
6431.72270 18.651 0.035
6432.83900 18.840 0.045
6434.65883 18.789 0.053
6435.79278 18.796 0.036
6436.86619 18.548 0.036
6441.84755 18.691 0.054
6442.90478 18.679 0.038
6445.68884 18.630 0.032
6446.60678 18.676 0.029
6447.66305 18.586 0.030
6448.69459 18.474 0.028
6449.74864 18.760 0.037
6450.80432 18.655 0.029
6451.86492 18.674 0.034
6454.58504 18.703 0.038
6455.69033 18.530 0.027
6457.68883 18.653 0.027
6458.77486 18.541 0.028
6459.82955 18.658 0.032
6461.70636 18.827 0.044
6463.58134 18.804 0.053
6464.67139 18.695 0.042
6468.78076 18.586 0.039
6472.62469 18.219 0.029
6473.75341 18.609 0.029
6474.82810 18.659 0.047
6476.51717 18.567 0.039
6477.59210 18.466 0.027
6479.61066 18.337 0.026
6480.78942 18.043 0.021
6483.65337 18.300 0.025
6485.81162 18.556 0.034
6487.53184 18.544 0.029
6491.47332 18.722 0.050
6492.60220 18.653 0.039
6497.61598 18.706 0.051
6498.73970 18.864 0.043
6501.64163 18.742 0.037
6505.69561 18.543 0.031
6508.55819 18.740 0.036
6509.75449 18.653 0.038
6511.70811 18.732 0.033
6515.72205 18.669 0.027
6519.51529 18.757 0.032
6526.69960 18.790 0.046
6532.53890 18.794 0.032
6541.51747 18.693 0.036
6545.57726 18.585 0.029
6555.58948 18.795 0.046
6564.49612 18.842 0.053
6570.54712 18.640 0.036
6573.50840 18.757 0.043
6582.54378 18.711 0.043
6585.53220 18.804 0.059
6599.53613 18.823 0.049
