5268.82630 19.908 0.071
5271.84390 20.184 0.090
5273.81683 20.126 0.082
5276.89165 20.174 0.093
5277.80062 20.150 0.108
5281.90119 20.204 0.089
5284.88206 20.349 0.154
5294.78402 20.292 0.083
5294.85128 20.116 0.077
5294.89105 20.201 0.078
5295.78596 20.334 0.097
5295.86236 20.324 0.091
5295.90194 20.091 0.080
5297.89991 20.106 0.071
5300.84144 20.397 0.109
5300.88113 20.131 0.085
5300.91999 20.303 0.104
5304.73529 20.145 0.164
5304.77462 20.219 0.124
5307.69778 20.207 0.104
5307.76131 20.233 0.111
5307.82270 20.377 0.117
5307.86205 20.202 0.098
5307.90172 20.126 0.093
5308.68905 20.141 0.116
5308.75090 20.449 0.151
5308.81243 20.093 0.088
5308.85033 20.200 0.094
5310.73246 20.460 0.159
5310.78882 20.259 0.113
5310.86427 19.783 0.061
5310.90226 20.584 0.150
5311.78765 20.226 0.162
5311.84602 20.654 0.174
5311.89493 20.464 0.168
5312.70926 20.150 0.171
5312.75862 20.420 0.187
5312.80116 20.275 0.157
5312.84094 20.158 0.140
5312.88579 20.009 0.110
5312.92293 20.274 0.129
5313.79500 20.499 0.220
5313.83400 20.155 0.162
5313.87423 20.122 0.185
5313.91206 20.058 0.160
5314.68275 20.067 0.163
5314.72519 20.108 0.191
5314.76486 20.326 0.177
5314.80241 19.973 0.128
5314.86021 20.752 0.295
5315.65143 20.861 0.498
5315.70019 21.060 0.597
5315.74817 20.238 0.210
5315.78570 20.236 0.161
5315.82358 20.577 0.240
5315.86368 20.334 0.238
5315.90567 19.971 0.159
5316.69666 20.138 0.256
5316.74170 19.983 0.232
5316.78152 19.752 0.153
5316.82074 20.151 0.220
5316.87593 20.350 0.568
5324.70612 20.106 0.126
5324.74525 20.169 0.097
5324.78262 20.426 0.187
5324.82299 19.993 0.103
5324.86172 20.199 0.121
5324.89905 20.431 0.132
5325.69846 20.139 0.095
5325.73499 20.265 0.102
5325.77331 20.237 0.095
5325.81282 20.567 0.148
5325.86031 20.515 0.153
5325.89904 19.987 0.092
5325.93960 20.074 0.282
5326.67331 20.452 0.133
5326.73399 20.387 0.128
5326.77138 20.511 0.133
5326.81092 20.378 0.110
5326.84917 20.147 0.109
5326.88763 20.025 0.097
5326.92636 20.276 0.145
5327.79730 20.132 0.105
5327.83560 20.157 0.140
5334.77654 20.131 0.089
5338.80575 20.241 0.252
5339.74836 20.211 0.148
5339.81362 20.148 0.136
5339.91917 20.457 0.267
5340.75234 20.075 0.150
5340.81005 19.815 0.178
5340.84807 20.423 0.235
5340.88654 20.136 0.141
5340.92415 19.782 0.135
5341.67149 20.239 0.119
5341.74287 20.262 0.133
5342.64513 20.203 0.202
5342.68276 20.126 0.146
5342.72026 20.601 0.223
5342.76133 20.355 0.174
5342.80325 20.191 0.191
5342.84099 19.993 0.137
5342.87886 20.584 0.273
5342.91671 20.045 0.193
5343.62601 20.040 0.187
5343.66369 20.097 0.152
5343.70143 20.091 0.153
5343.73943 20.159 0.166
5343.77984 20.405 0.212
5343.81892 20.145 0.155
5343.85702 20.514 0.225
5343.86975 20.017 0.171
5343.90785 20.256 0.236
5348.60385 20.330 0.185
5348.67332 19.966 0.107
5348.76604 20.281 0.132
5348.80431 20.124 0.134
5348.84220 20.193 0.125
5348.88672 19.918 0.128
5348.92636 20.327 0.227
5349.60280 19.775 0.139
5349.68458 20.194 0.158
5349.81740 20.196 0.137
5349.85661 19.907 0.136
5350.65501 20.472 0.205
5350.69256 20.104 0.171
5350.73127 20.039 0.135
5351.65051 20.048 0.085
5351.72964 20.210 0.114
5351.81565 20.139 0.125
5351.88988 19.839 0.153
5352.65291 20.487 0.151
5352.74657 20.075 0.101
5352.81599 20.318 0.127
5352.83087 20.188 0.120
5352.88622 20.138 0.146
5352.92384 20.055 0.150
5353.63610 20.112 0.099
5353.71286 20.053 0.082
5353.78104 20.069 0.095
5353.81874 20.180 0.120
5353.86352 20.750 0.210
5354.65862 20.115 0.110
5354.75393 20.126 0.114
5354.83017 20.408 0.152
5354.87051 20.300 0.162
5354.90909 20.059 0.162
5355.59969 20.357 0.133
5355.68424 20.292 0.121
5355.77130 20.106 0.124
5355.82405 20.285 0.147
5355.87259 20.414 0.227
5357.68183 20.024 0.109
5357.77227 20.435 0.176
5357.87253 20.384 0.238
5358.74524 20.431 0.150
5358.85541 19.987 0.114
5359.57813 20.178 0.162
5359.62234 20.090 0.133
5359.67552 19.956 0.096
5359.85869 20.420 0.195
5361.67055 20.057 0.128
5362.66595 20.104 0.093
5362.76045 20.133 0.096
5362.88043 20.101 0.196
5364.56802 20.178 0.102
5364.63942 20.055 0.072
5364.73525 20.030 0.132
5364.79227 19.886 0.136
5364.83164 19.980 0.110
5364.87163 20.358 0.164
5365.58530 20.372 0.149
5365.65977 20.093 0.123
5365.75562 20.124 0.116
5365.83031 20.176 0.129
5365.86896 19.861 0.135
5368.79293 19.838 0.099
5369.82442 20.372 0.200
5377.56121 20.590 0.216
5377.60253 20.401 0.209
5377.64892 20.228 0.113
5377.66934 20.165 0.130
5377.71456 20.680 0.185
5377.75764 20.191 0.125
5377.80034 19.939 0.124
5377.83855 20.154 0.162
5378.56315 20.356 0.122
5378.64782 20.163 0.108
5378.72418 20.182 0.097
5378.76246 20.300 0.103
5378.80100 20.242 0.136
5378.84087 20.120 0.155
5378.87858 20.055 0.185
5379.51759 20.063 0.123
5379.59958 20.147 0.109
5379.68612 20.221 0.117
5379.75536 20.083 0.109
5379.79298 20.212 0.142
5379.83076 20.225 0.196
5379.87183 19.713 0.164
5380.52908 20.407 0.125
5380.58206 20.297 0.096
5380.66844 20.182 0.084
5380.72484 20.221 0.106
5380.76309 19.936 0.103
5380.80096 19.809 0.126
5380.83886 19.656 0.148
5381.57614 20.244 0.200
5381.61629 20.030 0.165
5381.67573 20.157 0.136
5381.71401 20.352 0.196
5381.75216 20.267 0.234
5381.79907 20.109 0.162
5381.83720 19.753 0.152
5382.52737 20.609 0.238
5382.56493 20.205 0.214
5382.61436 20.111 0.145
5382.65295 20.274 0.161
5382.69407 20.625 0.186
5382.73389 19.893 0.116
5382.77170 20.037 0.194
5382.82244 20.391 0.245
5385.51133 20.093 0.100
5385.52508 20.021 0.114
5385.62458 20.304 0.132
5385.72691 20.129 0.099
5385.81184 19.934 0.084
5385.84940 20.489 0.174
5386.60899 20.265 0.112
5386.74484 19.998 0.081
5386.78315 20.043 0.088
5386.82614 20.273 0.138
5387.50533 20.276 0.096
5387.61434 20.269 0.070
5387.64965 20.301 0.073
5387.68860 20.137 0.081
5387.72720 20.139 0.073
5387.76799 20.134 0.101
5387.80918 19.830 0.109
5388.50676 19.889 0.093
5388.56664 20.272 0.122
5388.67908 20.406 0.130
5388.76573 20.456 0.148
5388.80902 20.227 0.145
5389.50607 20.003 0.125
5389.54455 19.904 0.088
5389.65187 20.383 0.139
5389.75702 20.087 0.127
5389.79629 20.305 0.205
5389.83585 20.121 0.151
5390.53932 20.189 0.137
5390.58504 19.958 0.135
5390.67074 20.196 0.151
5390.72045 20.171 0.106
5390.75870 20.157 0.095
5390.79651 20.076 0.104
5391.53056 20.040 0.111
5391.56791 19.993 0.131
5391.65144 20.017 0.105
5391.75856 20.410 0.176
5391.82019 20.036 0.142
5392.54442 20.556 0.171
5392.62834 20.313 0.111
5392.73796 19.983 0.076
5392.79768 19.920 0.098
5392.83520 20.470 0.265
5396.52650 19.982 0.153
5396.60076 20.152 0.127
5396.66389 20.450 0.174
5396.77094 20.261 0.108
5397.61959 19.566 0.120
5397.66426 19.694 0.101
5397.70206 19.910 0.138
5403.49325 20.209 0.125
5403.53041 20.124 0.112
5403.56793 20.078 0.121
5403.60841 20.224 0.143
5403.64776 19.909 0.112
5404.50641 20.177 0.127
5404.54421 20.386 0.171
5404.58202 20.220 0.160
5404.62520 20.275 0.141
5404.70355 20.386 0.179
5404.74304 20.125 0.162
5404.78684 20.285 0.233
5405.64154 20.360 0.189
5405.68137 20.204 0.155
5405.71923 20.030 0.130
5405.75680 20.491 0.213
5407.49599 20.392 0.165
5407.53401 20.278 0.166
5407.57230 19.753 0.114
5408.56751 20.009 0.138
5408.60754 20.500 0.173
5409.59476 20.346 0.104
5409.70129 20.151 0.113
5409.76243 20.364 0.172
5410.51277 20.549 0.161
5410.59790 20.238 0.104
5410.70473 20.349 0.138
5410.76668 20.063 0.120
5411.52687 20.352 0.104
5411.74160 20.237 0.129
5412.55080 20.548 0.185
5412.59102 20.074 0.148
5412.62943 20.139 0.128
5412.67271 19.941 0.106
5413.49242 20.798 0.203
5413.55312 20.158 0.105
5413.66017 20.238 0.074
5413.74462 20.109 0.105
5414.51059 20.275 0.100
5414.59583 20.097 0.092
5414.70747 20.308 0.117
5416.68548 19.821 0.102
5418.54755 20.505 0.102
5418.59763 20.131 0.087
5418.64776 20.233 0.100
5418.69717 19.993 0.102
5421.54891 20.512 0.134
5421.56546 20.423 0.127
5421.65314 20.498 0.150
5421.69555 20.110 0.104
5422.53047 20.251 0.146
5422.62900 20.092 0.075
5422.75679 19.970 0.147
5423.51306 20.263 0.095
5423.58468 20.188 0.093
5423.69254 20.123 0.140
5425.52139 20.332 0.117
5426.52750 20.057 0.288
5430.51350 20.342 0.200
5430.55959 19.971 0.123
5430.59763 20.342 0.171
5430.63666 20.041 0.145
5431.51438 20.161 0.129
5431.55467 20.105 0.121
5431.59242 20.451 0.160
5431.63389 20.088 0.173
5431.67305 20.275 0.236
5432.54548 20.417 0.249
5432.65104 20.111 0.188
5433.62940 19.893 0.131
5433.67492 20.658 0.303
5434.50557 20.373 0.180
5434.55086 20.110 0.139
5434.58930 20.521 0.191
5434.63652 19.987 0.119
5434.67895 20.532 0.249
5435.51785 20.443 0.176
5435.56298 20.202 0.145
5435.63384 20.186 0.129
5435.68206 20.082 0.124
5436.66003 19.986 0.115
5437.62199 20.133 0.092
5438.51090 19.820 0.101
5438.57316 20.444 0.200
5438.65099 20.101 0.118
5438.68862 19.898 0.099
5439.52063 20.433 0.227
5439.60440 20.055 0.141
5439.64256 20.108 0.152
5444.59109 20.271 0.131
5444.63315 20.009 0.121
5444.67127 20.113 0.176
5445.64092 19.971 0.093
5446.51547 20.163 0.121
5446.56125 20.158 0.121
5446.60107 20.114 0.124
5446.64029 20.036 0.116
5447.63569 20.463 0.182
5448.66308 20.010 0.147
5449.61735 20.300 0.156
5450.50599 19.997 0.114
5451.50323 20.636 0.445
5457.54227 20.115 0.102
5457.59897 20.383 0.166
5458.58336 19.997 0.135
5459.59036 20.612 0.213
5460.57687 19.906 0.283
5461.53760 20.128 0.183
5461.58008 20.378 0.411
5463.54398 20.081 0.128
5468.55061 19.873 0.142
5472.54340 20.449 0.212
5472.54945 20.138 0.176
5477.53733 20.322 0.187
5479.50653 20.411 0.204
5624.83192 20.692 0.188
5627.83542 20.659 0.156
5628.84616 19.873 0.082
5629.81434 20.464 0.145
5632.82678 20.414 0.148
5634.83889 19.902 0.096
5635.84628 20.054 0.131
5637.79983 20.335 0.186
5638.78624 20.293 0.186
5639.85754 20.291 0.114
5640.87244 20.464 0.161
5640.91334 20.321 0.234
5641.82164 20.212 0.132
5641.85984 20.150 0.126
5641.90448 20.205 0.151
5642.84059 20.167 0.139
5642.90047 19.897 0.125
5643.79431 20.344 0.167
5643.85416 20.436 0.143
5643.89501 20.283 0.129
5644.81347 20.429 0.180
5644.87124 20.298 0.157
5647.85069 20.236 0.118
5647.86732 20.043 0.120
5647.88331 19.958 0.123
5647.90114 20.570 0.263
5648.80837 20.281 0.107
5648.85239 20.283 0.096
5648.89562 20.262 0.127
5649.79083 20.427 0.109
5649.85827 20.231 0.094
5649.89678 19.952 0.084
5650.78271 20.582 0.113
5650.84508 20.183 0.094
5650.88925 20.332 0.147
5651.76436 20.018 0.086
5651.87765 20.173 0.112
5652.80589 20.280 0.085
5652.84820 20.404 0.105
5653.77283 20.177 0.088
5654.77425 20.453 0.141
5654.82449 20.348 0.125
5654.86604 19.963 0.080
5654.91906 19.945 0.130
5655.76581 20.564 0.172
5655.80383 20.436 0.133
5655.84200 20.317 0.100
5655.88898 19.836 0.081
5656.78386 20.572 0.151
5656.82747 20.164 0.080
5656.87183 20.087 0.085
5657.77515 20.164 0.082
5657.81386 20.077 0.077
5657.85926 20.407 0.110
5657.90390 20.199 0.108
5658.76894 20.127 0.142
5658.81018 20.348 0.139
5658.86713 20.151 0.106
5658.90861 20.452 0.163
5659.72394 20.419 0.143
5659.76148 20.071 0.089
5659.80080 20.269 0.111
5659.83975 20.192 0.125
5659.88880 20.167 0.095
5659.93069 20.357 0.298
5660.76227 20.194 0.119
5660.80271 19.825 0.076
5660.85908 20.038 0.122
5660.91748 20.305 0.154
5662.75358 20.091 0.139
5662.79385 20.224 0.105
5662.85394 20.233 0.115
5662.89521 20.371 0.128
5663.75182 20.626 0.174
5664.75775 20.455 0.214
5664.80027 20.197 0.113
5664.86002 19.975 0.118
5664.90390 20.158 0.107
5665.72117 19.850 0.107
5665.76650 20.223 0.151
5665.83686 20.135 0.087
5665.88370 20.243 0.106
5665.92389 20.518 0.140
5667.76059 20.231 0.109
5667.81253 20.297 0.119
5667.85477 20.216 0.102
5667.90820 20.387 0.102
5668.73812 19.798 0.106
5668.81464 19.771 0.093
5668.87369 20.504 0.205
5668.91386 20.517 0.212
5669.76206 20.590 0.203
5669.80198 20.325 0.157
5669.85225 20.552 0.186
5669.90367 20.329 0.174
5670.77657 20.397 0.168
5670.84037 19.760 0.122
5670.88280 19.910 0.115
5670.92280 19.820 0.107
5671.75976 20.018 0.122
5675.72188 20.120 0.107
5675.76032 20.189 0.124
5675.79880 20.005 0.109
5675.85706 20.286 0.143
5675.91195 19.798 0.107
5676.68657 20.351 0.075
5676.72555 20.574 0.112
5676.76501 20.050 0.073
5676.80437 20.232 0.097
5676.86462 20.282 0.108
5676.91466 19.848 0.075
5677.71951 20.188 0.102
5677.76161 20.250 0.100
5677.80386 19.932 0.104
5677.86522 20.108 0.096
5677.90673 20.214 0.096
5679.68411 20.338 0.143
5679.72572 20.143 0.098
5679.77755 20.171 0.111
5679.87067 19.966 0.085
5679.90912 20.180 0.111
5680.67168 20.179 0.125
5680.71025 19.826 0.102
5680.74954 19.956 0.094
5680.79943 20.068 0.100
5680.85396 20.618 0.162
5680.89592 20.378 0.121
5681.66254 20.113 0.134
5681.70087 20.434 0.140
5681.73967 20.283 0.100
5681.79096 20.121 0.112
5681.84482 20.086 0.107
5681.88708 20.469 0.149
5681.92654 20.165 0.126
5682.68940 20.135 0.125
5682.73077 20.024 0.100
5682.77937 20.186 0.108
5682.83213 20.203 0.109
5682.85779 20.197 0.113
5682.86796 20.367 0.127
5682.91034 19.868 0.120
5683.66024 20.219 0.124
5683.71174 20.127 0.095
5683.79104 19.975 0.086
5683.83174 19.983 0.081
5683.89152 20.173 0.111
5683.93299 20.249 0.173
5684.69402 20.132 0.112
5684.74431 20.235 0.094
5684.79428 20.226 0.116
5684.86489 20.099 0.109
5684.90541 20.257 0.126
5685.65687 20.188 0.129
5685.78096 20.424 0.099
5685.81988 20.163 0.076
5685.87471 20.205 0.091
5685.91691 20.102 0.101
5686.67083 20.066 0.118
5686.73022 20.532 0.148
5686.78638 20.129 0.075
5686.83481 19.977 0.105
5686.87694 19.867 0.088
5686.91592 20.163 0.138
5687.67092 20.212 0.172
5687.71572 20.351 0.146
5687.76656 20.169 0.111
5687.81857 19.894 0.076
5688.83062 20.215 0.128
5688.88405 20.261 0.113
5689.67419 20.338 0.147
5689.73880 20.030 0.093
5689.78723 20.336 0.093
5689.82766 19.850 0.087
5690.65488 20.097 0.107
5690.70503 20.303 0.118
5690.76653 20.190 0.129
5690.80744 20.273 0.125
5690.86831 19.585 0.110
5691.61977 20.221 0.223
5691.68702 20.257 0.122
5691.74505 20.187 0.114
5691.78928 20.009 0.110
5691.83863 20.123 0.119
5691.87739 20.096 0.110
5692.61098 20.130 0.237
5692.68205 20.308 0.134
5692.74136 20.224 0.127
5692.77911 20.261 0.140
5692.81964 19.882 0.098
5692.85768 20.476 0.152
5692.89605 20.058 0.122
5692.93585 20.066 0.191
5693.64649 19.975 0.119
5693.70597 20.183 0.103
5693.76515 20.098 0.081
5693.80298 20.210 0.097
5693.84167 20.288 0.108
5693.87957 20.236 0.130
5693.92143 20.717 0.247
5694.62410 20.257 0.146
5694.65856 20.425 0.166
5694.71128 20.320 0.150
5694.76569 20.495 0.173
5694.81179 20.269 0.116
5694.84972 20.151 0.113
5694.88731 20.643 0.213
5694.92475 20.004 0.134
5695.60975 20.397 0.291
5695.62840 19.981 0.150
5695.68109 20.613 0.221
5695.76263 19.893 0.094
5695.81264 20.320 0.121
5695.85156 20.072 0.081
5695.88934 19.883 0.082
5695.92693 20.674 0.192
5696.61735 19.857 0.125
5696.65850 20.213 0.153
5696.71531 20.061 0.116
5696.75467 20.520 0.172
5696.79649 20.127 0.118
5696.83949 20.726 0.214
5696.88137 20.504 0.197
5696.93737 21.017 0.464
5697.62665 19.882 0.117
5697.67405 20.056 0.115
5697.72165 20.161 0.141
5697.76057 20.278 0.153
5697.80399 20.319 0.145
5697.84160 20.455 0.154
5697.88625 20.277 0.150
5697.92700 20.186 0.163
5698.61932 20.290 0.251
5698.66709 20.021 0.163
5698.70750 19.848 0.149
5698.74741 20.298 0.221
5698.78595 20.431 0.254
5698.82861 20.592 0.262
5698.86646 19.789 0.124
5698.90800 20.563 0.374
5702.59562 20.297 0.267
5702.61894 19.713 0.145
5702.65543 20.064 0.251
5702.68890 19.663 0.170
5702.74392 20.401 0.353
5702.77487 20.519 0.243
5702.87216 20.213 0.191
5702.90897 20.123 0.287
5703.73145 20.251 0.215
5703.78134 19.988 0.186
5703.84851 21.017 0.520
5705.72497 20.057 0.114
5705.76732 19.957 0.125
5705.82064 20.428 0.147
5705.87231 20.039 0.159
5705.91782 20.041 0.216
5706.65863 20.307 0.162
5706.75515 20.200 0.177
5706.80720 20.162 0.198
5706.87276 20.258 0.203
5707.60326 20.044 0.105
5707.65054 20.264 0.114
5707.69778 20.191 0.119
5707.73595 20.360 0.156
5707.77630 20.282 0.114
5707.81597 20.338 0.118
5707.85512 20.339 0.167
5707.89713 20.315 0.178
5708.56912 20.321 0.276
5708.62149 20.237 0.185
5708.67783 20.024 0.103
5708.72711 20.249 0.123
5708.76786 19.992 0.130
5708.81678 20.173 0.127
5708.86208 19.873 0.124
5708.91469 19.573 0.164
5709.59615 20.037 0.117
5709.65123 19.977 0.088
5709.83273 19.432 0.058
5711.78176 20.457 0.221
5712.61228 20.267 0.125
5712.69596 20.399 0.132
5712.73570 20.253 0.102
5712.77833 20.071 0.090
5712.81813 20.192 0.135
5712.86093 20.199 0.162
5713.74255 20.234 0.110
5713.83250 19.710 0.079
5713.87300 20.108 0.167
5714.62880 20.677 0.222
5714.64247 20.299 0.131
5714.85716 19.713 0.102
5715.57520 20.389 0.168
5715.59208 20.340 0.136
5715.63279 20.156 0.097
5715.68563 20.305 0.109
5715.73211 20.219 0.097
5715.77802 20.049 0.082
5715.82191 20.036 0.102
5715.86164 20.192 0.136
5715.91813 20.186 0.205
5716.65264 20.485 0.151
5716.71705 20.035 0.089
5716.75727 20.185 0.119
5716.80101 20.417 0.143
5716.83994 20.073 0.118
5716.88041 20.409 0.177
5721.56127 20.029 0.124
5721.57523 20.053 0.114
5721.65075 20.608 0.214
5721.72749 20.421 0.155
5721.74194 20.627 0.181
5721.79259 20.346 0.145
5721.83169 20.299 0.178
5721.88363 19.915 0.145
5722.55866 20.052 0.106
5722.57200 20.371 0.119
5722.63147 20.082 0.096
5722.68634 20.123 0.109
5722.72799 20.069 0.097
5722.74210 19.989 0.087
5722.79129 20.248 0.121
5722.83277 20.055 0.114
5723.57298 20.049 0.111
5723.62116 20.254 0.127
5723.66876 20.347 0.135
5723.71010 20.515 0.138
5723.75080 20.246 0.110
5723.78922 20.338 0.115
5723.82836 20.094 0.109
5724.57217 20.192 0.178
5724.64917 20.010 0.132
5724.70131 19.836 0.112
5724.75123 20.090 0.123
5724.80170 20.085 0.141
5725.54227 19.999 0.125
5725.61839 20.332 0.115
5725.68494 19.985 0.095
5725.72560 20.220 0.110
5725.76479 20.465 0.163
5725.81110 20.142 0.151
5726.56622 20.041 0.172
5726.61330 19.930 0.138
5726.65115 20.030 0.153
5726.69895 20.265 0.140
5726.74023 20.198 0.253
5726.78572 20.245 0.265
5734.59342 20.411 0.201
5734.67496 20.106 0.120
5734.72014 19.954 0.144
5734.76591 20.064 0.144
5734.80935 20.603 0.241
5734.85969 20.042 0.186
5735.64750 19.997 0.129
5735.69300 20.298 0.142
5735.75532 20.141 0.119
5735.80422 20.009 0.111
5735.85100 20.176 0.164
5736.50826 20.340 0.189
5736.55126 20.294 0.141
5736.58923 20.053 0.087
5736.63353 20.210 0.085
5736.67356 20.195 0.098
5736.72654 20.295 0.087
5736.74329 20.127 0.089
5736.79968 20.471 0.138
5736.84678 20.176 0.124
5736.89356 20.239 0.202
5737.53446 20.256 0.129
5737.57444 19.891 0.075
5737.62714 20.022 0.068
5737.66947 20.210 0.074
5737.72400 20.100 0.076
5737.76340 20.158 0.090
5737.80411 19.988 0.081
5737.84969 20.153 0.124
5737.89035 20.176 0.157
5738.60270 20.577 0.149
5738.65582 20.125 0.079
5738.71026 20.134 0.093
5738.74978 20.609 0.136
5739.54087 20.340 0.163
5739.57909 20.195 0.134
5739.61968 20.259 0.105
5739.68684 20.034 0.089
5739.72635 20.209 0.095
5739.76529 20.411 0.128
5739.80777 19.849 0.107
5739.86116 20.128 0.190
5740.51502 19.899 0.106
5740.55971 19.779 0.116
5740.62142 19.968 0.149
5740.66332 20.224 0.132
5740.72404 20.025 0.095
5740.76383 20.152 0.100
5740.80847 20.228 0.143
5740.84670 20.414 0.222
5741.49542 19.963 0.134
5741.53364 20.271 0.125
5741.57896 20.072 0.098
5741.61676 20.488 0.152
5741.65482 20.324 0.112
5741.71602 20.074 0.091
5741.75756 19.939 0.071
5741.79598 20.019 0.085
5741.83399 20.107 0.108
5741.87217 20.360 0.137
5742.50583 20.127 0.145
5742.54879 20.570 0.205
5742.58992 20.115 0.113
5742.63846 20.243 0.095
5742.69027 20.561 0.122
5742.72926 20.612 0.124
5742.76727 20.339 0.097
5742.80559 20.311 0.099
5742.84578 20.165 0.107
5743.60081 19.901 0.127
5743.63954 19.746 0.094
5743.68048 20.175 0.118
5743.74025 20.231 0.147
5743.77845 20.458 0.199
5743.81649 20.028 0.129
5743.85421 20.910 0.374
5744.49807 20.180 0.202
5744.53614 20.026 0.133
5744.57462 19.893 0.121
5744.61279 20.336 0.149
5744.67365 20.108 0.104
5744.74558 20.217 0.109
5744.79165 20.200 0.105
5744.83798 20.058 0.148
5745.48719 19.719 0.093
5745.52567 19.966 0.135
5745.57241 20.113 0.126
5745.61263 20.281 0.185
5745.66209 19.912 0.080
5745.71173 20.009 0.097
5745.74970 20.222 0.111
5745.78778 20.023 0.132
5745.87616 20.363 0.278
5746.58455 20.265 0.108
5746.62222 20.318 0.140
5746.67789 20.167 0.142
5746.72873 20.286 0.139
5746.76645 20.065 0.129
5746.80879 19.844 0.119
5747.58418 19.960 0.179
5747.62754 19.976 0.127
5747.67387 19.962 0.146
5747.71686 20.015 0.118
5747.76095 20.088 0.153
5748.60470 20.359 0.141
5748.65484 20.163 0.129
5749.50016 20.746 0.337
5749.53798 20.071 0.118
5749.57586 19.945 0.107
5749.61537 20.137 0.100
5749.66542 20.186 0.150
5749.70456 19.700 0.094
5749.74279 20.074 0.139
5749.78129 20.327 0.186
5752.54445 19.867 0.150
5752.58230 20.502 0.258
5753.57044 19.954 0.272
5753.62365 20.021 0.268
5753.70959 20.471 0.273
5753.78507 19.634 0.221
5759.80701 20.320 0.268
5760.45851 20.712 0.837
5760.50293 19.528 0.097
5760.55928 20.462 0.201
5760.59739 19.989 0.206
5760.65368 20.056 0.134
5760.69961 20.229 0.170
5760.74844 20.115 0.120
5760.78643 20.134 0.136
5760.82406 19.976 0.164
5761.51936 20.101 0.079
5761.56253 20.123 0.067
5762.48360 20.039 0.113
5762.52422 20.026 0.123
5762.56241 20.069 0.128
5762.60424 20.387 0.139
5762.64321 20.205 0.147
5762.71876 20.196 0.153
5763.47451 19.861 0.101
5763.51716 20.002 0.085
5763.55885 20.087 0.073
5763.61290 20.143 0.122
5763.66104 20.335 0.120
5763.70144 20.768 0.238
5763.74641 20.548 0.198
5763.78440 19.981 0.162
5764.47895 20.347 0.136
5764.52302 20.089 0.095
5764.56273 20.055 0.102
5764.60508 20.198 0.108
5764.65307 20.236 0.098
5764.70121 19.973 0.078
5764.74730 19.991 0.111
5765.48159 20.088 0.118
5765.52438 20.068 0.119
5765.57634 20.201 0.093
5765.67545 20.033 0.103
5765.72043 20.117 0.123
5765.76366 19.633 0.106
5766.49399 19.874 0.102
5766.53357 20.341 0.137
5766.59782 20.249 0.086
5766.63726 20.884 0.184
5766.67806 20.513 0.136
5766.72272 19.799 0.104
5767.47112 19.964 0.165
5767.51494 20.029 0.120
5767.55806 20.279 0.137
5767.60217 20.183 0.152
5767.66998 19.965 0.096
5767.72379 20.063 0.122
5767.76586 19.803 0.136
5767.80699 19.850 0.157
5768.50048 20.089 0.111
5768.55175 20.317 0.127
5768.60242 20.110 0.094
5768.64948 20.215 0.098
5768.69724 20.252 0.097
5768.73975 19.970 0.096
5768.78007 19.955 0.097
5769.48527 20.123 0.137
5769.52741 20.146 0.093
5769.58023 20.174 0.108
5769.63597 19.980 0.078
5769.69268 20.400 0.120
5769.78523 20.194 0.176
5770.72504 20.208 0.133
5770.76651 19.976 0.126
5775.60765 19.995 0.114
5776.62101 20.047 0.139
5776.68684 20.227 0.139
5776.73620 19.807 0.128
5777.49243 20.075 0.105
5777.54252 20.206 0.088
5777.58902 20.218 0.127
5777.66923 20.260 0.095
5777.71981 20.125 0.098
5778.47586 20.218 0.196
5778.52744 20.107 0.160
5778.57389 20.088 0.147
5778.62205 20.587 0.236
5779.61145 20.521 0.126
5779.65775 20.430 0.149
5779.71026 19.980 0.101
5784.49663 20.590 0.362
5784.54545 19.398 0.142
5784.60831 19.854 0.091
5784.70108 20.321 0.210
5785.47384 20.159 0.217
5785.53779 20.155 0.218
5785.59027 19.842 0.120
5785.63943 20.417 0.228
5785.68041 19.891 0.143
5786.52115 19.753 0.149
5786.58342 19.725 0.111
5786.62754 19.724 0.120
5786.67016 19.656 0.110
5786.72712 19.221 0.103
5787.48927 18.630 0.035
5787.56055 18.659 0.032
5787.60469 18.598 0.029
5787.64732 18.517 0.031
5787.68865 18.707 0.041
5788.50409 18.687 0.036
5788.56840 18.669 0.040
5788.60706 18.706 0.037
5788.64884 18.702 0.040
5788.68975 18.648 0.063
5790.48569 18.901 0.042
5790.53477 18.802 0.041
5790.58746 18.746 0.043
5790.62668 18.863 0.048
5790.66760 18.885 0.040
5790.70789 18.938 0.052
5791.47404 18.757 0.059
5791.52413 19.011 0.053
5793.47420 18.928 0.061
5793.53895 18.925 0.042
5793.58153 19.080 0.046
5793.62235 18.864 0.038
5793.66104 19.146 0.046
5793.70241 19.007 0.049
5794.47622 18.954 0.064
5794.53603 19.369 0.058
5794.58856 19.181 0.059
5794.62721 19.121 0.050
5794.67479 19.115 0.053
5795.52598 18.886 0.054
5795.58403 19.252 0.074
5795.64035 19.280 0.066
5796.50022 19.154 0.051
5796.56565 19.330 0.069
5796.60899 19.269 0.054
5796.64906 19.193 0.052
5796.69215 19.590 0.117
5798.67346 19.237 0.083
5801.47952 19.745 0.095
5801.54418 19.733 0.086
5801.58314 19.713 0.092
5801.62126 19.810 0.114
5801.66262 19.674 0.106
5802.52018 20.121 0.151
5802.57704 19.779 0.106
5803.50785 20.006 0.125
5803.58913 20.092 0.154
5804.50439 20.262 0.125
5804.55544 20.036 0.121
5804.59590 20.120 0.114
5804.63382 20.009 0.113
5804.67795 20.335 0.179
5805.50365 20.202 0.092
5805.55612 20.341 0.104
5805.59399 20.097 0.101
5805.64029 19.738 0.117
5806.49670 19.623 0.092
5806.55325 19.898 0.145
5807.54994 19.987 0.137
5807.59152 19.659 0.129
5807.63380 20.019 0.171
5812.49671 19.766 0.163
5812.53702 19.884 0.158
5812.57626 19.759 0.126
5812.61619 19.900 0.175
5813.50422 21.170 0.318
5813.55033 19.904 0.097
5813.58866 20.173 0.116
5813.62647 20.279 0.151
5815.47667 20.718 0.348
5815.52961 20.124 0.104
5815.56808 20.110 0.094
5815.61529 20.367 0.139
5816.50098 20.079 0.111
5816.54846 20.253 0.151
5816.58677 20.192 0.139
5816.62481 20.349 0.263
5817.50214 20.140 0.116
5817.54946 20.470 0.192
5817.58865 20.450 0.233
5817.62648 21.016 0.427
5818.48136 21.050 0.405
5818.53087 20.527 0.209
5818.56890 20.056 0.158
5818.60921 20.036 0.195
5819.48141 20.201 0.182
5819.53958 20.362 0.173
5819.57718 19.926 0.119
5819.61647 20.003 0.125
5820.50828 20.755 0.298
5820.55524 20.265 0.145
5820.59307 19.821 0.109
5820.63087 20.167 0.215
5822.52189 20.689 0.260
5822.56684 20.434 0.189
5822.61032 19.694 0.092
5823.49845 19.920 0.166
5823.54175 20.201 0.186
5823.58529 19.822 0.112
5824.52235 20.305 0.148
5824.56334 19.978 0.101
5824.60455 19.949 0.125
5825.48163 19.752 0.129
5825.53367 20.050 0.133
5825.57999 20.458 0.192
5826.50315 19.829 0.119
5826.55182 20.141 0.153
5826.59130 19.422 0.104
5827.49155 20.208 0.218
5827.52924 19.676 0.131
5827.57206 20.025 0.161
5827.60965 20.323 0.226
5828.50271 20.232 0.121
5828.54260 19.869 0.089
5828.58024 20.076 0.134
5829.51545 20.250 0.146
5829.55337 20.042 0.109
5829.59123 20.074 0.124
5830.47931 20.323 0.178
5830.52862 20.101 0.100
5830.56628 20.097 0.138
5830.60453 20.008 0.158
5831.52738 20.134 0.127
5831.56494 19.906 0.112
5832.51079 20.524 0.165
5832.55037 20.431 0.205
5832.58999 20.207 0.220
5833.50845 20.288 0.140
5833.54834 20.539 0.173
5833.58617 19.978 0.153
5834.50794 20.228 0.114
5834.54563 20.267 0.135
5834.58498 20.435 0.192
5835.52908 19.842 0.157
5839.48206 20.257 0.283
5839.52226 20.060 0.173
5839.56120 19.799 0.193
5840.50866 19.739 0.130
5840.51048 20.433 0.219
5840.56289 20.078 0.151
5841.50829 19.882 0.151
5841.54790 19.908 0.156
5842.50631 20.098 0.214
5842.55449 20.255 0.238
5843.51195 20.351 0.215
5843.55278 20.634 0.289
5844.49626 19.948 0.136
5844.53571 20.268 0.223
5844.57647 20.387 0.300
5845.49662 20.389 0.257
5845.53643 19.902 0.133
5845.57675 20.486 0.294
5846.50048 20.299 0.276
5846.53845 20.296 0.248
5846.57730 20.174 0.311
5850.51119 20.071 0.121
5850.54981 19.828 0.136
5851.50012 20.124 0.132
5851.53846 20.489 0.215
5852.52793 20.187 0.270
5854.49151 19.807 0.218
5854.53471 20.572 0.290
5855.51178 20.406 0.248
5857.49048 20.491 0.571
5858.49131 20.618 0.606
5859.49169 19.497 0.202
5860.50520 20.410 0.243
5861.49357 20.654 0.559
5862.50857 20.102 0.189
5866.49816 20.621 0.595
5867.49775 19.831 0.177
5868.50089 20.136 0.341
5960.87561 20.501 0.148
5961.87078 20.027 0.152
5962.87487 19.959 0.108
5963.87611 20.202 0.154
5965.87854 19.826 0.107
5967.88361 20.333 0.173
5968.87661 19.994 0.141
5969.88455 20.474 0.237
5971.85889 20.196 0.157
5972.87453 20.379 0.239
5976.86440 19.919 0.087
5977.82246 19.805 0.099
5977.86332 20.049 0.125
5978.83533 20.499 0.182
5978.87375 20.142 0.112
5979.82386 19.432 0.099
5979.86559 19.957 0.101
5980.84671 19.654 0.134
5982.81292 20.201 0.136
5982.85155 19.973 0.083
5982.89880 20.524 0.194
5983.84333 20.526 0.148
5983.89089 20.247 0.083
5984.81207 20.093 0.128
5984.86363 20.152 0.082
5985.80769 20.311 0.165
5985.84763 19.878 0.103
5985.89093 20.324 0.139
5986.80245 20.184 0.151
5986.85615 20.068 0.090
5986.90369 20.117 0.130
5987.83250 19.805 0.091
5987.87094 20.009 0.087
5988.81678 20.316 0.175
5988.85772 19.971 0.107
5988.90449 20.135 0.174
5989.82724 19.962 0.106
5989.86899 19.711 0.082
5990.79255 20.058 0.103
5990.80358 20.069 0.111
5990.81764 20.313 0.131
5990.83179 20.246 0.120
5990.84441 20.290 0.112
5990.85909 20.024 0.092
5990.87321 20.270 0.129
5990.88587 19.978 0.088
5991.80546 20.075 0.169
5991.83362 20.479 0.149
5991.86141 19.949 0.078
5991.88525 20.066 0.094
5991.89986 19.994 0.079
5992.79472 20.233 0.176
5992.80310 19.926 0.123
5992.82338 20.074 0.122
5992.83648 20.170 0.112
5992.85075 20.087 0.098
5992.86548 20.328 0.115
5992.87857 20.343 0.114
5992.89784 20.139 0.081
5992.90583 20.349 0.119
5992.91206 19.888 0.125
5993.78583 20.171 0.241
5993.80587 20.188 0.183
5993.82302 20.435 0.238
5993.84505 20.074 0.122
5993.86235 20.600 0.313
5993.88818 20.264 0.126
5993.90697 20.556 0.216
5994.78423 20.228 0.179
5994.79871 19.865 0.104
5994.81690 20.068 0.132
5994.83125 20.342 0.174
5994.86769 20.268 0.146
5994.88355 20.161 0.127
5994.90721 20.540 0.172
5995.77493 20.244 0.156
5995.83450 20.443 0.134
5995.86443 20.263 0.113
5995.88160 20.048 0.113
5996.78519 20.234 0.199
5996.82406 20.408 0.150
5996.87102 20.368 0.119
5996.90845 20.186 0.117
5997.81782 20.331 0.158
5997.86623 20.090 0.114
5997.90410 20.162 0.112
5998.79376 20.201 0.147
5998.84292 20.022 0.097
5998.88421 20.339 0.117
5999.77326 19.856 0.174
5999.81649 20.907 0.250
5999.86490 20.339 0.131
5999.90326 20.099 0.102
6002.77726 20.405 0.363
6002.78014 19.691 0.202
6002.83174 20.117 0.167
6002.87203 19.820 0.125
6002.89863 20.273 0.169
6003.85167 20.198 0.188
6003.89839 20.023 0.107
6004.78350 20.357 0.156
6004.83145 20.155 0.106
6004.87988 20.121 0.092
6004.91784 20.720 0.313
6005.78604 19.954 0.080
6005.82891 19.977 0.106
6005.89295 20.249 0.071
6006.75978 19.976 0.085
6006.80284 20.441 0.109
6006.86248 20.113 0.078
6006.90083 20.428 0.109
6007.76431 20.308 0.114
6007.81172 20.153 0.088
6007.85975 20.087 0.085
6007.89773 20.366 0.101
6008.74553 20.043 0.109
6008.78672 20.295 0.130
6008.83498 20.302 0.120
6008.88319 20.352 0.136
6008.92159 20.105 0.246
6009.77574 20.466 0.130
6009.82402 19.845 0.067
6009.87109 20.164 0.089
6009.90846 19.940 0.088
6010.75157 20.233 0.140
6010.79364 20.113 0.086
6010.85223 20.245 0.108
6010.89075 19.997 0.061
6011.73620 20.348 0.161
6011.78231 20.317 0.121
6011.84845 20.143 0.132
6011.89662 20.152 0.134
6012.73888 20.432 0.153
6012.78421 19.910 0.081
6012.83307 20.050 0.072
6012.88162 20.136 0.064
6012.91994 20.154 0.093
6013.77832 20.379 0.112
6013.81754 20.221 0.093
6013.88051 20.203 0.098
6013.92099 20.375 0.217
6014.75528 20.098 0.099
6014.79368 20.280 0.101
6014.85326 20.144 0.096
6014.89272 20.141 0.112
6015.73244 20.213 0.109
6015.77166 19.958 0.070
6015.81058 20.128 0.074
6015.83879 20.258 0.081
6015.90031 20.188 0.076
6016.75191 20.128 0.087
6016.79171 20.063 0.082
6016.83180 19.845 0.063
6016.89514 20.141 0.076
6017.72701 20.158 0.105
6017.76533 19.967 0.078
6017.80348 20.064 0.064
6017.84294 20.175 0.075
6017.90061 20.131 0.064
6018.75386 20.107 0.158
6018.79228 20.002 0.090
6018.83212 20.226 0.097
6018.87393 20.112 0.069
6019.72067 20.248 0.144
6019.75930 20.351 0.168
6019.81705 19.909 0.072
6019.85575 20.236 0.078
6019.89412 20.271 0.081
6020.71259 20.612 0.185
6020.75140 20.088 0.100
6020.80744 20.158 0.091
6020.84569 20.088 0.070
6020.88491 20.314 0.106
6020.92558 19.892 0.152
6021.73404 20.264 0.164
6021.77308 20.166 0.106
6021.81121 20.214 0.096
6021.85054 20.031 0.076
6021.90860 20.248 0.104
6022.72168 20.415 0.186
6022.75979 20.527 0.140
6022.79811 20.248 0.113
6022.85550 20.452 0.125
6022.89433 20.224 0.097
6023.71349 19.917 0.119
6023.75479 19.904 0.094
6023.79529 20.149 0.101
6023.83641 20.043 0.097
6023.89875 20.315 0.122
6024.70128 20.285 0.208
6024.73986 20.055 0.138
6024.77987 20.198 0.131
6024.84054 20.220 0.104
6024.89100 20.503 0.161
6025.69745 20.559 0.297
6025.73904 19.605 0.100
6025.77703 20.884 0.276
6025.81908 19.843 0.111
6025.88107 20.007 0.128
6026.71241 21.131 0.690
6029.82929 20.044 0.097
6029.86926 19.557 0.188
6031.76802 20.306 0.153
6031.80747 20.345 0.116
6031.84843 20.417 0.125
6031.88936 20.506 0.201
6032.68436 20.203 0.154
6032.72451 20.086 0.102
6032.77220 20.426 0.114
6032.82069 20.363 0.105
6032.86100 20.015 0.091
6032.90475 20.252 0.097
6033.69644 19.846 0.102
6033.74318 20.048 0.109
6033.78480 19.937 0.096
6033.85579 20.266 0.095
6033.89743 20.386 0.146
6034.69224 20.249 0.115
6034.73891 20.183 0.090
6034.78466 20.201 0.079
6034.83879 20.452 0.109
6034.92706 20.433 0.178
6035.87132 20.158 0.106
6036.69865 20.091 0.098
6036.74098 20.070 0.089
6036.79289 20.195 0.085
6036.81796 20.052 0.066
6036.86266 20.073 0.068
6036.91779 20.126 0.095
6037.72554 20.114 0.129
6037.76689 20.179 0.123
6037.82050 20.170 0.103
6037.88122 20.209 0.113
6037.92080 20.610 0.227
6038.73579 20.119 0.115
6038.77600 21.085 0.310
6038.84309 20.096 0.093
6038.88645 20.270 0.114
6039.75675 20.140 0.133
6039.80339 20.515 0.172
6039.86502 20.344 0.130
6039.90818 20.327 0.131
6040.73591 20.201 0.170
6040.77685 20.636 0.184
6040.81698 20.110 0.096
6040.88165 20.165 0.102
6040.92014 20.256 0.118
6041.72362 20.231 0.140
6041.76885 20.069 0.103
6041.82063 20.490 0.143
6041.87342 20.165 0.109
6041.91359 20.187 0.100
6045.90767 20.497 0.152
6046.87801 20.235 0.111
6046.91867 20.133 0.104
6047.69319 20.012 0.102
6047.73082 20.194 0.099
6047.77117 20.112 0.085
6047.82149 20.102 0.078
6047.88428 20.255 0.130
6047.92491 20.153 0.106
6048.69873 20.479 0.145
6048.73902 20.238 0.106
6048.80004 20.102 0.082
6048.84450 20.025 0.082
6048.88786 20.203 0.095
6048.92890 20.035 0.102
6049.70737 20.177 0.098
6049.76102 20.220 0.076
6049.81958 20.204 0.069
6049.86027 20.045 0.088
6049.90143 20.143 0.093
6050.65492 20.340 0.191
6050.69667 20.090 0.119
6050.73580 20.111 0.109
6050.80619 20.217 0.112
6050.84609 20.018 0.106
6050.88499 20.116 0.108
6050.92371 20.228 0.142
6051.66586 20.167 0.130
6051.75519 20.265 0.108
6052.68106 19.957 0.132
6052.72901 20.125 0.144
6052.77722 20.415 0.139
6052.81686 20.277 0.148
6052.85724 20.244 0.137
6052.89607 20.283 0.126
6052.93461 20.102 0.141
6053.67266 20.020 0.143
6053.71269 20.027 0.129
6053.76016 20.398 0.151
6053.80843 20.040 0.090
6053.86352 20.237 0.146
6053.90447 20.195 0.157
6057.67136 20.146 0.170
6057.70327 20.418 0.230
6057.73336 20.041 0.142
6057.76445 20.415 0.324
6057.80347 19.962 0.091
6057.83157 20.094 0.214
6057.86259 20.243 0.117
6057.86456 20.295 0.130
6057.89600 20.542 0.269
6057.91063 20.170 0.163
6057.92929 19.974 0.148
6058.68921 20.002 0.109
6058.73045 19.857 0.122
6058.76812 20.023 0.088
6058.81766 20.408 0.149
6058.86092 20.315 0.138
6058.90056 20.263 0.125
6058.94050 19.738 0.172
6059.69762 20.086 0.102
6059.73546 20.164 0.115
6059.77389 20.544 0.131
6059.83407 20.144 0.089
6059.87286 20.153 0.095
6059.91174 19.890 0.077
6060.77993 20.327 0.112
6061.67329 20.048 0.110
6061.71218 19.751 0.090
6061.76227 19.847 0.063
6061.81276 20.469 0.161
6061.85175 20.260 0.116
6061.88997 20.349 0.157
6061.92850 20.099 0.125
6062.68135 19.964 0.104
6062.72060 20.429 0.178
6062.75944 20.039 0.110
6062.82081 19.974 0.098
6062.86036 20.519 0.184
6062.89840 20.107 0.133
6062.93626 20.672 0.291
6063.78929 19.999 0.158
6063.82922 19.898 0.138
6063.87796 19.935 0.096
6063.92557 20.097 0.149
6064.71352 20.200 0.090
6064.75203 20.229 0.079
6064.81644 20.134 0.083
6064.85611 19.914 0.090
6064.89782 20.193 0.111
6064.93633 20.666 0.226
6065.64674 20.367 0.155
6065.68521 20.127 0.096
6065.73315 20.293 0.096
6065.78504 20.383 0.129
6065.82568 20.206 0.125
6066.60950 19.944 0.100
6066.64906 20.164 0.108
6066.68714 19.951 0.074
6066.72521 19.970 0.085
6066.79019 20.484 0.119
6066.82985 20.380 0.109
6066.87222 20.088 0.092
6066.91051 20.343 0.118
6067.59417 20.260 0.116
6067.63335 20.270 0.103
6067.67414 20.415 0.132
6067.71247 20.336 0.098
6067.76147 20.056 0.077
6067.81291 20.020 0.077
6067.85220 20.203 0.086
6067.89006 19.967 0.091
6067.92789 21.082 0.350
6068.62956 20.683 0.165
6068.68020 20.432 0.136
6068.72710 20.389 0.103
6068.79512 20.017 0.077
6068.85348 20.395 0.110
6068.89822 20.142 0.095
6069.61767 20.407 0.130
6069.67626 19.834 0.073
6069.71798 19.938 0.076
6069.76882 20.397 0.103
6069.82467 20.701 0.133
6069.86719 20.249 0.089
6069.90538 20.102 0.081
6070.58710 19.972 0.122
6070.62566 19.966 0.128
6070.66380 19.960 0.088
6070.70364 20.316 0.108
6070.74159 20.347 0.110
6070.80213 20.398 0.128
6070.84038 20.301 0.118
6070.88059 20.273 0.111
6070.92002 19.995 0.117
6071.58583 20.435 0.184
6071.62566 19.934 0.075
6071.66660 20.339 0.112
6071.70433 20.272 0.093
6071.75213 20.215 0.097
6071.80671 20.230 0.116
6071.84621 19.959 0.090
6071.88440 20.106 0.098
6071.92218 19.673 0.136
6075.60992 19.807 0.066
6075.64802 20.278 0.081
6075.68628 21.193 0.270
6075.73977 20.101 0.080
6075.79190 19.987 0.062
6075.83141 20.174 0.091
6075.87589 19.853 0.074
6076.60103 19.931 0.091
6076.64266 20.494 0.151
6076.68944 20.396 0.119
6076.73661 20.468 0.113
6076.78571 20.470 0.137
6076.82443 20.356 0.146
6076.87371 20.879 0.256
6076.91944 19.953 0.125
6077.70154 20.053 0.103
6077.76097 20.338 0.135
6077.81964 19.918 0.085
6077.86064 20.051 0.090
6077.90202 20.280 0.130
6077.94066 20.278 0.201
6078.62252 19.902 0.097
6078.66066 20.237 0.126
6078.69912 20.054 0.095
6078.76249 20.019 0.082
6078.80311 20.015 0.071
6078.84132 20.132 0.095
6078.88546 20.296 0.127
6079.55957 20.431 0.192
6079.59883 20.280 0.123
6079.63655 19.963 0.085
6079.67752 19.993 0.093
6079.73728 19.984 0.083
6079.78879 20.421 0.139
6079.83996 20.304 0.124
6079.87799 20.186 0.094
6079.91780 20.293 0.161
6080.56901 20.000 0.136
6080.60700 19.916 0.116
6080.64528 19.891 0.106
6080.69194 20.311 0.120
6080.73368 20.067 0.102
6080.77442 20.451 0.177
6080.82264 20.385 0.149
6080.87036 20.178 0.149
6080.91509 20.584 0.165
6081.56274 20.332 0.260
6081.64201 19.800 0.121
6081.68144 19.894 0.114
6081.72694 19.795 0.095
6081.77596 20.403 0.150
6081.82435 20.334 0.158
6081.86453 20.110 0.156
6081.91264 20.531 0.331
6085.55906 19.564 0.113
6085.59806 20.423 0.202
6085.64769 20.321 0.145
6085.68252 20.182 0.132
6085.73208 20.293 0.145
6085.77150 20.699 0.207
6085.80992 19.887 0.117
6085.84869 20.042 0.166
6085.88829 19.280 0.095
6086.58336 20.245 0.123
6086.62170 20.881 0.220
6086.66469 20.195 0.097
6086.71357 20.034 0.080
6086.76707 20.264 0.121
6086.80698 20.498 0.172
6086.85550 20.451 0.171
6086.89692 20.260 0.226
6087.54531 19.639 0.090
6087.60064 20.517 0.155
6087.74366 20.379 0.147
6087.80540 20.142 0.114
6087.84509 20.736 0.286
6088.57288 19.686 0.073
6088.61057 20.120 0.078
6088.64902 20.118 0.089
6088.68713 20.687 0.138
6089.65333 19.786 0.070
6089.69159 19.947 0.082
6089.76222 19.966 0.089
6089.80322 20.187 0.127
6089.86467 20.332 0.167
6092.57120 20.373 0.143
6092.60924 20.232 0.106
6092.64937 20.762 0.229
6092.76682 20.266 0.101
6092.84251 20.336 0.140
6092.89407 20.376 0.235
6093.56163 20.137 0.115
6093.60345 19.700 0.066
6093.64132 19.883 0.091
6093.68927 20.639 0.146
6093.76419 20.012 0.090
6093.80188 20.355 0.168
6093.84170 20.087 0.145
6094.55297 20.109 0.170
6094.61509 19.924 0.118
6094.65268 20.070 0.125
6094.69047 20.107 0.116
6094.74967 20.769 0.228
6094.78726 20.225 0.123
6094.82728 20.437 0.176
6094.86581 20.368 0.210
6096.57320 20.074 0.118
6096.61452 20.189 0.117
6096.65967 19.938 0.087
6096.70401 20.057 0.132
6096.72146 20.096 0.122
6096.73425 20.074 0.132
6096.77355 19.987 0.098
6096.81283 20.513 0.204
6096.85366 20.242 0.186
6097.67812 20.335 0.137
6097.75081 20.444 0.202
6097.78956 19.851 0.092
6097.82716 20.034 0.116
6097.86687 20.242 0.166
6098.54735 20.014 0.124
6098.59614 20.143 0.139
6098.63367 20.165 0.130
6098.67209 20.224 0.132
6098.73513 20.613 0.184
6098.77331 20.154 0.104
6099.64118 19.790 0.125
6099.75166 19.869 0.117
6100.51552 19.980 0.131
6100.57149 20.689 0.211
6100.61141 20.117 0.120
6100.64908 19.986 0.086
6100.70900 20.173 0.091
6100.74825 20.187 0.116
6100.79586 19.799 0.106
6100.83650 19.927 0.119
6100.87421 20.573 0.222
6101.51246 20.324 0.156
6101.55049 20.183 0.136
6101.58808 20.094 0.112
6101.62621 20.155 0.097
6101.66584 20.513 0.118
6101.72762 20.302 0.103
6101.76656 20.101 0.098
6101.80556 20.518 0.179
6101.85307 19.924 0.150
6102.51342 20.758 0.379
6102.55233 20.060 0.145
6102.60078 20.355 0.143
6102.64802 19.954 0.085
6102.68811 20.434 0.122
6102.72768 20.100 0.085
6102.76662 20.128 0.092
6102.80638 20.346 0.121
6102.84635 20.315 0.164
6103.48414 20.409 0.222
6103.52863 20.195 0.133
6103.56873 20.081 0.110
6103.60885 20.227 0.109
6103.66721 19.966 0.078
6103.70757 20.186 0.105
6103.74776 20.135 0.103
6103.81387 20.220 0.123
6104.48497 20.079 0.127
6104.52927 20.083 0.099
6104.56733 20.163 0.092
6104.65167 20.120 0.086
6104.69216 20.155 0.074
6104.73239 20.197 0.077
6104.77100 20.314 0.098
6104.81232 20.182 0.105
6104.86099 20.409 0.165
6105.48053 20.833 0.378
6105.53019 20.173 0.132
6105.56780 20.252 0.138
6105.62592 20.442 0.129
6105.68146 20.213 0.109
6105.72000 20.093 0.084
6105.75984 20.243 0.158
6106.62577 19.780 0.098
6108.52989 20.542 0.222
6108.56878 20.192 0.121
6108.62143 20.264 0.186
6108.67294 20.163 0.113
6108.71504 20.197 0.138
6108.75462 20.298 0.120
6108.79348 19.902 0.104
6108.83541 20.562 0.195
6113.54640 19.914 0.142
6113.58875 20.136 0.150
6113.62659 20.410 0.189
6113.66860 20.084 0.148
6113.70849 20.101 0.127
6113.74704 20.345 0.198
6113.78477 20.005 0.124
6113.82383 20.246 0.169
6114.55926 19.943 0.140
6114.59688 20.157 0.152
6114.63390 20.255 0.142
6114.68327 20.288 0.167
6114.73081 20.082 0.108
6114.76850 20.108 0.122
6114.80741 20.503 0.206
6114.84885 21.056 0.501
6115.49487 20.003 0.098
6115.53327 20.440 0.152
6115.57092 20.198 0.121
6115.63065 19.868 0.096
6115.68342 19.946 0.121
6115.74860 20.397 0.152
6115.80061 19.700 0.116
6116.49240 20.686 0.164
6116.53385 20.361 0.114
6116.57475 20.518 0.116
6116.62200 20.482 0.111
6116.67112 20.365 0.112
6116.71273 19.909 0.084
6116.75578 19.910 0.096
6116.79529 20.123 0.110
6117.51405 20.291 0.128
6117.55163 20.314 0.132
6117.59008 20.250 0.094
6117.65233 19.784 0.075
6117.69194 20.352 0.129
6117.73039 20.196 0.112
6117.76960 20.448 0.144
6117.80720 20.112 0.139
6118.50429 20.072 0.116
6118.54332 20.177 0.094
6118.58300 20.436 0.110
6118.63835 20.506 0.138
6118.69287 20.211 0.091
6118.73190 20.318 0.090
6118.76925 20.447 0.118
6118.80673 20.145 0.119
6119.49244 20.045 0.144
6119.53382 20.296 0.145
6119.57261 20.091 0.095
6119.62872 20.108 0.087
6119.67198 20.757 0.159
6119.70998 20.126 0.087
6119.73716 20.151 0.096
6119.77680 20.166 0.155
6119.81238 20.285 0.166
6120.52058 20.368 0.190
6120.56003 20.163 0.132
6120.62598 20.319 0.114
6120.67638 20.053 0.075
6120.71545 20.269 0.133
6120.75785 19.976 0.111
6120.80254 19.998 0.122
6121.47498 20.531 0.142
6121.51234 20.125 0.078
6121.55010 20.161 0.076
6121.60236 20.059 0.067
6121.65516 20.157 0.080
6121.71925 20.314 0.081
6121.75740 20.234 0.076
6123.52493 19.949 0.125
6123.56337 20.899 0.216
6123.61066 20.397 0.139
6123.66232 20.375 0.106
6123.70123 20.286 0.138
6123.73946 20.209 0.113
6123.78000 20.146 0.098
6124.49944 20.219 0.141
6124.53917 20.417 0.137
6124.60014 20.407 0.130
6124.67011 20.222 0.105
6124.70984 20.084 0.097
6124.75044 20.018 0.094
6124.79074 20.397 0.184
6124.83067 20.409 0.216
6125.55463 19.878 0.094
6125.61637 20.324 0.126
6125.67146 20.174 0.114
6125.71401 20.359 0.127
6125.75929 19.983 0.094
6125.79995 20.636 0.179
6126.49218 20.233 0.133
6126.54357 20.509 0.150
6126.58892 20.278 0.150
6126.64810 20.080 0.095
6126.70677 20.199 0.106
6126.75112 20.105 0.105
6127.49248 19.973 0.112
6127.53442 20.452 0.157
6127.61965 19.910 0.106
6127.72129 19.802 0.090
6128.51120 20.296 0.099
6128.55389 20.402 0.118
6128.59770 20.801 0.193
6128.64366 20.175 0.096
6128.69956 20.285 0.132
6130.54869 20.089 0.115
6130.72970 19.954 0.103
6130.73949 19.976 0.117
6131.51852 20.730 0.209
6131.56627 20.016 0.090
6131.63244 20.357 0.122
6131.67770 20.364 0.108
6131.74718 20.527 0.184
6132.49911 20.329 0.171
6132.56882 19.895 0.139
6132.65540 19.958 0.099
6132.74186 20.253 0.121
6132.77835 20.473 0.165
6133.55247 20.623 0.200
6133.60154 20.257 0.148
6133.66302 19.890 0.081
6133.70617 20.142 0.116
6133.75480 20.071 0.122
6134.52254 19.837 0.113
6134.56414 20.073 0.172
6134.60840 20.221 0.165
6134.67451 21.023 0.285
6135.50490 21.194 0.377
6135.54659 19.936 0.134
6135.60692 20.134 0.129
6135.67388 20.354 0.163
6135.72644 20.802 0.198
6135.76837 20.006 0.111
6135.80992 20.164 0.168
6136.59706 19.823 0.142
6136.62416 19.921 0.155
6136.65459 20.540 0.223
6136.75663 19.969 0.182
6140.50717 20.504 0.231
6140.55547 20.315 0.185
6140.60851 20.933 0.376
6140.64637 21.167 0.435
6140.68553 19.981 0.153
6140.72866 20.257 0.285
6141.49478 20.329 0.162
6141.53244 20.226 0.144
6141.58124 20.060 0.146
6141.63030 20.755 0.245
6141.66795 20.611 0.196
6141.70887 20.101 0.137
6141.74741 19.767 0.126
6142.48567 19.797 0.161
6142.54568 20.244 0.210
6143.53264 20.125 0.132
6147.52459 20.010 0.092
6147.57671 20.419 0.165
6147.61797 19.536 0.076
6147.67535 20.262 0.158
6147.71331 19.959 0.129
6148.50742 20.117 0.081
6148.55603 20.254 0.082
6148.60986 19.973 0.071
6148.64934 20.232 0.099
6148.69474 20.292 0.131
6149.57397 20.161 0.114
6149.61601 20.128 0.128
6150.49752 20.219 0.186
6150.54677 20.199 0.117
6150.59907 20.332 0.157
6150.64952 20.279 0.106
6151.48347 20.099 0.142
6151.55223 19.938 0.124
6151.59334 19.973 0.112
6151.63222 20.080 0.115
6151.67309 20.232 0.148
6152.48276 20.160 0.116
6152.52234 20.005 0.089
6152.56282 20.022 0.112
6152.62724 20.201 0.117
6152.66666 20.350 0.119
6154.51091 20.586 0.184
6154.55206 20.429 0.176
6154.63148 20.021 0.110
6154.70351 19.612 0.093
6157.65956 20.388 0.159
6157.70194 20.872 0.352
6158.50009 20.213 0.099
6158.55018 20.017 0.094
6158.60183 20.239 0.118
6158.64240 20.307 0.137
6158.68218 20.361 0.138
6159.50634 19.925 0.130
6159.56136 20.480 0.167
6159.61366 20.549 0.165
6159.68360 19.703 0.122
6160.48790 20.042 0.102
6160.54366 20.317 0.126
6160.55764 20.299 0.111
6160.60329 20.091 0.099
6160.64482 19.975 0.104
6160.68331 19.870 0.116
6160.69605 20.094 0.100
6161.48700 20.610 0.226
6161.52731 20.464 0.173
6161.56709 19.989 0.116
6161.62696 20.260 0.112
6161.69035 19.570 0.081
6164.61347 19.776 0.098
6164.67823 19.688 0.305
6166.62865 20.170 0.129
6167.53808 20.305 0.151
6167.58782 19.789 0.088
6167.64029 19.989 0.127
6167.68274 19.805 0.252
6168.53979 20.051 0.101
6168.60441 20.029 0.108
6168.66076 20.836 0.246
6169.49056 20.340 0.186
6169.54152 20.561 0.218
6169.59214 20.184 0.129
6169.63228 21.022 0.331
6169.66762 20.324 0.193
6171.49321 20.647 0.148
6171.54720 20.255 0.126
6171.59660 20.097 0.109
6171.63650 19.377 0.112
6171.67871 19.804 0.132
6172.50545 20.242 0.084
6172.55595 20.151 0.097
6172.60640 20.486 0.143
6172.64482 19.955 0.096
6174.57809 19.967 0.153
6174.64450 20.141 0.207
6175.51805 20.070 0.115
6175.55615 20.233 0.152
6175.59478 20.353 0.161
6175.63610 20.301 0.167
6179.52316 19.970 0.135
6179.56935 20.022 0.137
6179.61275 20.314 0.197
6179.65177 19.917 0.148
6180.48839 20.991 0.432
6180.54783 20.208 0.145
6180.58566 19.848 0.141
6181.49283 20.123 0.122
6181.54682 20.356 0.135
6181.58851 19.986 0.086
6181.62757 20.420 0.171
6182.49316 19.972 0.098
6182.54803 20.109 0.105
6182.59624 20.324 0.133
6182.64137 19.949 0.144
6183.49025 19.920 0.115
6183.59332 20.080 0.093
6183.63233 20.407 0.151
6184.52818 20.309 0.109
6184.58660 20.407 0.120
6184.63244 20.255 0.124
6185.49505 19.954 0.092
6185.55385 20.244 0.092
6185.59318 20.013 0.091
6186.47898 20.511 0.286
6186.53596 20.052 0.101
6186.57466 20.300 0.153
6187.53540 20.070 0.157
6190.51467 20.092 0.117
6190.57225 20.062 0.111
6190.61215 20.069 0.135
6191.51570 20.054 0.150
6191.56761 20.383 0.226
6195.49172 20.610 0.176
6195.54397 20.182 0.122
6195.58210 20.312 0.164
6196.49249 19.980 0.119
6196.54082 19.928 0.172
6196.57975 20.814 0.279
6197.49432 20.771 0.303
6197.54249 20.478 0.230
6197.58252 19.975 0.153
6198.54864 21.157 0.513
6199.51279 20.302 0.220
6200.58404 19.784 0.139
6201.52384 19.991 0.167
6202.56129 20.059 0.205
6203.50016 20.474 0.236
6203.55225 19.600 0.122
6203.59091 20.888 0.477
6204.49899 20.832 0.247
6204.51307 20.217 0.131
6204.54424 20.177 0.147
6204.58237 20.171 0.176
6205.48545 19.904 0.132
6205.52853 20.502 0.154
6205.56660 19.951 0.100
6209.54745 19.845 0.155
6210.49953 20.410 0.187
6210.53788 20.298 0.153
6210.57673 20.639 0.254
6211.50130 20.461 0.157
6211.54365 20.210 0.135
6211.58211 20.015 0.134
6212.50076 19.689 0.084
6212.53915 20.222 0.133
6213.54563 19.909 0.121
6214.49430 20.406 0.178
6214.53865 20.074 0.180
6216.51140 19.981 0.121
6216.55039 19.884 0.119
6217.50621 20.085 0.100
6217.54408 20.880 0.233
6218.51911 19.950 0.131
6218.55766 20.004 0.151
6221.51242 20.077 0.255
6221.54138 20.017 0.265
6223.53230 19.960 0.167
6224.51562 19.086 0.086
6226.51453 19.667 0.159
6227.53583 19.272 0.102
6231.49947 20.932 0.590
6232.50063 19.343 0.149
6233.51898 20.038 0.192
6326.86922 20.007 0.155
6330.87089 20.143 0.150
6334.87081 20.136 0.111
6335.84123 20.172 0.137
6337.86223 20.386 0.150
6338.83956 20.339 0.140
6338.88254 20.124 0.106
6339.85862 20.315 0.105
6340.83830 20.245 0.107
6341.87583 20.531 0.201
6343.87930 20.109 0.117
6344.83237 20.062 0.093
6344.87144 20.053 0.084
6345.84653 20.325 0.109
6345.89407 20.262 0.139
6347.85304 19.880 0.084
6347.89141 20.332 0.111
6348.83575 20.018 0.102
6348.87768 20.437 0.138
6349.84791 20.209 0.155
6349.88536 19.801 0.120
6350.83557 20.318 0.145
6350.88249 20.192 0.127
6351.83564 20.225 0.167
6352.83497 20.218 0.123
6352.88022 20.082 0.095
6353.80847 20.119 0.124
6353.85584 19.830 0.087
6354.84210 20.127 0.099
6354.88766 20.697 0.194
6358.84308 20.134 0.080
6360.80835 20.308 0.098
6360.84582 20.145 0.087
6360.89472 20.037 0.090
6361.83135 19.896 0.075
6361.86894 20.307 0.111
6362.79168 19.914 0.105
6362.82922 20.195 0.110
6362.85524 20.190 0.113
6362.90687 20.148 0.138
6363.82506 20.310 0.145
6363.88136 20.428 0.123
6367.84384 20.212 0.082
6367.88216 20.356 0.089
6368.77996 20.112 0.088
6368.83295 20.134 0.081
6368.87226 20.252 0.102
6368.91258 20.036 0.141
6369.79983 20.092 0.090
6369.84149 20.038 0.082
6369.89764 20.180 0.091
6370.78213 19.913 0.075
6370.82983 20.106 0.094
6370.87265 20.123 0.089
6370.91298 20.349 0.130
6371.79399 19.998 0.082
6371.84299 19.845 0.078
6371.88179 20.337 0.098
6372.78668 19.998 0.091
6372.83546 20.214 0.094
6372.87553 20.027 0.079
6373.75536 20.326 0.136
6373.80040 20.535 0.155
6373.84954 20.274 0.108
6373.88932 19.776 0.081
6374.75378 20.051 0.126
6374.79336 19.815 0.089
6374.84474 20.434 0.133
6374.88434 20.614 0.159
6375.75282 20.343 0.118
6375.79174 20.351 0.111
6375.85943 20.045 0.079
6375.90006 20.313 0.085
6376.76362 20.088 0.120
6376.81539 20.782 0.176
6376.85534 20.232 0.114
6376.89741 20.253 0.084
6377.77758 20.039 0.085
6377.82766 20.625 0.123
6377.86741 19.966 0.063
6377.90990 20.101 0.072
6378.77402 21.151 0.289
6378.82309 20.119 0.089
6378.86426 20.103 0.078
6378.90372 20.235 0.088
6379.75919 19.990 0.103
6379.80769 20.455 0.144
6379.84740 19.917 0.093
6379.89372 20.290 0.120
6380.74832 20.297 0.127
6380.78734 20.191 0.099
6380.85032 20.330 0.120
6380.89121 20.148 0.103
6381.74735 20.186 0.121
6381.75070 19.987 0.094
6381.79581 20.275 0.106
6381.84446 20.177 0.088
6381.88369 20.332 0.100
6382.74846 19.764 0.178
6382.78946 20.223 0.186
6382.82868 20.614 0.272
6382.86898 20.318 0.192
6386.74410 20.800 0.270
6386.78248 21.101 0.230
6386.83894 19.947 0.084
6386.88757 20.152 0.127
6387.71342 20.480 0.173
6387.75704 20.054 0.078
6387.79880 20.401 0.116
6387.84002 20.251 0.089
6387.87786 20.268 0.116
6388.71681 19.948 0.094
6388.75543 19.857 0.077
6388.81855 20.494 0.119
6388.88671 20.576 0.152
6389.70460 20.141 0.160
6389.74692 20.181 0.105
6389.79921 20.420 0.111
6389.83600 20.145 0.113
6389.87462 20.084 0.094
6389.91880 20.149 0.121
6390.74021 20.117 0.093
6390.78220 20.521 0.130
6390.82319 20.361 0.116
6390.86666 20.401 0.122
6390.91353 20.245 0.116
6391.70170 20.312 0.177
6391.74237 20.499 0.175
6391.79333 20.348 0.144
6391.84539 19.521 0.080
6391.88737 20.265 0.183
6393.69958 21.187 0.352
6393.76678 20.085 0.106
6393.80607 19.697 0.072
6393.85844 20.000 0.099
6394.72126 20.725 0.243
6394.77387 20.266 0.139
6394.82135 20.704 0.186
6394.86043 20.452 0.152
6395.72494 20.005 0.084
6395.77356 20.284 0.107
6395.82324 20.421 0.112
6395.86226 20.246 0.085
6395.90631 19.948 0.069
6396.71040 20.559 0.136
6396.75732 20.373 0.090
6396.80706 20.056 0.067
6396.84981 20.075 0.064
6396.89075 20.177 0.092
6396.93036 20.125 0.184
6397.72343 20.243 0.092
6397.77425 20.222 0.077
6397.82317 20.008 0.067
6397.86100 20.425 0.112
6398.69191 20.381 0.132
6398.73084 20.180 0.088
6398.79264 20.657 0.126
6398.83066 20.122 0.083
6398.87161 20.569 0.145
6399.69770 20.830 0.170
6399.73653 20.152 0.111
6399.78538 20.018 0.086
6399.83321 20.402 0.122
6400.70116 20.268 0.095
6400.74573 20.455 0.143
6400.81189 20.237 0.116
6400.86730 19.968 0.093
6401.70823 20.592 0.176
6401.75529 20.223 0.089
6401.80627 20.397 0.119
6401.84476 20.557 0.117
6401.88658 20.194 0.085
6402.71765 19.964 0.087
6402.76490 20.091 0.108
6402.81183 20.482 0.131
6402.85197 20.056 0.114
6403.68346 19.864 0.082
6403.72104 20.297 0.090
6403.75857 20.114 0.080
6403.80709 20.579 0.118
6404.69275 20.130 0.139
6404.74211 20.191 0.135
6404.79098 20.574 0.162
6404.82982 20.115 0.098
6405.84733 20.274 0.119
6405.87351 20.401 0.092
6406.77452 21.027 0.590
6406.83712 20.203 0.275
6406.89299 20.495 0.187
6406.93451 20.244 0.156
6407.71190 20.412 0.194
6407.74982 20.323 0.135
6407.78789 20.488 0.162
6407.83691 20.552 0.167
6407.87747 20.116 0.116
6408.74238 20.220 0.322
6408.78174 20.117 0.167
6408.82229 20.247 0.177
6409.79558 20.580 0.338
6409.89542 20.103 0.166
6409.93332 19.992 0.193
6415.72253 20.708 0.236
6415.77383 20.192 0.156
6415.86670 20.025 0.127
6416.65591 20.617 0.185
6416.70103 20.595 0.181
6416.76416 20.253 0.101
6416.86782 20.399 0.117
6417.68877 20.383 0.183
6417.72685 19.827 0.084
6417.76435 20.169 0.115
6418.66249 20.731 0.195
6418.70006 20.103 0.115
6418.73755 20.009 0.092
6418.77514 20.036 0.090
6419.66108 20.518 0.220
6419.71135 20.143 0.093
6419.74941 20.362 0.113
6419.78826 20.288 0.130
6420.61608 20.129 0.120
6420.65354 19.982 0.074
6420.69112 20.603 0.124
6420.72894 20.272 0.079
6420.76485 20.186 0.088
6420.82460 19.998 0.064
6420.86335 20.196 0.079
6420.91230 20.378 0.097
6421.79272 20.268 0.100
6421.83344 20.073 0.102
6421.89201 20.416 0.172
6422.68485 20.152 0.091
6422.73711 20.352 0.107
6422.77494 20.326 0.106
6423.64705 20.188 0.134
6423.69478 20.432 0.157
6423.75200 20.158 0.129
6423.81604 20.065 0.100
6423.85462 20.127 0.094
6424.65490 20.072 0.098
6424.69537 20.236 0.103
6424.75472 20.226 0.092
6424.80564 20.182 0.086
6424.84906 20.300 0.114
6424.89054 20.245 0.121
6426.61233 20.064 0.097
6426.65302 20.212 0.109
6426.72914 20.206 0.083
6426.80072 20.158 0.107
6427.77903 20.356 0.142
6427.89503 20.154 0.122
6428.64515 19.604 0.090
6428.69463 20.477 0.173
6428.73611 20.157 0.122
6428.84062 20.335 0.167
6428.88319 19.849 0.091
6428.92354 19.577 0.096
6429.94810 19.694 0.197
6431.63719 20.333 0.197
6431.68365 19.946 0.112
6431.73421 19.771 0.069
6431.78637 20.387 0.133
6431.82799 20.502 0.137
6432.58958 19.615 0.127
6432.66534 20.208 0.141
6432.70828 20.213 0.117
6432.76764 20.120 0.110
6432.80952 20.334 0.118
6432.89028 19.874 0.117
6432.93079 19.831 0.118
6433.61379 19.745 0.108
6433.65424 19.962 0.113
6433.69488 20.377 0.139
6433.74475 20.455 0.200
6433.84986 19.612 0.066
6434.61405 20.076 0.164
6434.65430 19.713 0.094
6434.69655 20.080 0.110
6434.74604 20.241 0.114
6434.79768 19.908 0.087
6434.83896 20.376 0.150
6434.88689 19.746 0.091
6434.93251 19.732 0.121
6435.58318 20.652 0.321
6435.64468 20.558 0.184
6435.68468 20.565 0.194
6435.73710 20.918 0.217
6435.78804 20.156 0.118
6435.83024 20.070 0.107
6435.87402 19.874 0.099
6436.58403 20.640 0.268
6436.63068 19.925 0.113
6436.67370 20.231 0.134
6436.71539 19.978 0.108
6436.77908 20.184 0.123
6436.81987 20.809 0.249
6436.86164 20.605 0.221
6436.90308 20.074 0.134
6436.94504 19.924 0.208
6441.64459 20.223 0.254
6441.72625 20.304 0.180
6441.77826 20.119 0.165
6441.83113 20.674 0.289
6441.91640 19.659 0.136
6442.56576 20.178 0.115
6442.61118 19.967 0.087
6442.65119 20.257 0.110
6442.69125 20.444 0.125
6442.75339 20.104 0.084
6442.79511 20.064 0.075
6442.83549 20.031 0.082
6442.87531 20.349 0.115
6442.91513 20.255 0.159
6443.59447 20.239 0.188
6443.67409 20.102 0.121
6443.75567 20.071 0.145
6443.82416 20.298 0.220
6444.76114 20.346 0.142
6444.81436 20.248 0.130
6444.85525 20.198 0.117
6444.89700 20.033 0.123
6445.57054 20.303 0.200
6445.62587 20.001 0.105
6445.68420 20.035 0.088
6445.78802 20.345 0.127
6446.57104 20.281 0.113
6446.61669 20.782 0.160
6446.65801 20.158 0.085
6446.70972 20.332 0.102
6446.76520 20.319 0.105
6446.80553 20.142 0.074
6446.84811 20.567 0.137
6446.91543 20.412 0.171
6447.54516 20.131 0.129
6447.59286 20.138 0.111
6447.63195 20.141 0.091
6447.67265 20.194 0.103
6447.73246 20.307 0.110
6447.77740 20.149 0.097
6448.58170 20.726 0.194
6448.62187 20.333 0.140
6448.66230 20.163 0.115
6448.71297 20.263 0.112
6448.76535 19.964 0.073
6448.84832 20.121 0.100
6448.88887 20.110 0.163
6448.92465 19.894 0.188
6449.58094 20.073 0.098
6449.62192 20.050 0.103
6449.66516 20.286 0.125
6449.70549 20.207 0.096
6449.76705 20.447 0.141
6449.80816 20.224 0.122
6449.84901 20.201 0.128
6449.88948 19.743 0.113
6450.57249 19.775 0.080
6450.61524 20.334 0.120
6450.65825 20.333 0.103
6450.70732 20.258 0.080
6450.75793 20.126 0.082
6450.79960 20.250 0.095
6450.84038 20.339 0.127
6450.88562 20.255 0.150
6451.57521 19.921 0.111
6451.62052 20.241 0.147
6451.66093 20.094 0.113
6451.71290 20.312 0.120
6451.76532 20.338 0.108
6451.80561 20.177 0.136
6451.84652 20.465 0.175
6451.88925 20.588 0.235
6452.53601 19.974 0.086
6452.57613 20.226 0.110
6452.62508 20.417 0.092
6452.66577 19.832 0.065
6452.75698 20.276 0.084
6452.81789 20.382 0.103
6452.86056 19.918 0.084
6452.90353 19.799 0.101
6454.54439 20.539 0.195
6454.59217 19.924 0.085
6454.63466 20.290 0.114
6454.67536 20.098 0.083
6454.73708 20.114 0.088
6454.77850 20.039 0.079
6454.81963 19.961 0.096
6454.86025 20.248 0.135
6454.90109 19.923 0.105
6455.53188 20.784 0.257
6455.59495 19.950 0.089
6455.70173 20.639 0.164
6455.80201 19.863 0.090
6456.55840 20.274 0.090
6456.60079 20.007 0.058
6456.64196 20.346 0.075
6456.69363 20.192 0.071
6456.74591 20.444 0.096
6456.78718 20.159 0.094
6456.82819 20.513 0.128
6456.89879 20.191 0.103
6457.68506 20.064 0.083
6457.72208 20.114 0.075
6457.77424 19.959 0.065
6457.81564 20.228 0.110
6457.85663 19.911 0.091
6457.89229 19.791 0.100
6458.55773 19.944 0.122
6458.59897 20.814 0.213
6458.64018 20.517 0.136
6458.68078 20.073 0.100
6458.73341 20.203 0.118
6458.78405 20.094 0.096
6458.82490 20.556 0.149
6458.86590 19.995 0.127
6459.55105 21.137 0.306
6459.59201 20.000 0.095
6459.63488 20.083 0.090
6459.68670 20.247 0.093
6459.74311 20.079 0.069
6459.78394 20.517 0.127
6459.86558 20.006 0.103
6460.60961 20.319 0.157
6460.66501 20.297 0.115
6460.75079 19.801 0.098
6460.83650 20.011 0.102
6461.53504 20.273 0.179
6461.58085 21.017 0.253
6461.62228 20.361 0.142
6461.66706 20.225 0.122
6461.72391 20.194 0.137
6461.78525 20.020 0.090
6461.83680 20.427 0.120
6461.88717 20.029 0.116
6462.61061 20.003 0.140
6462.65222 20.092 0.101
6462.70435 20.068 0.147
6462.83127 20.568 0.175
6462.87221 19.685 0.102
6463.50553 20.410 0.303
6463.56615 20.100 0.130
6463.60531 19.941 0.128
6463.64651 20.238 0.159
6463.70180 20.229 0.159
6463.75532 19.803 0.085
6463.79661 20.202 0.133
6463.83779 20.458 0.163
6463.87211 20.546 0.202
6464.53135 20.406 0.343
6464.61404 20.144 0.175
6464.65445 20.217 0.186
6464.70212 19.980 0.125
6464.75431 20.087 0.141
6464.80517 20.258 0.175
6464.84682 19.890 0.139
6468.52949 21.037 0.405
6468.57186 20.034 0.134
6468.61198 20.247 0.153
6468.65314 19.645 0.085
6468.68233 20.409 0.177
6468.72524 20.519 0.197
6469.50444 20.012 0.134
6469.55389 20.169 0.147
6469.59410 20.279 0.143
6469.63426 20.235 0.108
6469.69963 20.331 0.154
6469.74124 20.112 0.121
6469.85437 20.762 0.608
6471.60802 20.618 0.219
6471.64969 21.237 0.427
6471.78589 20.114 0.257
6472.61926 20.304 0.186
6472.65573 20.139 0.125
6472.70854 20.085 0.103
6472.76019 20.322 0.134
6473.55079 20.939 0.307
6473.59304 19.980 0.095
6473.63338 20.085 0.074
6473.68549 20.147 0.097
6473.73632 20.029 0.087
6474.49539 19.838 0.120
6474.53991 20.275 0.171
6474.58007 20.200 0.118
6474.62540 20.423 0.162
6474.72098 20.129 0.128
6474.77078 20.326 0.139
6475.48702 19.831 0.116
6475.50725 20.324 0.159
6475.52984 20.666 0.263
6475.55037 19.804 0.086
6475.57196 20.078 0.121
6475.59936 20.609 0.168
6475.63318 19.940 0.077
6475.65846 20.136 0.094
6475.68428 20.498 0.134
6475.71164 20.034 0.112
6475.73341 20.160 0.104
6475.77371 20.119 0.121
6476.49989 20.075 0.148
6476.54062 19.966 0.122
6476.58147 20.202 0.137
6476.62284 20.629 0.166
6476.68829 20.458 0.151
6476.72917 19.920 0.091
6476.76995 20.041 0.098
6477.49018 20.154 0.129
6477.53396 20.264 0.126
6477.57513 20.412 0.122
6477.61581 20.046 0.099
6477.68165 20.135 0.111
6477.72244 19.993 0.097
6477.76298 20.067 0.126
6478.53144 20.150 0.136
6478.57175 20.384 0.157
6478.61194 19.823 0.079
6478.66772 20.062 0.136
6479.56620 20.358 0.131
6479.60714 20.084 0.093
6479.64942 20.235 0.099
6479.70396 19.888 0.113
6479.72529 19.894 0.101
6479.76121 19.891 0.097
6480.53016 20.193 0.165
6480.57357 20.286 0.141
6480.61415 20.512 0.215
6480.67664 20.344 0.121
6480.71681 19.826 0.108
6481.47023 20.022 0.139
6481.51131 19.927 0.134
6481.55436 20.330 0.141
6481.59594 20.006 0.105
6481.61056 20.124 0.120
6481.71349 20.077 0.130
6483.58267 20.215 0.126
6483.63563 20.200 0.102
6484.49497 19.984 0.117
6484.53542 20.032 0.110
6485.47009 20.351 0.177
6485.51412 20.706 0.195
6485.56138 20.484 0.165
6485.64022 20.434 0.109
6485.70275 20.032 0.077
6485.74558 20.087 0.083
6485.79162 20.267 0.156
6486.47200 20.407 0.164
6486.51449 19.780 0.086
6486.56083 19.980 0.086
6486.61107 20.181 0.104
6486.67198 20.748 0.161
6486.72485 19.944 0.096
6486.76992 20.136 0.096
6486.81360 20.935 0.244
6487.47019 20.403 0.140
6487.51440 20.088 0.099
6487.56046 20.143 0.089
6487.60166 20.359 0.093
6487.67440 20.396 0.113
6487.71571 20.095 0.068
6487.75888 20.379 0.125
6487.80421 20.127 0.107
6489.52223 20.129 0.131
6489.56444 20.091 0.124
6489.61098 20.273 0.098
6489.67645 20.102 0.141
6489.71866 20.349 0.177
6489.76535 20.383 0.197
6490.49392 19.922 0.099
6490.53470 19.872 0.093
6490.57591 20.268 0.128
6490.63584 20.016 0.088
6490.68103 20.247 0.106
6490.72167 20.169 0.106
6490.76567 20.204 0.116
6491.46154 20.101 0.272
6491.48185 19.900 0.125
6491.50420 20.010 0.133
6491.52479 20.115 0.140
6491.54954 19.960 0.107
6491.58651 20.204 0.135
6491.60953 20.322 0.132
6491.64381 20.033 0.117
6491.67565 20.749 0.202
6491.68115 20.022 0.111
6492.46333 19.656 0.168
6492.47763 20.003 0.163
6492.49355 20.212 0.217
6492.51058 20.075 0.148
6492.52477 20.259 0.174
6492.54008 20.301 0.163
6492.55537 20.536 0.201
6492.57089 20.447 0.167
6492.59032 20.119 0.127
6492.60553 20.430 0.150
6492.77090 19.546 0.136
6496.49888 20.248 0.195
6496.53897 20.262 0.217
6496.57932 20.652 0.355
6497.58355 19.976 0.134
6497.63598 20.453 0.195
6497.68658 19.723 0.108
6497.72771 20.163 0.173
6497.76846 19.786 0.125
6498.46937 20.300 0.121
6498.51291 20.126 0.084
6498.55802 20.061 0.077
6498.60261 20.116 0.090
6498.64957 20.335 0.126
6498.69238 20.164 0.113
6498.73568 19.975 0.093
6499.48354 20.022 0.106
6499.52733 20.130 0.089
6499.57003 20.299 0.125
6500.53935 20.127 0.166
6500.60852 20.270 0.200
6500.73220 19.972 0.147
6501.55932 20.214 0.140
6501.62000 20.368 0.117
6501.66541 20.194 0.099
6504.60877 21.089 0.319
6504.63079 20.224 0.136
6504.64955 20.262 0.142
6504.69301 20.218 0.123
6505.48710 20.158 0.128
6505.54815 20.135 0.111
6505.62201 19.948 0.098
6505.66287 20.120 0.102
6505.70459 20.915 0.265
6505.74670 20.113 0.158
6506.47749 19.942 0.134
6506.58519 19.780 0.106
6506.66086 19.795 0.093
6506.72250 19.984 0.128
6507.66432 20.380 0.203
6507.72138 20.368 0.217
6508.48015 20.083 0.140
6508.53908 20.169 0.098
6508.58303 20.059 0.102
6508.63011 20.256 0.094
6508.67208 20.182 0.093
6508.73150 20.048 0.100
6509.54375 20.279 0.101
6509.59559 20.152 0.069
6510.51321 20.305 0.105
6510.56576 20.200 0.083
6510.61162 20.164 0.085
6510.72386 19.702 0.092
6511.47536 20.043 0.123
6511.54329 20.716 0.189
6511.61374 20.550 0.192
6511.66873 19.988 0.094
6511.71815 19.705 0.079
6512.72057 20.279 0.175
6514.47645 20.658 0.244
6514.53770 20.080 0.109
6514.62222 20.054 0.082
6514.67321 20.040 0.074
6514.72826 20.401 0.120
6515.49087 20.408 0.120
6515.56195 20.116 0.089
6515.62460 20.039 0.068
6515.71341 20.167 0.086
6516.47843 20.726 0.272
6516.54837 19.646 0.082
6516.61624 19.960 0.076
6516.67062 19.718 0.098
6518.51373 20.158 0.096
6518.57661 20.097 0.081
6518.62882 20.162 0.095
6518.67604 20.380 0.125
6518.72220 20.094 0.113
6519.50966 19.928 0.072
6519.58165 20.444 0.131
6519.62970 19.937 0.085
6519.68208 20.109 0.112
6519.72903 19.798 0.114
6523.51411 20.308 0.133
6523.55257 20.229 0.122
6524.48735 19.964 0.115
6524.53609 20.134 0.151
6524.58363 20.248 0.128
6524.63198 20.305 0.154
6525.48801 20.493 0.260
6525.53797 19.998 0.154
6525.64087 19.993 0.186
6526.63147 19.771 0.104
6527.57326 20.555 0.324
6528.56660 20.089 0.163
6529.60869 19.929 0.130
6529.65156 19.913 0.142
6531.47563 20.714 0.310
6531.53481 19.875 0.099
6531.59652 20.164 0.120
6531.64401 20.060 0.115
6532.47737 20.653 0.205
6532.53315 20.122 0.094
6532.57648 20.367 0.124
6532.63605 20.447 0.170
6533.48837 20.201 0.147
6533.54732 21.519 0.450
6534.50601 20.519 0.222
6536.49036 20.345 0.140
6538.48919 19.930 0.086
6538.52728 20.512 0.142
6538.57499 20.245 0.130
6539.47819 20.249 0.135
6539.52958 20.833 0.167
6541.47563 20.320 0.136
6541.52541 20.398 0.140
6543.53269 20.498 0.145
6543.58419 19.848 0.080
6544.52006 19.911 0.110
6544.57063 20.061 0.095
6545.48259 19.995 0.099
6545.52805 20.284 0.089
6545.57312 20.223 0.122
6546.49045 20.655 0.301
6546.55862 20.037 0.185
6546.61285 19.753 0.128
6551.48418 19.696 0.147
6555.54540 19.647 0.123
6558.49349 20.396 0.121
6558.53758 20.700 0.173
6558.58133 20.096 0.117
6559.53688 20.087 0.110
6559.57704 20.610 0.205
6560.48453 20.372 0.202
6560.53787 20.121 0.112
6561.54179 20.069 0.113
6562.49695 20.022 0.121
6562.54411 20.013 0.125
6562.59102 20.044 0.097
6563.57012 20.114 0.149
6564.50841 19.903 0.150
6564.54945 19.604 0.077
6564.59415 20.216 0.166
6565.52091 20.198 0.141
6565.57172 20.144 0.140
6567.49848 20.232 0.221
6567.55988 19.427 0.085
6568.49974 19.827 0.160
6568.54622 20.322 0.215
6569.50525 19.912 0.084
6569.54633 20.145 0.103
6569.58738 20.279 0.127
6570.50102 19.728 0.106
6570.56517 20.190 0.187
6571.53075 19.991 0.150
6571.57762 20.718 0.281
6572.49901 19.822 0.128
6572.55920 20.141 0.142
6573.47963 19.696 0.160
6573.52487 20.697 0.234
6573.56966 19.968 0.122
6573.57832 20.232 0.162
6577.50782 20.582 0.356
6577.54921 19.931 0.215
6578.48440 19.730 0.196
6578.53342 20.080 0.167
6579.51037 20.271 0.178
6579.56009 20.370 0.278
6581.48588 21.000 0.674
6581.53207 20.540 0.250
6582.49710 20.007 0.175
6582.55157 19.876 0.121
6583.50286 20.098 0.225
6583.54815 21.393 0.851
6584.50399 19.988 0.176
6584.55002 20.422 0.332
6585.50608 20.617 0.288
6585.55070 20.254 0.258
6586.51800 19.650 0.115
6590.50000 19.834 0.133
6592.50032 19.823 0.163
6593.52398 19.631 0.128
6595.50186 20.814 0.561
