2106.78026 18.144 0.044
2112.76960 18.244 0.041
2125.65790 18.135 0.067
2128.58569 18.106 0.036
2131.57905 18.159 0.041
2134.68273 18.222 0.056
2138.56286 18.168 0.052
2143.53162 18.151 0.063
2158.53081 18.192 0.040
2162.51615 18.239 0.059
2168.55094 18.219 0.056
2173.50896 18.073 0.061
2180.50755 18.166 0.045
2184.51226 18.246 0.058
2194.56713 18.235 0.054
2321.88481 18.195 0.066
2326.81791 18.252 0.066
2345.82746 18.128 0.036
2350.83153 18.145 0.034
2358.89620 18.184 0.047
2370.82443 18.190 0.050
2381.83168 18.163 0.037
2384.80455 18.177 0.045
2388.86237 18.117 0.041
2391.74839 18.200 0.071
2396.77989 18.263 0.086
2400.70787 18.122 0.049
2402.82485 18.157 0.040
2404.85471 18.137 0.037
2406.93870 18.140 0.072
2415.73554 18.171 0.050
2417.71237 18.148 0.045
2426.69357 18.168 0.041
2431.82123 18.182 0.048
2433.74839 18.139 0.048
2434.82149 18.144 0.042
2436.59600 18.132 0.047
2438.62637 18.165 0.047
2440.60787 18.150 0.044
2442.62486 18.169 0.044
2444.72124 18.156 0.047
2446.68969 18.241 0.045
2453.75290 18.141 0.048
2458.74592 18.230 0.046
2462.73469 18.125 0.035
2463.83533 18.166 0.044
2466.76525 18.124 0.044
2468.48053 18.167 0.054
2470.48356 18.152 0.059
2472.48439 18.000 0.057
2482.63434 18.225 0.051
2485.64437 18.271 0.061
2489.71497 18.181 0.040
2492.66039 18.182 0.045
2494.71403 18.148 0.044
2497.51661 18.165 0.044
2499.55258 18.151 0.042
2501.58020 18.134 0.041
2503.50542 18.057 0.115
2511.56052 18.347 0.088
2517.49740 18.246 0.067
2520.68654 18.247 0.050
2526.54079 18.136 0.044
2537.49089 18.256 0.068
2540.50685 18.239 0.063
2546.51732 18.204 0.054
2550.49868 18.276 0.075
2554.57053 18.197 0.050
2558.50709 18.139 0.063
2565.50776 18.202 0.064
2698.90196 18.111 0.055
2711.88495 18.147 0.041
2721.90666 18.230 0.082
2730.90549 18.163 0.039
2743.78198 18.196 0.041
2748.80063 18.246 0.052
2755.79071 18.166 0.037
2759.78575 18.124 0.043
2765.79887 18.169 0.039
2769.78350 18.110 0.033
2782.72177 18.187 0.047
2784.71460 18.190 0.035
2786.60118 18.258 0.071
2788.71353 18.184 0.036
2790.82740 18.171 0.040
2792.58823 18.187 0.070
2794.62164 18.124 0.046
2796.57636 18.170 0.044
2802.59511 18.127 0.055
2808.64272 18.119 0.044
2810.58105 18.173 0.049
2812.58263 18.203 0.044
2813.82645 18.138 0.042
2815.60495 18.187 0.045
2816.67066 18.190 0.038
2817.78513 18.168 0.053
2818.68034 18.159 0.037
2819.77424 18.175 0.049
2821.67230 18.194 0.047
2826.66316 18.049 0.039
2830.79342 18.114 0.082
2835.49040 18.206 0.068
2837.50936 18.220 0.073
2838.73973 18.100 0.040
2840.51051 18.178 0.053
2842.56842 18.213 0.053
2844.62320 18.159 0.037
2848.56270 18.163 0.060
2851.54910 18.188 0.045
2853.55286 18.197 0.043
2854.74845 18.159 0.054
2857.73549 18.202 0.048
2862.51672 18.304 0.077
2864.51866 18.197 0.064
2867.66791 18.173 0.051
2868.52989 18.153 0.040
2871.49582 18.167 0.043
2875.64878 18.218 0.054
2877.66586 18.162 0.045
2882.55573 18.045 0.051
2889.54259 18.225 0.067
2894.59000 18.214 0.055
2898.64573 18.173 0.060
2903.54844 18.192 0.044
2908.60658 18.223 0.066
2912.55237 18.219 0.049
2926.57593 18.152 0.057
3043.87523 18.251 0.056
3044.87000 18.093 0.054
3055.88602 18.167 0.044
3059.81597 18.207 0.050
3064.83281 18.122 0.059
3068.78667 18.212 0.073
3070.86530 18.256 0.062
3073.82135 18.201 0.046
3075.85943 18.172 0.046
3079.90434 18.142 0.048
3082.88557 18.191 0.036
3085.82195 18.249 0.045
3086.89434 18.155 0.040
3088.80950 18.151 0.034
3089.91548 18.122 0.047
3096.88286 18.120 0.050
3098.90274 18.171 0.030
3099.91610 18.241 0.054
3101.75480 18.114 0.053
3103.78771 18.141 0.042
3104.84635 18.366 0.154
3106.85964 18.157 0.048
3108.77966 18.183 0.036
3109.83912 18.145 0.035
3110.84546 18.145 0.037
3112.83076 18.148 0.038
3114.79535 18.157 0.036
3116.88329 18.188 0.041
3122.92134 18.115 0.044
3125.88189 18.143 0.052
3127.82515 18.123 0.042
3128.83128 18.169 0.038
3130.71248 18.188 0.049
3131.67900 18.245 0.071
3135.91059 18.142 0.042
3138.66487 18.171 0.045
3139.89006 18.216 0.041
3140.88966 18.156 0.041
3142.77864 18.155 0.037
3144.79876 18.140 0.037
3146.82623 18.142 0.044
3151.76159 18.175 0.044
3151.91758 18.184 0.045
3152.76653 18.120 0.043
3153.76987 18.112 0.042
3154.83416 18.207 0.057
3156.87494 18.206 0.043
3162.57922 18.147 0.063
3163.76575 18.185 0.041
3164.74802 18.192 0.040
3164.88104 18.250 0.064
3165.72158 18.193 0.033
3167.60789 18.148 0.048
3168.86976 18.267 0.044
3169.73774 18.132 0.040
3170.82267 18.128 0.034
3171.79398 18.134 0.030
3172.76493 18.182 0.037
3173.86293 18.224 0.058
3174.72171 18.155 0.034
3175.73046 18.162 0.034
3177.77093 18.234 0.057
3179.50589 18.146 0.043
3179.89497 18.208 0.052
3180.73278 18.144 0.028
3182.79740 18.158 0.041
3183.77539 18.147 0.044
3184.71341 18.156 0.036
3184.76006 18.196 0.039
3184.79864 18.139 0.044
3184.82752 18.166 0.043
3184.85443 18.142 0.056
3184.88730 18.323 0.082
3185.49917 18.234 0.059
3185.71694 18.175 0.040
3185.76292 18.165 0.041
3185.85495 18.170 0.045
3191.80364 18.203 0.047
3193.54834 18.197 0.039
3194.55997 18.145 0.057
3195.69152 18.194 0.034
3195.81209 18.120 0.038
3196.61297 18.139 0.043
3197.53588 18.178 0.042
3197.84117 18.219 0.057
3199.63487 18.171 0.039
3202.52917 18.181 0.038
3202.81893 18.180 0.052
3203.67074 18.144 0.033
3204.66518 18.229 0.036
3205.52409 18.161 0.034
3206.72941 18.142 0.041
3209.64937 18.067 0.030
3210.64947 18.145 0.042
3211.61839 18.172 0.043
3217.48513 18.211 0.054
3217.66410 18.182 0.052
3218.66239 18.120 0.053
3219.61860 18.177 0.055
3223.66360 18.147 0.049
3224.70895 18.209 0.044
3226.63327 18.189 0.046
3228.61288 18.198 0.040
3229.64536 18.154 0.039
3230.67889 18.144 0.041
3231.58290 18.128 0.036
3232.61936 18.205 0.052
3238.63117 18.158 0.050
3239.71021 18.182 0.055
3240.48332 18.240 0.047
3241.66605 18.094 0.050
3245.56718 18.239 0.069
3246.67289 18.178 0.059
3247.59206 18.327 0.052
3249.53956 18.208 0.044
3250.67051 18.205 0.054
3253.63600 18.192 0.056
3256.64974 18.220 0.059
3260.55949 18.201 0.058
3265.48997 18.214 0.061
3267.54360 18.143 0.040
3272.59908 18.188 0.051
3275.49567 18.232 0.060
3278.61148 18.152 0.051
3282.49100 18.150 0.040
3288.55734 18.185 0.046
3293.52795 18.197 0.031
3294.56094 18.177 0.039
3295.53828 18.198 0.028
3300.52174 18.171 0.058
3315.51054 18.214 0.078
3416.89546 18.105 0.052
3422.88331 18.109 0.039
3426.87434 18.180 0.043
3429.85943 18.165 0.048
3432.89972 18.108 0.040
3442.90225 18.180 0.037
3445.81525 18.141 0.032
3447.86557 18.195 0.047
3449.88243 18.209 0.038
3452.89960 18.213 0.033
3453.77148 18.144 0.051
3455.84209 18.062 0.049
3456.85319 18.110 0.033
3457.77087 18.061 0.041
3458.81444 18.113 0.039
3459.78901 18.121 0.046
3467.89179 18.172 0.036
3469.80146 18.180 0.034
3470.84155 18.195 0.032
3472.77280 18.166 0.036
3473.86777 18.204 0.049
3474.83904 18.186 0.038
3477.77678 18.220 0.041
3478.89107 18.171 0.038
3480.84305 18.185 0.037
3481.84292 18.156 0.029
3483.78735 18.096 0.034
3496.74120 18.078 0.038
3497.80892 18.161 0.043
3498.93016 18.112 0.035
3499.73764 18.140 0.035
3500.74223 18.112 0.035
3501.83297 18.336 0.036
3502.68854 18.176 0.036
3503.70139 18.102 0.033
3504.71573 18.214 0.040
3506.80114 18.125 0.044
3508.79757 18.144 0.037
3509.70100 18.191 0.043
3511.68771 18.207 0.041
3512.75087 18.069 0.039
3517.79705 18.216 0.039
3520.83232 18.241 0.048
3521.65147 18.172 0.032
3522.76099 18.160 0.037
3523.79633 18.150 0.031
3524.78020 18.202 0.046
3525.76369 18.183 0.036
3526.84903 18.174 0.035
3528.56765 18.142 0.046
3529.78850 18.172 0.032
3530.76880 18.089 0.028
3537.76089 18.144 0.036
3538.69040 18.146 0.031
3539.83142 18.152 0.031
3540.66433 18.196 0.039
3544.73854 18.140 0.044
3546.86242 18.201 0.066
3547.82271 18.216 0.056
3549.78733 18.190 0.039
3550.64914 18.148 0.032
3551.65204 18.065 0.023
3552.68593 18.115 0.033
3553.68867 18.198 0.046
3554.67719 18.128 0.046
3555.70736 18.120 0.038
3555.72351 18.176 0.038
3556.73561 18.227 0.049
3558.57146 18.199 0.040
3558.84875 18.102 0.040
3559.66729 18.183 0.043
3560.62046 18.210 0.033
3561.56019 18.141 0.039
3561.82730 18.306 0.053
3562.60486 18.097 0.042
3562.82770 18.247 0.046
3563.65430 18.162 0.033
3564.54793 18.222 0.047
3569.60663 18.119 0.045
3573.67263 18.184 0.047
3573.70218 18.259 0.048
3574.70317 18.177 0.041
3575.64209 18.152 0.034
3575.78723 18.231 0.052
3576.70452 18.209 0.038
3577.75279 18.114 0.039
3578.68948 18.179 0.032
3579.63480 18.223 0.035
3580.67137 18.184 0.038
3581.68776 18.191 0.036
3582.61353 18.206 0.033
3583.65005 18.190 0.037
3584.65881 18.106 0.033
3584.77394 18.178 0.047
3585.65695 18.135 0.029
3586.68131 18.141 0.030
3588.73942 18.276 0.039
3589.70078 18.171 0.033
3590.69683 18.185 0.038
3592.65329 18.165 0.026
3597.62282 18.092 0.044
3601.67319 18.170 0.044
3602.65675 18.197 0.043
3603.65350 18.211 0.042
3607.65196 18.176 0.042
3608.66789 18.130 0.039
3609.52955 18.080 0.033
3615.59521 18.177 0.034
3618.59874 18.170 0.039
3620.56204 18.102 0.032
3628.56407 18.174 0.049
3630.57805 18.306 0.057
3632.60555 18.215 0.061
3634.50892 18.142 0.037
3639.51472 18.224 0.033
3641.56143 18.160 0.058
3644.52628 18.195 0.038
3648.55482 18.206 0.055
3649.50690 18.285 0.051
3651.56777 18.241 0.069
3654.55742 18.117 0.072
3655.53292 18.166 0.042
3657.52610 18.079 0.042
3659.52789 18.128 0.059
3662.53247 18.161 0.058
3665.48986 18.177 0.065
3671.50583 18.363 0.075
3777.83750 18.194 0.065
3782.87352 18.158 0.038
3784.89381 18.190 0.052
3785.83515 18.142 0.049
3788.87718 18.181 0.045
3791.88740 18.120 0.046
3794.86486 18.168 0.037
3796.85362 18.184 0.041
3797.85652 18.158 0.036
3798.90445 18.133 0.046
3801.82809 18.171 0.042
3803.81708 18.148 0.040
3804.86434 18.140 0.036
3805.90487 18.263 0.044
3807.89317 18.147 0.034
3809.80757 18.150 0.038
3811.88611 18.155 0.039
3813.76642 18.201 0.050
3817.90556 18.142 0.041
3819.76704 18.172 0.034
3820.87121 18.154 0.034
3821.88121 18.135 0.036
3822.78026 18.171 0.043
3823.89321 18.146 0.034
3824.88606 18.157 0.040
3826.89057 18.168 0.039
3828.89292 18.174 0.036
3829.87963 18.123 0.036
3832.88282 18.169 0.037
3833.85747 18.175 0.034
3834.89872 18.148 0.035
3835.84214 18.200 0.036
3836.85457 18.139 0.034
3837.83720 18.138 0.043
3838.84110 18.197 0.043
3839.85318 18.155 0.051
3840.84437 18.155 0.038
3841.82320 18.151 0.039
3845.82872 18.121 0.043
3846.83612 18.131 0.034
3848.85165 18.209 0.042
3849.86494 18.142 0.031
3850.80096 18.111 0.039
3851.80734 18.134 0.045
3852.79581 18.151 0.039
3853.78852 18.157 0.030
3856.77734 18.188 0.039
3858.84117 18.222 0.045
3860.83196 18.284 0.058
3861.84633 18.160 0.033
3862.79030 18.121 0.034
3863.73059 18.242 0.039
3864.79114 18.165 0.031
3865.75548 18.179 0.042
3866.78399 18.182 0.034
3867.72082 18.174 0.045
3868.78755 18.077 0.041
3869.77390 18.144 0.046
3873.77474 18.188 0.036
3874.81889 18.188 0.040
3875.73381 18.241 0.033
3877.76338 18.187 0.033
3880.76061 18.152 0.038
3881.76883 18.153 0.031
3882.70684 18.197 0.040
3883.58944 18.186 0.062
3883.59628 18.169 0.052
3883.60536 18.144 0.047
3883.62891 18.221 0.049
3883.69082 18.180 0.035
3883.74834 18.163 0.033
3883.75729 18.206 0.035
3883.79975 18.237 0.044
3883.82597 18.176 0.036
3883.83568 18.164 0.033
3883.84694 18.165 0.033
3883.86625 18.177 0.032
3883.87357 18.156 0.035
3883.87939 18.224 0.041
3883.88506 18.185 0.036
3883.89102 18.170 0.038
3883.89660 18.160 0.033
3883.90232 18.195 0.037
3883.90820 18.162 0.038
3883.91384 18.215 0.042
3883.91943 18.220 0.037
3883.92503 18.145 0.042
3883.93084 18.137 0.042
3883.93363 18.076 0.038
3883.93643 18.221 0.044
3883.93922 18.164 0.040
3883.94200 18.136 0.043
3883.94477 18.168 0.050
3883.94787 18.188 0.066
3884.73281 18.128 0.028
3884.74157 18.167 0.036
3884.74456 18.172 0.036
3884.74763 18.225 0.035
3884.75070 18.097 0.028
3884.75830 18.172 0.028
3884.76477 18.250 0.033
3884.76791 18.326 0.035
3884.77974 18.228 0.035
3886.56103 18.186 0.053
3886.57950 18.192 0.048
3886.59682 18.181 0.043
3886.62317 18.188 0.040
3886.63765 18.126 0.037
3886.66694 18.125 0.032
3886.69329 18.108 0.030
3886.71920 18.194 0.036
3886.73990 18.075 0.035
3886.76296 18.124 0.034
3886.78968 18.190 0.034
3886.83882 18.198 0.034
3886.91068 18.097 0.038
3886.93677 18.137 0.044
3887.56678 18.245 0.053
3887.64214 18.221 0.038
3887.70219 18.120 0.030
3887.74260 18.181 0.037
3887.76892 18.172 0.035
3887.82178 18.112 0.037
3887.87251 18.284 0.045
3888.58208 18.259 0.050
3888.90270 17.838 0.027
3888.91571 18.132 0.044
3888.92264 18.225 0.047
3889.62948 18.178 0.047
3889.86372 18.163 0.033
3890.56329 18.111 0.050
3891.58945 18.122 0.047
3892.86707 18.124 0.042
3893.74900 18.176 0.050
3894.78876 18.199 0.046
3896.74014 18.206 0.050
3900.63988 18.172 0.064
3901.65177 18.098 0.041
3902.66959 18.163 0.039
3903.79892 18.122 0.045
3904.64932 18.159 0.035
3905.65630 18.148 0.032
3906.63794 18.131 0.035
3907.70330 18.274 0.055
3908.63752 18.170 0.032
3909.64190 18.165 0.032
3912.64224 18.166 0.029
3913.63981 18.199 0.031
3914.67301 18.174 0.035
3915.63673 18.209 0.037
3916.71839 18.249 0.042
3917.73123 18.142 0.036
3918.73558 18.199 0.043
3919.66542 18.291 0.058
3920.61758 18.188 0.035
3921.63105 18.235 0.054
3930.69324 18.253 0.042
3931.61243 18.117 0.039
3931.80089 18.332 0.069
3932.63987 18.159 0.031
3933.61957 18.152 0.028
3934.59018 18.156 0.034
3935.66742 18.149 0.040
3936.61901 18.122 0.036
3936.80731 18.210 0.056
3937.73578 18.262 0.057
3937.74464 18.183 0.051
3937.77814 18.080 0.053
3938.46599 18.189 0.072
3938.49189 18.264 0.054
3938.59663 18.245 0.044
3938.64567 18.165 0.041
3938.71642 18.268 0.049
3939.52472 18.112 0.036
3940.57106 18.157 0.036
3940.64398 18.220 0.032
3940.74129 18.122 0.029
3940.80557 18.302 0.043
3941.65519 18.238 0.054
3942.51790 18.244 0.055
3944.49833 18.181 0.037
3944.60548 18.093 0.034
3944.68165 18.047 0.029
3944.77182 18.072 0.042
3945.46656 18.200 0.058
3945.55084 18.173 0.039
3945.63013 18.220 0.040
3945.73556 18.132 0.046
3945.79709 18.143 0.054
3946.47008 18.317 0.065
3946.62374 18.258 0.042
3946.78840 18.135 0.049
3946.79701 18.132 0.045
3950.47333 18.122 0.046
3950.64024 18.245 0.037
3950.77888 18.151 0.044
3951.65657 18.144 0.045
3957.63513 18.279 0.053
3958.68345 18.214 0.049
3959.61371 18.153 0.039
3960.60693 18.100 0.027
3963.57498 18.135 0.034
3964.63821 18.165 0.034
3965.62002 18.111 0.031
3966.61487 18.119 0.033
3967.64128 18.174 0.039
3968.59746 18.098 0.037
3969.60508 18.120 0.034
3970.57501 18.104 0.037
3970.61797 18.158 0.038
3970.70484 18.254 0.041
3971.64798 18.148 0.043
3973.67755 18.127 0.042
3974.61222 18.119 0.034
3975.60760 18.195 0.037
3976.60159 18.185 0.039
3979.62995 18.133 0.084
3982.65884 18.274 0.057
3987.59787 18.093 0.037
3988.63112 18.173 0.035
3990.59899 18.147 0.043
3994.54892 18.187 0.052
3996.52469 18.243 0.054
4000.61029 18.219 0.059
4002.60422 18.145 0.038
4003.55869 18.140 0.031
4005.65452 18.116 0.048
4011.53753 18.236 0.053
4015.56685 18.094 0.055
4017.54457 18.169 0.044
4019.54624 18.152 0.047
4021.54903 18.230 0.058
4024.57851 18.131 0.049
4027.49473 18.296 0.061
4029.53272 18.248 0.053
4150.86671 18.164 0.048
4155.83901 18.174 0.049
4157.89420 18.170 0.042
4159.90431 18.168 0.051
4162.85154 18.158 0.051
4164.89141 18.125 0.042
4166.90739 18.191 0.068
4167.81898 18.140 0.052
4167.84437 18.186 0.050
4167.86879 18.190 0.050
4167.89040 18.191 0.045
4167.91042 18.271 0.060
4168.79385 18.151 0.053
4168.80382 18.181 0.051
4168.83087 18.196 0.054
4168.85320 18.147 0.050
4168.86861 18.136 0.046
4168.88867 18.137 0.045
4168.90996 18.137 0.057
4169.78995 18.226 0.056
4169.81094 18.149 0.045
4169.82608 18.126 0.044
4169.84061 18.179 0.043
4169.86782 18.125 0.038
4169.89378 18.096 0.036
4170.79032 18.195 0.086
4170.81946 18.180 0.047
4170.84674 18.151 0.045
4170.88450 18.120 0.041
4174.78368 18.166 0.050
4174.82640 18.247 0.052
4174.84065 18.164 0.047
4174.89624 18.187 0.042
4174.90847 18.205 0.043
4175.86041 18.254 0.049
4176.82234 18.145 0.043
4176.89274 18.158 0.040
4177.87602 18.175 0.044
4179.77380 18.160 0.046
4180.82053 18.181 0.048
4181.90869 18.134 0.037
4183.78767 18.204 0.042
4184.75631 18.168 0.046
4184.85573 18.117 0.032
4185.83510 18.082 0.042
4190.85346 18.194 0.050
4192.86576 18.172 0.041
4193.87673 18.101 0.041
4194.89830 18.134 0.039
4196.91862 18.184 0.046
4202.86806 18.117 0.034
4203.85621 18.143 0.034
4204.85536 18.122 0.037
4205.85190 18.136 0.036
4207.85552 18.184 0.034
4208.88517 18.228 0.039
4212.93324 18.176 0.071
4213.85325 18.197 0.037
4215.89081 18.170 0.043
4216.81166 18.143 0.042
4217.83396 18.146 0.031
4218.87472 18.175 0.043
4219.91573 18.137 0.058
4220.85314 18.161 0.048
4222.82249 18.122 0.037
4228.81046 18.117 0.057
4229.78929 18.113 0.046
4230.77626 18.163 0.034
4231.79836 18.110 0.037
4232.80659 18.254 0.064
4234.75080 18.195 0.044
4235.77564 18.136 0.037
4237.76399 18.006 0.050
4238.79872 18.160 0.047
4239.85857 18.169 0.064
4243.69322 18.207 0.046
4244.85505 18.171 0.048
4245.84828 18.198 0.041
4246.90304 18.202 0.047
4250.86887 18.151 0.064
4256.71392 18.208 0.060
4258.71146 18.119 0.040
4268.61493 18.317 0.058
4269.65505 18.203 0.041
4272.70567 18.172 0.042
4273.66574 18.218 0.043
4274.64946 18.091 0.042
4275.70633 18.181 0.046
4277.60540 18.152 0.045
4278.67968 18.221 0.054
4283.62502 18.194 0.047
4284.60890 18.154 0.047
4285.61564 18.159 0.055
4286.70454 18.162 0.046
4289.65419 18.118 0.049
4290.68358 18.281 0.064
4290.70555 18.150 0.050
4291.73318 18.209 0.046
4292.59423 18.166 0.039
4293.62172 18.140 0.036
4294.59347 18.179 0.045
4295.62284 18.157 0.037
4296.60229 18.176 0.035
4297.59607 18.158 0.035
4298.70561 18.141 0.041
4299.67259 18.146 0.037
4300.79742 18.146 0.047
4301.47492 18.141 0.046
4302.75402 18.179 0.044
4307.58533 18.184 0.039
4310.73879 18.014 0.072
4312.63484 18.281 0.050
4315.66871 18.202 0.067
4319.62996 18.190 0.046
4320.73136 18.267 0.058
4326.64091 18.232 0.048
4327.66857 18.139 0.060
4328.60962 18.179 0.042
4328.74201 18.256 0.065
4329.60105 18.208 0.053
4330.58313 18.230 0.045
4331.60960 18.145 0.046
4332.60698 18.190 0.045
4333.61005 18.149 0.048
4334.60430 18.138 0.074
4338.64423 18.121 0.052
4339.61325 18.209 0.067
4340.52482 18.121 0.064
4341.61165 18.164 0.060
4342.64789 18.229 0.057
4343.62724 18.125 0.042
4344.67669 18.130 0.051
4345.62705 18.156 0.054
4346.63236 18.192 0.051
4347.64637 18.234 0.048
4349.61817 18.144 0.042
4351.61683 18.160 0.055
4353.63997 18.176 0.072
4357.62826 18.105 0.046
4359.59941 18.233 0.062
4367.59850 18.121 0.060
4370.59750 18.169 0.049
4372.56950 18.201 0.047
4380.57926 18.192 0.046
4515.87471 18.251 0.058
4519.84627 18.158 0.061
4520.83843 18.190 0.061
4522.90202 18.192 0.061
4524.88812 18.164 0.045
4530.87763 18.133 0.035
4534.81929 18.082 0.057
4536.82398 18.165 0.053
4537.91170 18.078 0.048
4538.84238 18.158 0.045
4540.87224 18.212 0.041
4542.89857 18.135 0.038
4543.86001 18.184 0.033
4544.85680 18.123 0.033
4545.87435 18.138 0.040
4546.90529 18.150 0.035
4550.84812 18.114 0.044
4551.90591 18.172 0.046
4552.90288 18.087 0.054
4556.86719 18.135 0.036
4557.89322 18.167 0.033
4558.82831 18.125 0.036
4559.85748 18.142 0.034
4560.85793 18.124 0.033
4561.84681 18.129 0.029
4564.85097 18.189 0.035
4565.83988 18.151 0.030
4566.84194 18.113 0.033
4567.84623 18.140 0.034
4568.87623 18.172 0.040
4569.86213 18.098 0.036
4570.86745 18.123 0.037
4571.83292 18.162 0.038
4572.87071 18.247 0.064
4573.84647 18.222 0.036
4574.84863 18.121 0.041
4575.86031 18.128 0.038
4579.91262 18.149 0.046
4583.82492 18.249 0.053
4586.81292 18.157 0.054
4587.85069 18.244 0.047
4588.73900 18.126 0.038
4589.77276 18.191 0.046
4590.78715 18.174 0.041
4591.76439 18.120 0.036
4592.77653 18.142 0.043
4593.76196 18.179 0.044
4594.79028 18.102 0.034
4595.78081 18.155 0.037
4596.80134 18.150 0.043
4597.79858 18.101 0.038
4598.76791 18.161 0.033
4599.74737 18.180 0.038
4600.75294 18.161 0.032
4601.75755 18.136 0.034
4602.75510 18.154 0.034
4606.77581 18.153 0.039
4610.87800 18.152 0.042
4611.73919 18.142 0.039
4611.92575 18.155 0.048
4616.72800 18.114 0.035
4617.89594 18.178 0.061
4622.70780 18.275 0.059
4623.78761 18.124 0.048
4624.72643 18.128 0.041
4625.70776 18.163 0.050
4626.75504 18.219 0.061
4627.68705 18.144 0.033
4628.67725 18.150 0.035
4629.74294 18.085 0.036
4630.68276 18.183 0.039
4631.70107 18.133 0.032
4632.71568 18.114 0.036
4633.86362 18.249 0.062
4639.80414 18.152 0.065
4640.77967 18.113 0.044
4641.86490 18.160 0.062
4642.70257 18.167 0.040
4643.66866 18.195 0.045
4644.75175 18.116 0.043
4645.67048 18.183 0.043
4646.63815 18.156 0.031
4647.64915 18.176 0.037
4648.65043 18.167 0.037
4648.75987 18.171 0.039
4649.64348 18.146 0.038
4650.67491 18.156 0.043
4651.68577 18.130 0.041
4652.61465 18.139 0.041
4652.67789 18.119 0.040
4652.75871 18.161 0.043
4652.78212 18.096 0.041
4652.81059 18.138 0.047
4653.60852 18.056 0.040
4654.64770 18.134 0.038
4655.61195 18.136 0.041
4656.61512 18.207 0.044
4658.77240 18.132 0.055
4660.72205 18.168 0.059
4661.60456 18.145 0.039
4666.53730 18.139 0.047
4671.66119 18.163 0.042
4672.62070 18.096 0.035
4674.64882 18.132 0.047
4677.67352 18.143 0.052
4681.67682 18.126 0.045
4682.63252 18.141 0.042
4683.63039 18.164 0.046
4684.64893 18.190 0.046
4685.67505 18.089 0.037
4686.74757 18.136 0.044
4687.66308 18.158 0.045
4688.60926 18.121 0.042
4694.69330 18.189 0.064
4697.61456 18.170 0.060
4698.63615 18.133 0.049
4700.63135 18.115 0.052
4701.61428 18.134 0.046
4702.62907 18.243 0.055
4704.69029 18.192 0.051
4708.65070 18.211 0.050
4710.66864 18.141 0.051
4720.58179 18.147 0.051
4721.61639 18.160 0.069
4724.63407 18.080 0.051
4725.65004 18.209 0.077
4726.61028 18.147 0.059
4733.57448 18.227 0.063
4738.53458 18.173 0.052
4741.61665 18.146 0.046
4755.55573 18.261 0.071
4763.49669 18.220 0.067
4876.87098 18.104 0.046
4883.85675 18.234 0.050
4885.89699 18.202 0.052
4888.85125 18.232 0.049
4892.84531 18.161 0.056
4898.81559 18.107 0.049
4901.81844 18.252 0.050
4902.90731 18.096 0.038
4903.86580 18.144 0.040
4905.86221 18.113 0.056
4912.84701 18.174 0.034
4914.89306 18.121 0.039
4924.74311 18.162 0.036
4925.86083 18.171 0.041
4928.75107 18.078 0.041
4930.79514 18.161 0.045
4931.83961 18.057 0.041
4932.84811 18.123 0.042
4933.84303 18.123 0.040
4934.89883 18.215 0.075
4938.82292 18.288 0.069
4940.76441 18.133 0.041
4941.80016 18.165 0.048
4942.74322 18.174 0.035
4944.74556 18.240 0.044
4945.79864 18.110 0.033
4950.85842 18.205 0.044
4952.85194 18.082 0.038
4953.83780 18.161 0.052
4954.80745 18.158 0.039
4955.79884 18.288 0.050
5260.88127 18.209 0.025
5261.81224 18.225 0.026
5262.84981 18.347 0.092
5265.86672 18.285 0.028
5266.81307 18.280 0.031
5267.84030 18.267 0.028
5268.84273 18.277 0.026
5269.80640 18.268 0.024
5270.81208 18.286 0.025
5271.80759 18.253 0.026
5272.81275 18.255 0.033
5273.79776 18.321 0.027
5274.81625 18.260 0.028
5275.80260 18.236 0.029
5276.78076 18.270 0.028
5276.90824 18.266 0.028
5277.81730 18.344 0.044
5278.81287 18.257 0.029
5279.81414 18.242 0.031
5280.82075 18.221 0.024
5281.80067 18.224 0.023
5282.82340 18.268 0.027
5283.78350 18.226 0.033
5283.87482 18.244 0.029
5284.78910 18.212 0.034
5285.77995 18.179 0.034
5285.90993 18.261 0.030
5286.79556 18.245 0.041
5287.84873 18.233 0.026
5288.77411 18.242 0.029
5289.82598 18.232 0.037
5293.85390 18.244 0.026
5294.78803 18.230 0.022
5295.79001 18.249 0.023
5296.83036 18.270 0.020
5297.86502 18.256 0.020
5298.90532 18.249 0.022
5299.88920 18.285 0.022
5301.81634 18.289 0.023
5304.77869 18.249 0.031
5306.77615 18.243 0.026
5307.80148 18.237 0.023
5308.79159 18.258 0.026
5309.83942 18.286 0.027
5311.92358 18.289 0.029
5312.91301 18.219 0.026
5314.67284 18.153 0.048
5314.88746 18.224 0.032
5315.81352 18.236 0.028
5316.77166 18.263 0.049
5319.91314 18.219 0.058
5320.80723 18.218 0.028
5321.75407 18.217 0.031
5322.70949 18.348 0.037
5322.92267 18.280 0.030
5323.86696 18.238 0.028
5324.79712 18.321 0.039
5325.71323 18.227 0.023
5325.91418 18.250 0.030
5326.83916 18.294 0.026
5327.78682 18.259 0.027
5328.68607 18.236 0.025
5328.90956 18.280 0.027
5334.83901 18.267 0.027
5335.80348 18.239 0.024
5336.90010 18.291 0.032
5337.90053 18.323 0.034
5339.65932 18.215 0.035
5339.93469 18.225 0.035
5340.87658 18.233 0.032
5341.80741 18.205 0.027
5342.63533 18.232 0.050
5342.83119 18.212 0.034
5343.65546 18.281 0.039
5343.84862 18.201 0.031
5348.79575 18.264 0.029
5349.67608 18.284 0.033
5350.68449 18.280 0.038
5351.80540 18.206 0.029
5353.77276 18.232 0.024
5354.73979 18.264 0.029
5355.67516 18.261 0.027
5357.67372 18.241 0.029
5358.84213 18.259 0.029
5359.67853 18.252 0.027
5359.90096 18.313 0.043
5362.88340 18.281 0.040
5365.54390 18.264 0.044
5365.87202 18.296 0.040
5369.82904 18.300 0.034
5376.80277 18.242 0.051
5377.73526 18.253 0.028
5378.59709 18.281 0.026
5378.85669 18.252 0.034
5379.77097 18.259 0.027
5380.61601 18.249 0.025
5380.85330 18.291 0.047
5381.72832 18.242 0.040
5382.60364 18.182 0.038
5382.81096 18.295 0.044
5385.81358 18.256 0.024
5386.51649 18.275 0.035
5386.59856 18.273 0.033
5386.68306 18.260 0.029
5386.82788 18.273 0.025
5387.81093 18.242 0.029
5388.76748 18.292 0.027
5389.65513 18.286 0.029
5390.60106 18.281 0.031
5391.50642 18.328 0.038
5391.83592 18.255 0.028
5392.77578 18.272 0.024
5393.75194 18.290 0.043
5396.66572 18.286 0.029
5397.70390 18.241 0.038
5403.48397 18.305 0.030
5403.67656 18.263 0.031
5404.54761 18.245 0.031
5404.74646 18.263 0.034
5405.76020 18.225 0.033
5407.61637 18.363 0.040
5408.53494 18.315 0.043
5408.73698 18.252 0.040
5409.73903 18.300 0.030
5410.74271 18.236 0.029
5411.75620 18.316 0.032
5412.67616 18.217 0.029
5413.74810 18.313 0.029
5414.77115 18.188 0.023
5418.65128 18.249 0.024
5421.67114 18.345 0.029
5423.48781 18.272 0.024
5426.50679 18.284 0.033
5430.57738 18.239 0.035
5431.57262 18.259 0.034
5434.53766 18.261 0.032
5435.50864 18.265 0.035
5436.50720 18.242 0.032
5438.54178 18.264 0.034
5439.60963 18.275 0.035
5443.62393 18.254 0.030
5444.64956 18.331 0.030
5446.53859 18.311 0.028
5447.54877 18.241 0.028
5449.48160 18.339 0.048
5450.55972 18.300 0.037
5453.49822 18.223 0.034
5457.59193 18.221 0.028
5459.48166 18.240 0.032
5460.49822 18.230 0.039
5461.52963 18.378 0.062
5462.56810 18.313 0.034
5465.53924 18.283 0.043
5467.52096 18.252 0.025
5469.51905 18.267 0.025
5470.54327 18.281 0.032
5471.54877 18.293 0.032
5472.49117 18.398 0.040
5472.58583 18.282 0.032
5473.53188 18.274 0.031
5476.53218 18.362 0.046
5478.51108 18.326 0.030
5480.53147 18.347 0.036
5481.50042 18.349 0.060
5485.54742 18.277 0.036
5486.53366 18.165 0.036
5487.51679 18.306 0.031
5488.50405 18.246 0.034
5489.49022 18.241 0.054
5490.54736 18.188 0.044
5493.51796 18.260 0.054
5495.50727 18.290 0.030
5497.50677 18.198 0.038
5499.50966 18.303 0.046
5504.50220 18.264 0.051
5598.88437 18.280 0.050
5600.88047 18.299 0.035
5616.89910 18.265 0.041
5622.89836 18.233 0.024
5625.83207 18.238 0.026
5627.82540 18.285 0.027
5628.90814 18.254 0.039
5629.83551 18.273 0.030
5631.86418 18.232 0.028
5633.81928 18.230 0.025
5634.81304 18.332 0.032
5637.84932 18.292 0.036
5639.80794 18.234 0.031
5639.88345 18.276 0.029
5640.79040 18.197 0.036
5640.87641 18.257 0.027
5641.78472 18.245 0.029
5641.91002 18.307 0.039
5642.84606 18.228 0.026
5643.77282 18.229 0.029
5643.87086 18.243 0.024
5644.78054 18.234 0.035
5644.89185 18.281 0.028
5648.76242 18.240 0.028
5648.86998 18.245 0.025
5649.76884 18.300 0.029
5649.87523 18.311 0.028
5650.76062 18.290 0.025
5650.86720 18.281 0.025
5651.78124 18.229 0.025
5651.90076 18.209 0.023
5652.82465 18.240 0.023
5653.79144 18.267 0.023
5654.79920 18.350 0.030
5654.88702 18.300 0.026
5655.79523 18.241 0.025
5655.87992 18.220 0.022
5656.83144 18.206 0.020
5657.79187 18.248 0.025
5657.87830 18.273 0.022
5658.78871 18.284 0.032
5658.88431 18.267 0.026
5659.74039 18.328 0.025
5659.81729 18.206 0.026
5659.90801 18.231 0.023
5660.79186 18.287 0.024
5660.90565 18.249 0.029
5662.78285 18.219 0.031
5662.88279 18.261 0.025
5664.74477 18.330 0.045
5664.84944 18.307 0.031
5665.72368 18.229 0.035
5665.83939 18.242 0.023
5665.92641 18.277 0.029
5667.91102 18.257 0.020
5668.91485 18.261 0.033
5669.90465 18.293 0.032
5670.88438 18.332 0.032
5675.76134 18.269 0.028
5676.68761 18.326 0.018
5676.86565 18.257 0.022
5677.80490 18.285 0.028
5679.72677 18.252 0.025
5679.91019 18.212 0.025
5680.80050 18.271 0.029
5681.70194 18.285 0.028
5681.88815 18.224 0.025
5682.78044 18.236 0.023
5683.73541 18.206 0.024
5684.65614 18.260 0.027
5684.87993 18.279 0.026
5685.84708 18.291 0.021
5686.74412 18.239 0.025
5686.93050 18.306 0.032
5687.83459 18.236 0.022
5689.75425 18.258 0.028
5690.75051 18.192 0.035
5691.66341 18.265 0.031
5691.86689 18.358 0.030
5692.76899 18.249 0.025
5692.92370 18.250 0.031
5693.79253 18.289 0.021
5694.61224 18.287 0.035
5694.80122 18.231 0.026
5695.61606 18.317 0.039
5695.84144 18.240 0.024
5696.64695 18.266 0.032
5696.82753 18.264 0.030
5697.66435 18.247 0.026
5697.83184 18.263 0.024
5698.66980 18.186 0.038
5698.83131 18.298 0.035
5703.76477 18.240 0.040
5705.79957 18.339 0.044
5706.74215 18.295 0.040
5707.62985 18.337 0.032
5707.80407 18.255 0.025
5708.61073 18.349 0.043
5708.80654 18.251 0.033
5712.71039 18.273 0.026
5712.87939 18.305 0.031
5714.58807 18.319 0.046
5715.65716 18.254 0.025
5715.83598 18.274 0.027
5716.73205 18.255 0.027
5716.89436 18.191 0.038
5721.80674 18.209 0.026
5722.63289 18.211 0.024
5722.83420 18.322 0.029
5723.71152 18.250 0.026
5723.86926 18.283 0.033
5724.75269 18.319 0.032
5725.68640 18.282 0.025
5726.58028 18.352 0.045
5726.75468 18.242 0.029
5734.73954 18.290 0.042
5735.66646 18.302 0.032
5735.86889 18.304 0.035
5736.60753 18.297 0.022
5736.82018 18.206 0.021
5737.61624 18.278 0.025
5737.79293 18.300 0.025
5738.63317 18.296 0.025
5739.53113 18.261 0.032
5739.71660 18.204 0.026
5740.50458 18.242 0.037
5740.71360 18.300 0.030
5740.88445 18.347 0.041
5741.64515 18.213 0.030
5741.82450 18.283 0.028
5742.58042 18.246 0.028
5742.75759 18.258 0.021
5743.63000 18.257 0.034
5743.80701 18.309 0.031
5744.56503 18.308 0.038
5744.78156 18.267 0.029
5745.56158 18.303 0.044
5745.74007 18.281 0.029
5746.58622 18.308 0.027
5746.76813 18.293 0.032
5747.66206 18.309 0.034
5748.63335 18.177 0.022
5749.60590 18.247 0.029
5749.77151 18.351 0.036
5753.55661 18.153 0.065
5759.81033 18.266 0.043
5760.56261 18.225 0.035
5760.75177 18.328 0.029
5761.56587 18.282 0.017
5762.60757 18.340 0.030
5763.47787 18.264 0.031
5763.66440 18.270 0.025
5764.48232 18.290 0.030
5764.65644 18.177 0.021
5765.52777 18.215 0.030
5765.72380 18.248 0.029
5766.60117 18.290 0.021
5767.47449 18.295 0.045
5767.67337 18.247 0.027
5768.51557 18.273 0.026
5768.71552 18.252 0.022
5769.54187 18.227 0.024
5769.75617 18.282 0.027
5775.62272 18.315 0.036
5776.70551 18.319 0.031
5777.63589 18.206 0.024
5778.54549 18.296 0.043
5779.68560 18.277 0.027
5785.49108 18.132 0.040
5785.69992 18.236 0.037
5786.64455 18.238 0.031
5787.47963 18.240 0.028
5787.67725 18.251 0.029
5788.59801 18.243 0.027
5790.47639 18.343 0.038
5793.47779 18.219 0.038
5793.66464 18.248 0.028
5794.57681 18.285 0.031
5795.57009 18.224 0.039
5796.53100 18.234 0.026
5798.67709 18.313 0.043
5801.63759 18.196 0.036
5803.52601 18.258 0.032
5804.62304 18.310 0.029
5805.58497 18.230 0.024
5806.62724 18.322 0.039
5812.52607 18.316 0.056
5813.50638 18.313 0.031
5813.66387 18.237 0.026
5815.64403 18.244 0.029
5816.61570 18.294 0.039
5817.61745 18.224 0.034
5818.59837 18.253 0.039
5819.60605 18.249 0.027
5820.58399 18.277 0.030
5822.54283 18.300 0.039
5822.63149 18.304 0.033
5823.56291 18.382 0.039
5824.48703 18.287 0.040
5824.58403 18.306 0.028
5825.50351 18.256 0.036
5825.59999 18.263 0.029
5826.52425 18.225 0.031
5826.61086 18.318 0.042
5827.54870 18.347 0.041
5827.62875 18.372 0.046
5828.56193 18.296 0.027
5829.48591 18.236 0.040
5829.57260 18.260 0.027
5830.50983 18.214 0.022
5830.58566 18.281 0.029
5831.55766 18.272 0.027
5832.49034 18.267 0.024
5832.58233 18.304 0.034
5833.53898 18.257 0.026
5834.48785 18.295 0.027
5834.57605 18.244 0.026
5835.56914 18.277 0.044
5836.55372 18.266 0.038
5839.50502 18.321 0.040
5839.58049 18.260 0.047
5840.53601 18.313 0.036
5840.62136 18.341 0.043
5841.55467 18.223 0.036
5842.51708 18.359 0.054
5842.60158 18.265 0.051
5842.61266 18.224 0.050
5843.55946 18.280 0.039
5844.50293 18.226 0.034
5844.58326 18.195 0.048
5845.54312 18.348 0.041
5846.50714 18.288 0.049
5846.58404 18.305 0.064
5847.55987 18.324 0.058
5850.53076 18.234 0.028
5851.49239 18.258 0.032
5851.57031 18.227 0.034
5852.52194 18.289 0.043
5854.51223 18.251 0.039
5855.49632 18.288 0.066
5856.49930 18.323 0.043
5857.51485 18.418 0.063
5859.52198 18.300 0.034
5860.53508 18.341 0.039
5862.50001 18.258 0.035
5866.51536 18.114 0.053
5867.51886 18.240 0.034
5868.51985 18.203 0.061
5869.51078 18.187 0.038
5870.51644 18.179 0.031
5971.86297 18.225 0.028
5976.86995 18.265 0.027
5977.86887 18.311 0.031
5978.87936 18.367 0.028
5979.88385 18.313 0.036
5982.82647 18.229 0.029
5983.83457 18.319 0.032
5984.83115 18.261 0.029
5985.81667 18.310 0.039
5985.89380 18.302 0.030
5986.86978 18.295 0.026
5987.84620 18.229 0.026
5988.83629 18.306 0.035
5989.81713 18.262 0.028
5989.89688 18.311 0.031
5990.86458 18.275 0.028
5991.83908 18.303 0.025
5992.81021 18.238 0.031
5993.79859 18.259 0.046
5994.84466 18.310 0.033
5995.79724 18.251 0.029
5995.86990 18.242 0.023
5996.81256 18.229 0.027
5996.89688 18.291 0.023
5997.84464 18.328 0.032
5998.79468 18.204 0.033
5998.88515 18.266 0.026
5999.81743 18.263 0.028
5999.90419 18.231 0.025
6003.90086 18.348 0.034
6004.83559 18.247 0.025
6005.76259 18.259 0.028
6005.85217 18.224 0.026
6006.77588 18.295 0.025
6006.87967 18.259 0.024
6007.78322 18.256 0.025
6007.87836 18.175 0.023
6008.77651 18.240 0.024
6008.87317 18.288 0.026
6009.77819 18.282 0.025
6009.87353 18.238 0.024
6010.76910 18.313 0.030
6010.86812 18.232 0.020
6011.74954 18.235 0.030
6011.87366 18.315 0.037
6012.77253 18.221 0.025
6012.87148 18.250 0.020
6013.76825 18.237 0.026
6013.86857 18.255 0.024
6014.74455 18.271 0.029
6014.84276 18.216 0.024
6014.92210 18.392 0.081
6015.80024 18.216 0.019
6015.88974 18.194 0.020
6016.78126 18.249 0.021
6016.88428 18.223 0.023
6017.76931 18.222 0.021
6017.84691 18.272 0.020
6018.83608 18.330 0.024
6019.73592 18.334 0.035
6019.83308 18.317 0.026
6019.90977 18.210 0.019
6020.76797 18.280 0.025
6020.86293 18.224 0.019
6021.72380 18.359 0.041
6021.80081 18.261 0.025
6021.89775 18.211 0.022
6022.74940 18.239 0.029
6022.82664 18.213 0.030
6022.92573 18.239 0.033
6023.78354 18.262 0.025
6023.86555 18.194 0.022
6024.74083 18.262 0.033
6024.84151 18.234 0.023
6025.71550 18.304 0.045
6025.79581 18.262 0.038
6025.90208 18.257 0.029
6031.79591 18.222 0.026
6032.72551 18.256 0.025
6032.90573 18.213 0.020
6033.85678 18.279 0.022
6034.78566 18.311 0.022
6036.70116 18.245 0.027
6036.92034 18.220 0.022
6037.88376 18.235 0.027
6038.84561 18.253 0.024
6039.83040 18.201 0.031
6040.80589 18.242 0.026
6041.75668 18.275 0.034
6045.89749 18.237 0.025
6047.72088 18.202 0.025
6047.91442 18.245 0.025
6048.84558 18.246 0.022
6049.76210 18.311 0.021
6050.84718 18.241 0.028
6052.65668 18.341 0.041
6052.83184 18.340 0.029
6053.68839 18.222 0.036
6053.87879 18.285 0.034
6058.71884 18.316 0.037
6058.89053 18.251 0.024
6059.77504 18.240 0.022
6060.78111 18.256 0.024
6061.67445 18.277 0.032
6061.85294 18.268 0.027
6062.72329 18.328 0.033
6062.90110 18.230 0.027
6063.88067 18.336 0.029
6064.81915 18.272 0.024
6065.64945 18.281 0.030
6065.82842 18.258 0.025
6066.75257 18.279 0.023
6066.92606 18.235 0.021
6067.72789 18.301 0.023
6067.90545 18.258 0.022
6068.74423 18.235 0.022
6069.70637 18.261 0.022
6069.89528 18.266 0.022
6070.69354 18.184 0.023
6070.87050 18.326 0.029
6071.66936 18.252 0.025
6071.84901 18.258 0.023
6075.64932 18.316 0.028
6075.83273 18.276 0.022
6076.69075 18.299 0.025
6076.87504 18.244 0.029
6077.82097 18.337 0.028
6078.62385 18.268 0.030
6078.80445 18.283 0.021
6079.60167 18.253 0.028
6079.79164 18.312 0.027
6080.57189 18.265 0.037
6080.73655 18.225 0.024
6080.91798 18.288 0.022
6081.68431 18.292 0.028
6081.86742 18.230 0.029
6082.67591 18.330 0.056
6082.87845 18.269 0.062
6085.68544 18.300 0.037
6086.62462 18.252 0.028
6086.80992 18.316 0.029
6087.60359 18.367 0.034
6088.57581 18.205 0.025
6089.65629 18.229 0.025
6089.87255 18.205 0.026
6092.76984 18.247 0.024
6093.60644 18.326 0.030
6093.80489 18.401 0.041
6094.65570 18.265 0.027
6094.83029 18.352 0.030
6096.64997 18.215 0.025
6096.84416 18.234 0.030
6097.77839 18.243 0.031
6098.56782 18.276 0.041
6098.75075 18.217 0.025
6099.62971 18.262 0.031
6100.60052 18.388 0.037
6101.55207 18.307 0.031
6101.72970 18.223 0.023
6102.51498 18.205 0.041
6102.69024 18.292 0.024
6102.84795 18.192 0.027
6103.59894 18.254 0.027
6103.80367 18.341 0.027
6104.59533 18.260 0.024
6104.76166 18.221 0.022
6105.51904 18.365 0.041
6105.70908 18.257 0.028
6108.51901 18.175 0.038
6108.70409 18.277 0.024
6108.86338 18.353 0.029
6109.69436 18.282 0.047
6109.85170 18.251 0.037
6113.65805 18.202 0.032
6113.81336 18.281 0.034
6114.67298 18.274 0.034
6114.83954 18.220 0.035
6115.61150 18.247 0.025
6116.48291 18.239 0.027
6116.66131 18.247 0.022
6116.82733 18.231 0.025
6117.63154 18.263 0.024
6117.79781 18.308 0.026
6118.57340 18.279 0.023
6118.76011 18.253 0.026
6119.53710 18.247 0.031
6119.71325 18.264 0.025
6120.55075 18.185 0.031
6120.74742 18.208 0.023
6121.54081 18.263 0.024
6121.70990 18.256 0.020
6123.57904 18.278 0.028
6123.75523 18.193 0.031
6124.56063 18.284 0.026
6124.76672 18.339 0.030
6125.57371 18.215 0.024
6125.77476 18.277 0.028
6126.60631 18.271 0.030
6127.50729 18.300 0.033
6128.53090 18.241 0.022
6128.76640 18.222 0.028
6131.58843 18.249 0.023
6132.62537 18.243 0.031
6133.56777 18.233 0.027
6133.77411 18.243 0.034
6134.69015 18.290 0.032
6135.67579 18.334 0.032
6136.47954 18.239 0.041
6136.49520 18.277 0.043
6136.56164 18.143 0.041
6136.59221 18.222 0.038
6136.60347 18.266 0.043
6136.61838 18.249 0.042
6136.62290 18.306 0.044
6136.63013 18.273 0.042
6136.65337 18.224 0.034
6136.66252 18.311 0.031
6136.67752 18.226 0.029
6136.69772 18.217 0.024
6136.71429 18.310 0.035
6136.72403 18.239 0.043
6136.75073 18.296 0.040
6136.76375 18.359 0.047
6136.76604 18.434 0.048
6136.76995 18.418 0.048
6136.78207 18.191 0.043
6140.49993 18.267 0.043
6140.64831 18.216 0.038
6140.69238 18.249 0.038
6141.49672 18.238 0.031
6141.66989 18.193 0.028
6142.53635 18.346 0.038
6147.54219 18.264 0.029
6148.48391 18.232 0.021
6148.66657 18.235 0.022
6150.52477 18.184 0.030
6151.52860 18.333 0.039
6151.69102 18.274 0.032
6152.56637 18.260 0.030
6154.51449 18.253 0.029
6157.66353 18.317 0.029
6158.60540 18.276 0.027
6159.50991 18.239 0.037
6160.49150 18.257 0.029
6160.68692 18.225 0.024
6160.69966 18.285 0.026
6161.59581 18.306 0.036
6164.58329 18.240 0.032
6166.64233 18.131 0.031
6167.57681 18.234 0.042
6168.57996 18.261 0.023
6169.58285 18.196 0.025
6171.53664 18.288 0.026
6172.49561 18.242 0.019
6172.67788 18.256 0.033
6174.63549 18.232 0.041
6175.62371 18.316 0.031
6179.61641 18.240 0.040
6180.60372 18.375 0.044
6181.56160 18.268 0.028
6182.56959 18.297 0.026
6183.62055 18.369 0.028
6185.56875 18.260 0.021
6186.57836 18.267 0.030
6190.61584 18.313 0.031
6195.48074 18.333 0.042
6195.57299 18.206 0.027
6196.48345 18.266 0.034
6196.57049 18.218 0.030
6197.48389 18.270 0.044
6197.57188 18.267 0.030
6198.59143 18.222 0.046
6200.61158 18.260 0.046
6202.55201 18.309 0.045
6203.54621 18.273 0.036
6204.49311 18.283 0.033
6204.57642 18.275 0.029
6205.51935 18.221 0.026
6205.59962 18.272 0.027
6208.54027 18.285 0.040
6210.49377 18.302 0.034
6210.57080 18.255 0.027
6211.52075 18.267 0.027
6212.52011 18.252 0.026
6212.58964 18.245 0.028
6213.54926 18.287 0.032
6214.52964 18.312 0.032
6216.52929 18.259 0.030
6217.56195 18.296 0.026
6218.53736 18.331 0.038
6223.51368 18.272 0.043
6224.50069 18.349 0.055
6226.53466 18.136 0.048
6231.53586 18.209 0.053
6234.50992 18.289 0.037
6238.53860 18.265 0.036
6334.89040 18.265 0.038
6335.86782 18.268 0.027
6337.88015 18.204 0.031
6338.85772 18.242 0.036
6339.86418 18.253 0.023
6345.83399 18.254 0.024
6347.84275 18.325 0.032
6348.83672 18.252 0.029
6349.84889 18.280 0.033
6350.84921 18.273 0.032
6351.85244 17.786 0.020
6352.85214 17.810 0.019
6353.82719 17.860 0.019
6354.84306 17.931 0.019
6358.84554 18.002 0.020
6360.83570 18.067 0.018
6361.82132 18.197 0.022
6361.90174 18.170 0.025
6362.84413 18.042 0.021
6363.81306 18.115 0.024
6367.82345 18.110 0.018
6367.91028 18.141 0.025
6368.86161 18.069 0.018
6369.80081 18.107 0.021
6369.89862 18.220 0.021
6370.84385 18.084 0.023
6371.76877 18.108 0.024
6371.85693 18.144 0.018
6372.76166 18.067 0.023
6372.85025 18.126 0.020
6373.77846 18.166 0.027
6373.86717 18.168 0.028
6374.78231 18.137 0.026
6374.87352 18.140 0.022
6375.78141 18.187 0.022
6375.88877 18.165 0.021
6376.79552 18.135 0.022
6376.88688 18.145 0.018
6377.81691 18.186 0.020
6377.89729 18.188 0.017
6378.81249 18.165 0.020
6378.89298 18.186 0.019
6379.78914 18.191 0.030
6379.88019 18.196 0.025
6380.78987 18.134 0.021
6380.89421 18.178 0.022
6381.82102 18.166 0.021
6381.90007 18.203 0.022
6382.80475 18.239 0.027
6382.88462 18.200 0.029
6386.79639 18.264 0.026
6386.80485 18.239 0.024
6386.81044 18.188 0.026
6386.81924 18.243 0.028
6386.82585 18.249 0.026
6386.84329 18.249 0.025
6386.85694 18.319 0.028
6386.86687 18.241 0.028
6386.87511 18.240 0.027
6386.88359 18.286 0.028
6386.89188 18.203 0.026
6386.90127 18.247 0.027
6386.90794 18.302 0.035
6386.91318 18.269 0.037
6386.92167 18.286 0.035
6386.92875 18.342 0.077
6387.70548 18.230 0.035
6387.70856 18.217 0.032
6387.72367 18.311 0.035
6387.74043 18.317 0.027
6387.78103 18.247 0.022
6387.80505 18.240 0.024
6387.88895 18.204 0.026
6387.92378 18.271 0.047
6388.71427 18.321 0.032
6388.77639 18.240 0.022
6388.80471 18.275 0.023
6388.86626 18.213 0.022
6388.91364 18.216 0.024
6389.72438 18.310 0.036
6389.78349 18.221 0.024
6389.88592 18.260 0.024
6390.74583 18.224 0.025
6390.77985 18.187 0.021
6390.87966 18.147 0.021
6391.70425 18.171 0.038
6391.77323 18.219 0.031
6393.74662 18.325 0.029
6393.88635 18.283 0.033
6394.76520 18.247 0.025
6394.84819 18.281 0.029
6395.81135 18.252 0.023
6395.89738 18.246 0.021
6396.75831 18.145 0.018
6396.79829 18.213 0.018
6397.69931 18.269 0.025
6397.74381 18.229 0.020
6397.87459 18.198 0.020
6398.77488 18.267 0.023
6398.80622 18.228 0.023
6399.71253 18.244 0.026
6399.89455 18.276 0.027
6400.68488 18.295 0.033
6400.73674 18.256 0.024
6400.76687 18.233 0.025
6400.88628 18.223 0.024
6401.82138 18.206 0.021
6402.73278 18.209 0.029
6402.90822 18.181 0.034
6403.82211 18.233 0.020
6404.75737 18.229 0.027
6405.82766 18.296 0.032
6406.76180 18.203 0.029
6407.88005 18.149 0.026
6408.82488 18.271 0.034
6415.71263 18.282 0.042
6415.90556 18.264 0.025
6416.79206 18.218 0.021
6417.71629 18.232 0.029
6417.89017 18.240 0.025
6418.73866 18.208 0.023
6418.91267 18.212 0.022
6419.78939 18.296 0.029
6420.65468 18.252 0.023
6420.82572 18.240 0.019
6421.83459 18.222 0.024
6422.77608 18.270 0.023
6423.75315 18.250 0.033
6423.93250 18.277 0.028
6424.80747 18.237 0.020
6426.65593 18.226 0.025
6426.89643 18.334 0.025
6427.90021 18.221 0.028
6428.69593 18.236 0.032
6428.88451 18.334 0.031
6431.68499 18.206 0.036
6431.86963 18.260 0.028
6432.70968 18.294 0.028
6432.89164 18.319 0.033
6432.93769 18.284 0.031
6433.69621 18.326 0.030
6434.61700 18.275 0.044
6434.80065 18.279 0.028
6435.64766 18.281 0.029
6435.83326 18.244 0.028
6436.63366 18.238 0.031
6436.82287 18.221 0.027
6437.76669 18.238 0.034
6441.70392 18.235 0.035
6441.86087 18.249 0.039
6442.63923 18.274 0.026
6442.82366 18.258 0.022
6443.63469 18.191 0.033
6443.73554 18.363 0.048
6444.71119 18.257 0.031
6444.84325 18.299 0.027
6445.64530 18.239 0.025
6445.85167 18.342 0.033
6446.63340 18.222 0.021
6446.82397 18.225 0.019
6447.60992 18.280 0.026
6447.79388 18.231 0.022
6448.56095 18.342 0.039
6448.73976 18.275 0.026
6448.90547 18.274 0.035
6449.68171 18.204 0.028
6449.86547 18.231 0.025
6450.63392 18.256 0.024
6450.81617 18.273 0.023
6451.58161 18.312 0.037
6451.76848 18.273 0.027
6452.54650 18.240 0.024
6452.76013 18.240 0.021
6454.55438 18.270 0.036
6454.74026 18.304 0.024
6454.90430 18.252 0.026
6455.80612 18.211 0.028
6456.69683 18.260 0.019
6456.90685 18.280 0.023
6457.84621 18.272 0.024
6458.62988 18.246 0.029
6458.81424 18.268 0.022
6459.58315 18.364 0.029
6459.77326 18.247 0.022
6460.59423 18.273 0.029
6460.89131 18.193 0.027
6461.70248 18.245 0.029
6462.59025 18.220 0.041
6462.86033 18.261 0.030
6463.63428 18.237 0.030
6463.82590 18.257 0.026
6464.64257 18.230 0.032
6464.83470 18.261 0.031
6468.62932 18.273 0.036
6469.53016 18.202 0.033
6469.71753 18.227 0.030
6471.63706 18.260 0.033
6472.69811 18.226 0.028
6473.64858 18.290 0.021
6473.83300 18.299 0.027
6474.60030 18.294 0.035
6474.78598 18.266 0.029
6475.56028 18.305 0.040
6475.76195 18.281 0.028
6476.52880 18.300 0.039
6476.71749 18.206 0.025
6477.52221 18.334 0.029
6477.71058 18.227 0.026
6478.56011 18.283 0.035
6479.62228 18.221 0.033
6480.53359 18.244 0.035
6480.72028 18.290 0.030
6481.52852 18.330 0.034
6481.77273 18.345 0.031
6485.50028 18.280 0.029
6485.73217 18.269 0.023
6486.47389 18.254 0.032
6486.67385 18.287 0.026
6487.47209 18.294 0.031
6487.67631 18.204 0.021
6489.51071 18.181 0.028
6489.70698 18.308 0.033
6490.53825 18.382 0.032
6490.72520 18.235 0.023
6491.59004 18.242 0.031
6491.78942 18.273 0.031
6492.61393 18.221 0.025
6492.79471 18.234 0.045
6496.78105 18.186 0.048
6497.72971 18.323 0.037
6498.56015 18.227 0.022
6498.73771 18.259 0.026
6499.57216 18.282 0.026
6500.73421 18.251 0.032
6501.70984 18.322 0.026
6504.72565 18.268 0.027
6505.65288 18.270 0.027
6506.48872 18.316 0.045
6508.54278 18.265 0.029
6508.73605 18.244 0.025
6509.64138 18.224 0.020
6510.51692 18.230 0.022
6510.72757 18.269 0.026
6511.67246 18.327 0.030
6514.54145 18.248 0.028
6515.49462 18.319 0.027
6516.48219 18.266 0.039
6518.51750 18.281 0.026
6518.72599 18.268 0.025
6519.68585 18.221 0.024
6523.59366 18.248 0.025
6524.52255 18.254 0.026
6525.52532 18.306 0.036
6526.66702 18.250 0.032
6529.59890 18.291 0.032
6531.58439 18.275 0.026
6533.59604 18.313 0.028
6534.64026 18.227 0.028
6536.53382 18.210 0.022
6536.62169 18.199 0.024
6539.51977 18.354 0.028
6541.51560 18.230 0.027
6543.58645 18.288 0.024
6545.48484 18.231 0.026
6546.49481 18.228 0.039
6551.48807 18.243 0.046
6555.60103 18.326 0.037
6558.56843 18.246 0.024
6559.62060 18.297 0.034
6561.53221 18.253 0.032
6562.62164 18.303 0.026
6563.61832 18.332 0.034
6564.55338 18.268 0.026
6565.52484 18.332 0.036
6565.61512 18.305 0.029
6568.50214 18.396 0.056
6568.59243 18.218 0.032
6569.55027 18.226 0.026
6570.52778 18.260 0.031
6571.53464 18.372 0.037
6572.48620 18.379 0.049
6573.54563 18.265 0.029
6577.52719 18.270 0.049
6578.50973 18.307 0.036
6579.57955 18.240 0.040
6581.52096 18.265 0.035
6582.54190 18.296 0.032
6583.52911 18.277 0.042
6584.52549 18.427 0.048
6585.52871 18.419 0.049
6590.52399 18.373 0.038
6590.55612 18.220 0.035
6593.49977 18.380 0.046
6595.52179 18.192 0.042
6599.50923 18.290 0.045
