2125.59624 18.384 0.085
2129.67387 18.459 0.050
2132.61532 18.474 0.053
2136.51950 18.982 0.132
2141.52976 18.502 0.051
2144.62219 18.534 0.056
2160.58889 18.658 0.077
2175.62608 18.368 0.108
2187.58568 18.840 0.117
2206.55545 18.559 0.109
2332.85028 18.975 0.216
2347.81508 18.541 0.050
2357.84205 18.479 0.047
2372.82988 18.495 0.048
2383.78219 18.552 0.049
2386.87368 18.497 0.057
2391.83993 18.505 0.069
2397.73054 18.479 0.052
2401.81041 18.481 0.051
2403.88803 18.476 0.054
2405.87060 18.480 0.058
2415.86852 18.540 0.075
2424.79979 18.478 0.054
2428.82848 18.373 0.048
2432.84263 18.548 0.073
2434.71371 18.564 0.059
2436.77423 18.434 0.047
2438.73695 18.539 0.052
2441.71373 18.556 0.045
2445.61660 18.484 0.048
2448.62056 18.572 0.084
2455.66761 18.380 0.047
2459.57731 18.400 0.049
2463.52981 18.406 0.051
2466.67514 18.575 0.068
2468.61742 18.440 0.044
2470.62030 18.515 0.055
2472.65734 18.403 0.057
2481.54338 18.796 0.117
2484.60899 18.537 0.082
2486.70106 18.566 0.081
2488.56461 18.604 0.077
2489.58989 18.491 0.051
2489.77980 19.091 0.106
2490.66759 18.530 0.072
2493.63083 18.614 0.063
2495.70103 18.573 0.060
2498.49555 18.533 0.047
2500.52979 18.524 0.061
2502.55223 18.422 0.047
2508.65259 18.478 0.061
2512.59868 18.541 0.068
2517.59484 18.542 0.058
2520.56773 18.487 0.055
2526.65649 18.513 0.065
2538.47969 18.576 0.084
2542.51315 18.475 0.074
2547.57419 18.498 0.068
2552.48014 18.413 0.118
2556.56158 18.628 0.099
2563.56804 18.471 0.068
2574.54667 18.538 0.081
2707.84756 18.529 0.060
2714.88817 18.470 0.048
2721.91445 18.514 0.109
2729.81722 18.457 0.052
2733.90043 18.533 0.062
2744.89536 18.490 0.043
2744.90104 18.476 0.041
2753.87628 18.482 0.051
2757.77260 18.439 0.052
2760.88673 18.455 0.057
2767.77723 18.582 0.071
2770.81491 18.555 0.068
2783.70930 18.460 0.040
2785.80354 18.483 0.063
2786.80621 18.481 0.062
2786.83060 18.562 0.061
2787.62797 18.463 0.049
2787.73901 18.500 0.051
2787.83490 18.534 0.062
2788.60811 18.446 0.057
2788.93944 18.203 0.058
2789.57683 18.479 0.068
2789.74277 18.482 0.046
2790.66791 18.512 0.049
2790.91332 18.511 0.063
2791.74443 18.482 0.055
2792.65489 18.574 0.062
2793.62519 18.901 0.111
2796.81028 18.514 0.050
2797.91515 18.503 0.055
2809.70341 18.500 0.049
2810.87355 18.497 0.057
2812.70108 18.486 0.053
2813.79238 18.551 0.063
2814.73013 18.572 0.057
2816.58498 18.548 0.051
2818.57164 18.503 0.054
2820.74018 18.525 0.059
2826.74147 18.489 0.051
2835.62469 18.610 0.100
2837.62196 18.451 0.081
2839.66724 18.527 0.066
2841.70070 18.548 0.059
2843.61509 18.457 0.055
2845.64146 18.521 0.055
2850.50643 18.458 0.054
2852.52170 18.452 0.066
2854.52231 18.528 0.068
2856.71118 18.485 0.087
2858.66854 18.579 0.068
2859.58910 18.550 0.088
2863.55568 18.505 0.065
2863.59827 18.431 0.069
2865.65781 18.448 0.049
2866.65117 18.562 0.065
2867.64963 18.442 0.051
2867.70159 18.503 0.053
2871.64318 18.412 0.044
2875.52035 18.572 0.062
2876.49861 18.670 0.072
2876.60620 18.549 0.062
2876.65795 18.547 0.053
2876.68816 18.662 0.070
2878.65641 18.444 0.050
2880.69372 18.495 0.058
2884.63962 18.540 0.062
2884.66193 18.494 0.067
2892.67543 18.569 0.109
2895.64955 18.523 0.052
2898.65624 18.620 0.088
2904.58233 18.556 0.076
2909.58334 18.453 0.075
2918.52924 18.552 0.074
2930.55768 18.476 0.063
3051.87969 18.487 0.128
3058.87650 18.475 0.054
3063.90010 18.373 0.066
3067.87506 18.485 0.047
3070.83494 18.456 0.065
3073.79024 18.407 0.056
3075.82196 18.458 0.065
3079.86708 18.465 0.055
3082.82996 18.483 0.048
3084.88555 18.457 0.039
3086.81956 18.482 0.044
3088.77725 18.473 0.043
3089.88653 18.478 0.041
3091.80373 18.429 0.040
3096.84123 18.567 0.067
3098.89697 18.474 0.038
3100.84296 18.510 0.050
3102.80272 18.469 0.052
3103.87316 18.424 0.050
3106.81009 18.530 0.065
3108.74876 18.562 0.064
3109.78171 18.455 0.042
3111.84771 18.459 0.052
3112.82100 18.491 0.047
3113.85491 18.460 0.043
3114.76501 18.451 0.044
3115.84758 18.459 0.040
3118.90904 18.519 0.059
3122.89253 18.435 0.062
3125.84963 18.551 0.082
3126.87842 18.539 0.061
3127.78402 18.499 0.057
3128.80235 18.475 0.048
3129.77702 18.324 0.086
3131.66464 18.522 0.084
3135.84525 18.473 0.052
3137.92079 18.506 0.057
3138.80507 18.448 0.043
3139.84926 18.485 0.045
3140.85664 18.533 0.060
3142.74882 18.510 0.046
3144.76946 18.496 0.050
3146.76196 18.586 0.064
3151.73170 18.530 0.064
3152.73550 18.458 0.051
3153.90429 18.487 0.063
3154.80041 18.616 0.086
3156.79940 18.638 0.081
3158.85803 18.489 0.067
3162.79449 18.500 0.057
3163.75571 18.512 0.053
3164.71412 18.474 0.049
3165.78533 18.504 0.041
3166.87692 18.651 0.093
3168.57295 18.515 0.052
3168.91126 18.449 0.062
3169.70789 18.654 0.065
3170.78553 18.495 0.046
3171.88070 18.485 0.051
3172.72866 18.531 0.042
3174.69162 18.470 0.039
3175.70094 18.455 0.038
3177.70332 18.566 0.077
3177.76793 18.623 0.077
3178.76206 18.550 0.059
3179.77507 18.488 0.050
3180.68778 18.510 0.040
3182.75497 18.539 0.053
3183.71348 18.578 0.068
3184.68096 18.481 0.044
3185.84559 18.414 0.057
3193.51524 18.472 0.073
3194.62419 18.503 0.060
3195.68065 18.483 0.047
3196.72438 18.394 0.049
3197.62433 18.488 0.050
3199.76909 18.689 0.084
3202.51990 18.499 0.045
3203.64147 18.516 0.042
3204.60181 18.470 0.041
3205.74355 18.505 0.043
3206.65117 18.557 0.055
3209.69420 18.452 0.065
3210.64025 18.440 0.054
3211.71380 18.639 0.084
3217.63360 18.483 0.050
3218.63311 18.537 0.077
3223.63158 18.696 0.088
3224.68015 18.493 0.048
3226.59392 18.739 0.082
3228.58641 18.516 0.054
3229.60960 18.472 0.050
3230.64825 18.613 0.053
3231.55275 18.568 0.066
3232.58026 18.565 0.066
3238.59879 18.560 0.069
3239.55859 18.469 0.052
3240.63531 18.398 0.056
3245.52867 18.497 0.063
3246.64076 18.769 0.104
3247.65626 18.529 0.066
3249.50844 18.663 0.064
3250.63540 18.589 0.072
3253.62869 18.501 0.060
3256.61161 18.644 0.078
3259.60382 18.586 0.072
3267.51086 18.564 0.073
3272.56975 18.748 0.084
3274.61022 18.613 0.082
3278.58198 18.511 0.066
3281.56271 18.630 0.063
3288.52425 18.598 0.063
3293.49910 18.651 0.068
3295.50358 18.669 0.054
3299.51081 18.560 0.047
3312.52203 18.555 0.088
3416.88313 18.506 0.057
3421.87985 18.490 0.044
3425.90288 18.873 0.125
3428.89536 18.483 0.059
3432.86898 18.468 0.063
3442.86973 18.420 0.046
3445.78588 18.552 0.049
3447.83574 18.627 0.067
3449.84851 18.456 0.050
3452.86917 18.574 0.052
3455.80245 18.496 0.072
3458.78177 18.420 0.050
3468.85817 18.485 0.042
3469.86513 18.524 0.039
3471.89913 18.561 0.060
3473.86185 18.612 0.068
3474.89072 18.443 0.049
3476.75674 18.350 0.040
3478.77243 18.530 0.051
3479.90982 18.444 0.039
3481.80503 18.467 0.039
3484.75623 18.465 0.055
3496.70362 18.434 0.050
3497.77206 18.577 0.065
3499.73086 18.531 0.050
3500.71333 18.525 0.052
3501.75046 18.418 0.052
3502.74892 18.509 0.043
3503.67569 18.504 0.048
3506.86640 18.555 0.052
3508.73275 18.459 0.057
3509.76330 18.464 0.042
3510.90994 18.495 0.044
3511.81623 18.490 0.045
3512.84973 18.447 0.063
3517.83861 18.641 0.089
3520.79580 18.700 0.064
3522.72519 18.529 0.037
3523.78287 18.456 0.041
3524.68503 18.506 0.054
3525.67910 18.483 0.046
3526.73181 18.454 0.047
3527.76570 18.456 0.044
3528.70662 18.440 0.037
3529.66454 18.322 0.027
3530.67261 18.501 0.038
3538.65083 18.509 0.043
3540.63806 18.419 0.048
3544.83875 18.426 0.071
3547.76933 18.477 0.053
3550.61618 18.654 0.065
3551.61851 18.531 0.037
3552.65138 18.567 0.057
3553.77491 18.559 0.079
3554.73167 18.541 0.061
3555.79250 18.675 0.100
3556.70468 18.536 0.055
3558.51542 18.489 0.064
3558.81407 18.540 0.057
3559.59698 18.508 0.051
3560.58541 18.483 0.047
3561.52946 18.560 0.060
3562.57013 18.541 0.047
3562.82146 18.667 0.064
3563.62437 18.418 0.038
3564.60603 18.499 0.046
3569.54287 18.569 0.079
3573.63353 18.558 0.065
3574.67425 18.488 0.069
3575.52181 18.439 0.045
3576.67575 18.502 0.053
3577.74345 18.555 0.054
3578.64868 18.584 0.051
3579.60593 18.543 0.051
3579.77361 18.722 0.076
3580.63576 18.474 0.046
3581.65917 18.541 0.047
3582.60730 18.304 0.034
3583.62125 18.632 0.054
3584.63001 18.491 0.042
3585.62031 18.492 0.041
3586.66603 18.535 0.041
3589.65870 18.438 0.033
3590.62759 18.462 0.046
3592.64411 18.494 0.034
3594.69249 18.490 0.046
3601.63468 18.488 0.046
3602.65075 18.436 0.064
3603.62474 18.559 0.051
3607.62313 18.597 0.053
3608.63799 18.479 0.052
3615.56571 18.465 0.049
3618.54993 18.472 0.050
3619.57447 18.601 0.072
3621.57412 18.572 0.064
3628.54798 18.458 0.067
3629.63266 18.756 0.097
3631.51757 18.631 0.075
3633.53064 18.580 0.076
3637.62686 18.598 0.080
3639.58205 18.520 0.044
3641.53249 18.628 0.080
3644.49287 18.424 0.054
3648.52471 18.501 0.059
3650.56218 18.637 0.069
3655.51262 18.454 0.055
3657.52013 18.439 0.062
3660.51429 18.523 0.070
3662.51956 18.559 0.076
3666.54702 18.521 0.057
3776.85495 18.516 0.077
3781.88111 18.544 0.082
3784.86500 18.443 0.049
3787.89876 18.489 0.066
3791.88182 18.402 0.050
3794.85927 18.498 0.050
3796.84804 18.517 0.054
3797.85091 18.409 0.044
3798.89888 18.424 0.045
3801.82249 18.554 0.069
3803.81148 18.400 0.048
3804.85876 18.346 0.048
3805.89929 18.533 0.047
3807.88760 18.461 0.044
3809.80198 18.449 0.049
3811.88054 18.475 0.048
3813.76085 18.574 0.067
3817.89998 18.446 0.053
3819.76145 18.523 0.044
3820.86565 18.556 0.046
3821.87565 18.583 0.047
3822.77465 18.469 0.053
3823.88394 18.468 0.042
3824.88050 18.580 0.062
3826.88496 18.444 0.050
3828.88734 18.566 0.054
3829.87407 18.481 0.048
3832.87721 18.383 0.045
3833.85185 18.420 0.039
3834.89311 18.477 0.045
3835.83651 18.512 0.044
3836.84901 18.438 0.039
3837.83154 18.680 0.075
3838.83550 18.553 0.061
3839.84758 18.459 0.061
3840.83877 18.526 0.050
3841.81751 18.517 0.054
3845.82203 18.517 0.061
3846.83053 18.348 0.041
3848.84603 18.407 0.042
3849.85935 18.493 0.039
3850.79536 18.452 0.046
3851.80173 18.370 0.055
3852.79017 18.230 0.041
3853.78291 18.152 0.029
3856.77175 17.712 0.027
3858.83559 17.870 0.030
3860.82636 18.209 0.054
3861.84071 18.106 0.032
3862.78466 18.233 0.035
3863.72499 18.270 0.039
3864.78555 18.400 0.037
3865.74989 18.410 0.054
3866.77834 18.486 0.043
3867.71522 18.497 0.051
3868.78188 18.567 0.063
3869.76764 18.412 0.057
3873.76911 18.463 0.046
3874.81331 18.673 0.065
3875.72820 18.516 0.040
3877.75776 18.421 0.037
3880.75496 18.488 0.049
3881.76321 18.474 0.038
3882.70124 18.474 0.045
3883.74264 18.466 0.042
3886.71355 18.425 0.039
3887.69655 18.467 0.040
3889.85808 18.441 0.042
3891.58380 18.473 0.060
3893.74051 18.516 0.064
3894.78312 18.562 0.058
3896.73452 18.470 0.052
3900.63425 18.488 0.050
3901.64612 18.603 0.060
3902.66399 18.531 0.058
3903.79263 18.538 0.060
3904.64369 18.470 0.042
3905.65068 18.427 0.038
3906.63225 18.473 0.048
3907.69331 18.557 0.080
3908.63186 18.487 0.041
3909.63626 18.531 0.044
3912.63661 18.481 0.035
3913.63417 18.426 0.035
3914.66733 18.586 0.050
3915.63108 18.409 0.046
3916.71275 18.437 0.047
3917.72552 18.503 0.051
3918.72995 18.546 0.056
3919.65977 18.658 0.082
3920.61187 18.528 0.052
3921.62534 18.651 0.083
3930.68757 18.547 0.058
3931.60675 18.547 0.052
3931.78983 18.601 0.082
3932.63418 18.454 0.036
3933.61391 18.492 0.039
3934.58450 18.527 0.048
3935.66173 18.628 0.070
3936.61334 18.571 0.056
3936.80161 18.546 0.065
3937.73006 18.555 0.066
3938.59097 18.445 0.049
3940.73559 18.478 0.040
3944.67599 18.516 0.047
3945.62445 18.523 0.049
3946.61805 18.508 0.048
3950.63464 18.481 0.045
3951.47833 18.542 0.057
3951.65098 18.527 0.056
3951.70959 18.655 0.074
3954.73747 18.541 0.115
3955.48219 18.848 0.133
3955.66741 18.729 0.108
3956.50812 18.642 0.099
3956.65784 18.602 0.095
3957.61316 18.277 0.099
3958.67782 18.503 0.060
3959.60809 18.421 0.051
3960.60124 18.542 0.039
3963.56571 18.644 0.063
3964.63256 18.512 0.046
3965.61442 18.515 0.042
3966.60925 18.509 0.043
3967.63564 18.549 0.048
3968.59186 18.554 0.053
3969.59947 18.513 0.046
3970.61236 18.542 0.053
3971.64237 18.453 0.053
3973.67192 18.534 0.059
3974.60659 18.498 0.051
3975.60199 18.428 0.044
3976.59599 18.525 0.048
3979.62241 18.639 0.072
3982.65325 18.443 0.059
3987.59221 18.471 0.049
3988.60942 18.517 0.044
3990.59340 18.618 0.066
3994.54330 18.674 0.073
3996.51906 18.561 0.061
4000.60469 18.676 0.089
4002.59861 18.467 0.047
4003.55307 18.490 0.043
4005.64890 18.656 0.073
4011.53187 18.626 0.070
4015.56123 18.385 0.066
4017.53895 18.597 0.062
4019.54063 18.460 0.056
4021.54335 18.680 0.087
4024.57288 18.410 0.057
4027.48913 18.698 0.110
4029.52711 18.543 0.071
4149.89237 18.505 0.084
4155.83076 18.494 0.056
4157.88314 18.567 0.048
4159.89605 18.615 0.070
4162.84332 18.532 0.072
4164.88319 18.494 0.051
4166.89916 18.554 0.079
4167.81074 18.533 0.075
4169.81786 18.514 0.056
4174.83243 18.450 0.055
4176.81414 18.531 0.058
4177.86779 18.502 0.055
4178.91048 18.578 0.070
4180.80796 18.539 0.068
4181.89751 18.488 0.046
4183.77943 18.430 0.046
4184.84748 18.441 0.043
4185.82684 18.486 0.049
4190.84526 18.498 0.050
4192.85754 18.471 0.053
4193.86852 18.558 0.061
4194.89009 18.434 0.050
4196.91007 18.488 0.050
4202.85985 18.530 0.043
4203.84798 18.508 0.041
4204.84715 18.468 0.047
4205.84367 18.460 0.043
4207.84731 18.522 0.047
4208.87634 18.488 0.050
4212.92505 18.657 0.075
4213.84505 18.516 0.043
4215.88259 18.547 0.052
4216.80345 18.493 0.054
4217.82575 18.464 0.039
4218.86645 18.562 0.057
4219.90469 18.594 0.075
4220.84214 18.457 0.060
4222.81147 18.518 0.056
4228.80225 18.437 0.070
4229.78104 18.483 0.058
4230.76801 18.498 0.043
4231.79009 18.500 0.050
4232.79834 18.578 0.076
4234.74254 18.527 0.058
4235.76739 18.518 0.047
4237.72544 18.471 0.051
4238.79044 18.603 0.066
4239.78679 18.450 0.050
4240.94218 18.607 0.102
4243.68498 18.522 0.060
4244.84680 18.527 0.059
4245.84000 18.543 0.050
4246.89476 18.479 0.058
4250.86061 18.640 0.086
4256.69682 18.738 0.106
4257.77508 18.587 0.078
4258.70360 18.462 0.055
4267.66908 18.468 0.052
4268.60707 18.759 0.083
4269.64724 18.512 0.052
4272.69786 18.546 0.047
4273.65789 18.593 0.062
4274.64162 18.542 0.058
4275.69846 18.610 0.071
4277.59756 18.590 0.067
4278.67180 18.592 0.074
4283.61713 18.493 0.057
4284.60103 18.488 0.061
4285.60778 18.653 0.094
4286.75760 18.334 0.071
4289.64173 18.485 0.060
4290.67130 18.688 0.083
4291.72532 18.658 0.070
4292.58634 18.498 0.046
4293.61385 18.481 0.046
4294.58557 18.493 0.050
4295.61495 18.474 0.045
4296.59443 18.602 0.053
4297.58822 18.532 0.049
4298.69775 18.501 0.053
4299.66469 18.488 0.045
4300.78954 18.560 0.061
4301.46708 18.522 0.075
4302.74617 18.547 0.054
4307.57746 18.519 0.055
4310.73092 18.552 0.085
4312.62698 18.415 0.048
4315.66083 18.525 0.068
4317.61429 18.483 0.054
4319.62206 18.516 0.061
4320.72346 18.606 0.062
4326.63302 18.515 0.058
4327.66025 18.505 0.074
4328.60133 18.565 0.056
4328.73369 18.574 0.082
4329.59317 18.606 0.070
4330.57480 18.522 0.054
4331.60126 18.623 0.064
4332.59865 18.510 0.050
4333.60171 18.466 0.056
4334.59594 18.574 0.121
4338.63587 18.407 0.059
4339.60491 18.511 0.068
4340.51652 18.632 0.096
4341.60332 18.589 0.081
4342.63953 18.524 0.069
4343.61889 18.358 0.048
4344.66834 18.528 0.069
4345.61866 18.528 0.063
4346.62403 18.471 0.061
4347.63806 18.504 0.062
4349.60983 18.561 0.056
4351.60849 18.678 0.090
4353.63166 18.627 0.097
4357.61989 18.641 0.082
4359.59108 18.444 0.060
4362.58442 18.679 0.121
4367.59019 18.520 0.076
4370.58917 18.607 0.069
4372.56117 18.528 0.055
4380.57094 18.509 0.055
4508.88597 18.509 0.056
4515.86646 18.619 0.078
4519.83806 18.514 0.076
4520.82654 18.469 0.085
4522.89378 18.551 0.068
4524.87990 18.497 0.057
4525.89978 18.596 0.091
4530.86943 18.344 0.040
4533.90683 17.555 0.031
4534.81104 17.548 0.032
4536.81574 17.448 0.026
4537.90279 17.599 0.021
4538.83420 17.603 0.031
4540.86403 17.605 0.024
4542.89034 17.762 0.025
4543.85179 17.772 0.025
4544.84860 17.848 0.026
4545.86613 17.811 0.030
4546.89710 17.878 0.027
4550.83992 18.238 0.041
4551.89769 18.372 0.054
4552.89467 18.423 0.086
4556.85897 18.458 0.047
4557.88501 18.523 0.044
4558.82008 18.487 0.049
4558.88787 18.530 0.053
4559.84926 18.478 0.045
4560.84966 18.447 0.040
4561.83860 18.578 0.042
4564.84275 18.419 0.039
4565.83166 18.431 0.036
4566.83372 18.467 0.043
4567.83801 18.508 0.039
4568.85652 18.393 0.046
4569.85391 18.505 0.047
4570.85921 18.537 0.051
4571.82474 18.466 0.046
4572.86247 18.578 0.073
4573.83826 18.445 0.041
4574.84041 18.548 0.060
4575.85207 18.458 0.056
4579.90438 18.514 0.059
4583.81670 18.456 0.057
4586.80471 18.639 0.086
4586.83283 18.423 0.052
4586.88958 18.539 0.073
4587.84206 18.522 0.054
4588.64356 18.614 0.076
4588.73080 18.512 0.049
4588.89316 18.529 0.051
4588.93030 18.487 0.058
4589.64500 18.516 0.059
4589.76458 18.538 0.057
4590.77895 18.508 0.055
4591.75613 18.606 0.055
4592.76828 18.482 0.066
4593.75373 18.477 0.051
4594.78202 18.500 0.046
4595.77259 18.473 0.055
4596.79311 18.541 0.052
4597.79037 18.474 0.045
4598.75964 18.545 0.044
4599.73914 18.466 0.042
4600.74468 18.484 0.039
4601.74929 18.444 0.043
4602.74687 18.504 0.044
4606.76366 18.461 0.049
4610.86054 18.454 0.055
4611.73097 18.523 0.050
4611.91748 18.455 0.064
4615.91072 18.538 0.086
4616.71971 18.496 0.048
4617.88471 18.573 0.084
4622.69953 18.559 0.064
4623.77931 18.558 0.059
4624.71819 18.504 0.053
4625.69947 18.612 0.074
4626.74676 18.638 0.068
4627.67874 18.484 0.041
4628.66900 18.453 0.043
4629.73467 18.502 0.048
4630.67450 18.514 0.045
4631.69283 18.451 0.039
4632.70745 18.474 0.046
4633.85536 18.509 0.070
4639.79588 18.399 0.070
4640.77140 18.462 0.053
4641.85664 18.489 0.083
4642.69431 18.448 0.049
4643.66037 18.495 0.052
4644.74352 18.536 0.053
4645.66222 18.568 0.052
4646.62985 18.439 0.038
4647.64084 18.517 0.046
4648.63648 18.497 0.053
4648.74594 18.593 0.058
4649.63517 18.548 0.051
4650.66659 18.430 0.045
4651.67746 18.475 0.055
4652.60637 18.497 0.051
4653.60022 18.480 0.053
4654.63945 18.488 0.051
4655.60368 18.439 0.049
4656.60684 18.467 0.051
4658.76412 18.530 0.073
4660.71376 18.619 0.073
4661.59627 18.419 0.048
4661.65911 18.585 0.085
4666.52897 18.410 0.056
4670.77640 18.622 0.088
4671.65287 18.466 0.055
4672.61238 18.487 0.047
4674.64046 18.553 0.064
4677.66521 18.626 0.082
4681.66849 18.477 0.060
4682.62427 18.514 0.050
4683.62205 18.540 0.061
4684.64061 18.581 0.062
4685.66671 18.555 0.054
4686.73923 18.596 0.064
4687.65472 18.621 0.076
4688.60088 18.485 0.057
4694.68495 18.646 0.106
4697.60622 18.707 0.099
4698.62786 18.523 0.063
4700.62300 18.521 0.062
4701.60595 18.512 0.066
4702.62076 18.617 0.070
4704.68199 18.536 0.061
4708.64238 18.612 0.077
4710.66032 18.479 0.066
4720.57348 18.600 0.069
4721.60804 18.586 0.087
4724.62579 18.573 0.079
4725.64171 18.540 0.083
4726.60198 18.741 0.096
4733.56610 18.668 0.076
4738.52625 18.536 0.068
4741.60828 18.590 0.064
4755.54744 18.711 0.093
4761.55218 18.519 0.081
4767.52357 18.496 0.081
4768.52793 18.606 0.107
4769.51537 18.720 0.117
4771.50809 18.800 0.140
4772.52319 18.680 0.160
4876.86277 18.443 0.058
4883.84854 18.560 0.066
4885.88877 18.505 0.049
4888.84308 18.589 0.057
4892.83711 18.502 0.064
4898.80738 18.432 0.063
4901.81026 18.616 0.066
4902.89910 18.433 0.045
4903.85760 18.436 0.046
4904.91560 18.656 0.123
4905.85399 18.624 0.060
4910.91361 18.478 0.070
4912.83879 18.466 0.039
4914.88486 18.459 0.043
4924.73532 18.629 0.053
4925.85304 18.591 0.050
4927.90759 18.579 0.068
4930.78735 18.298 0.051
4931.83179 18.414 0.059
4932.84033 18.492 0.045
4933.83525 18.507 0.056
4934.89104 18.458 0.059
4938.81514 18.547 0.079
4940.75661 18.561 0.055
4941.79239 18.534 0.063
4942.73542 18.546 0.051
4943.88022 18.527 0.062
4944.73513 18.532 0.053
4945.79082 18.404 0.039
4950.85062 18.499 0.048
4952.84414 18.548 0.058
4953.82998 18.456 0.054
4954.79964 18.534 0.049
5260.88127 18.600 0.035
5261.81224 18.546 0.034
5262.84981 18.475 0.090
5265.86672 18.538 0.037
5266.81307 18.554 0.037
5267.84030 18.620 0.038
5268.84273 18.620 0.033
5269.80640 18.606 0.031
5270.81208 18.529 0.030
5271.80759 18.509 0.031
5272.81275 18.563 0.040
5273.79776 18.638 0.033
5274.81625 18.627 0.037
5275.80260 18.510 0.037
5276.78076 18.516 0.033
5276.90824 18.724 0.041
5277.81730 18.407 0.046
5278.81287 18.615 0.038
5279.81414 18.567 0.039
5280.82075 18.477 0.029
5281.80067 18.614 0.030
5282.82340 18.626 0.036
5283.78350 18.600 0.044
5283.87482 18.603 0.042
5284.78910 18.640 0.050
5285.77995 18.593 0.048
5285.90993 18.577 0.039
5286.79556 18.512 0.050
5287.84873 18.599 0.035
5288.77411 18.707 0.041
5289.82598 18.722 0.057
5293.85390 18.577 0.034
5294.78803 18.653 0.032
5295.79001 18.665 0.034
5296.83036 18.590 0.026
5297.86502 18.587 0.025
5298.90532 18.565 0.028
5299.88920 18.638 0.028
5301.81634 18.623 0.030
5304.77869 18.561 0.041
5306.77615 18.554 0.034
5307.80148 18.604 0.031
5308.79159 18.673 0.037
5309.83942 18.524 0.032
5311.92358 18.597 0.036
5312.91301 18.611 0.034
5314.67284 18.565 0.064
5314.88746 18.621 0.043
5315.81352 18.570 0.037
5316.77166 18.503 0.058
5319.91314 18.524 0.061
5320.80723 18.619 0.038
5321.75407 18.530 0.039
5322.70949 18.640 0.047
5322.92267 18.596 0.036
5323.86696 18.529 0.034
5324.79712 18.628 0.050
5325.71323 18.550 0.030
5325.91418 18.636 0.039
5326.83916 18.618 0.033
5327.78682 18.578 0.035
5328.68607 18.553 0.033
5328.90956 18.576 0.033
5334.83901 18.615 0.034
5335.80348 18.577 0.031
5336.90010 18.589 0.040
5337.90053 18.760 0.049
5339.65932 18.535 0.043
5339.93469 18.639 0.046
5340.87658 18.606 0.040
5341.80741 18.633 0.037
5342.63533 18.474 0.059
5342.83119 18.515 0.042
5343.65546 18.558 0.049
5343.84862 18.651 0.043
5348.79575 18.555 0.037
5349.67608 18.508 0.039
5350.68449 18.556 0.047
5351.80540 18.555 0.036
5353.77276 18.570 0.031
5354.73979 18.558 0.036
5355.67516 18.590 0.034
5357.67372 18.527 0.035
5358.84213 18.564 0.037
5359.67853 18.564 0.034
5359.90096 18.642 0.055
5362.88340 18.721 0.056
5365.54390 18.598 0.054
5365.87202 18.637 0.051
5369.82904 18.610 0.042
5376.80277 18.527 0.064
5377.73526 18.551 0.034
5378.59709 18.457 0.029
5378.85669 18.620 0.046
5379.77097 18.587 0.034
5380.61601 18.532 0.030
5380.85330 18.628 0.064
5381.72832 18.582 0.053
5382.60364 18.485 0.049
5382.81096 18.447 0.048
5385.81358 17.532 0.013
5386.51649 17.521 0.018
5386.59856 17.514 0.018
5386.68306 17.507 0.016
5386.82788 17.550 0.014
5387.81093 17.543 0.017
5388.76748 17.542 0.015
5389.65513 17.551 0.016
5390.60106 17.624 0.018
5391.50642 17.564 0.019
5391.83592 17.684 0.018
5392.77578 17.685 0.015
5393.75194 17.649 0.025
5396.66572 17.829 0.020
5397.70390 17.981 0.029
5403.48397 18.455 0.033
5403.67656 18.467 0.035
5404.54761 18.485 0.037
5404.74646 18.503 0.041
5405.76020 18.571 0.043
5407.61637 18.542 0.046
5408.53494 18.477 0.047
5408.73698 18.539 0.048
5409.73903 18.643 0.038
5410.74271 18.682 0.042
5411.75620 18.491 0.035
5412.67616 18.560 0.037
5413.74810 18.638 0.037
5414.77115 18.477 0.030
5418.65128 18.545 0.030
5421.67114 18.638 0.036
5423.48781 18.542 0.029
5426.50679 18.563 0.040
5430.57738 18.581 0.045
5431.57262 18.615 0.044
5434.53766 18.549 0.041
5435.50864 18.540 0.043
5436.50720 18.535 0.041
5438.54178 18.518 0.040
5439.60963 18.535 0.043
5443.62393 18.564 0.037
5444.64956 18.599 0.037
5446.53859 18.548 0.033
5447.54877 18.550 0.035
5449.48160 18.519 0.054
5450.55972 18.557 0.044
5453.49822 18.633 0.046
5457.59193 18.556 0.038
5459.48166 18.588 0.042
5460.49822 18.566 0.050
5461.52963 18.506 0.069
5462.56810 18.640 0.043
5465.53924 18.567 0.053
5467.52096 18.525 0.030
5469.51905 18.597 0.031
5470.54327 18.648 0.042
5471.54877 18.598 0.041
5472.49117 18.662 0.050
5472.58583 18.546 0.040
5473.53188 18.551 0.038
5476.53218 18.610 0.056
5478.51108 18.634 0.039
5479.54028 18.426 0.054
5480.53147 18.740 0.051
5481.50042 18.532 0.065
5485.54742 18.644 0.050
5486.53366 18.638 0.055
5487.51679 18.550 0.039
5488.50405 18.533 0.043
5489.49022 18.559 0.072
5490.49031 18.742 0.109
5490.54736 18.580 0.063
5493.51796 18.520 0.068
5495.50727 18.598 0.039
5497.50677 18.589 0.052
5499.50966 18.607 0.058
5504.50220 18.648 0.072
5598.88437 18.487 0.061
5600.88047 18.615 0.041
5616.89910 18.506 0.048
5622.89836 18.572 0.031
5625.83207 18.480 0.030
5627.82540 18.518 0.032
5628.90814 18.405 0.045
5629.83551 18.603 0.038
5631.86418 18.474 0.033
5633.81928 18.598 0.032
5634.81304 18.626 0.038
5637.84932 18.606 0.048
5639.80794 18.635 0.039
5639.88345 18.498 0.035
5640.79040 18.579 0.046
5640.87641 18.537 0.034
5641.78472 18.595 0.037
5641.91002 18.622 0.050
5642.84606 18.475 0.033
5643.77282 18.585 0.039
5643.87086 18.581 0.031
5644.78054 18.633 0.045
5644.89185 18.553 0.035
5648.76242 18.601 0.037
5648.86998 18.576 0.032
5649.76884 18.561 0.035
5649.87523 18.546 0.033
5650.76062 18.543 0.030
5650.86720 18.602 0.032
5651.78124 18.488 0.031
5651.90076 18.531 0.029
5652.82465 18.589 0.030
5653.79144 18.540 0.029
5654.79920 18.637 0.038
5654.88702 18.580 0.032
5655.79523 18.539 0.030
5655.87992 18.498 0.027
5656.83144 18.603 0.027
5657.79187 18.524 0.031
5657.87830 18.535 0.027
5658.78871 18.549 0.040
5658.88431 18.536 0.031
5659.74039 18.431 0.027
5659.81729 18.551 0.036
5659.90801 18.541 0.030
5660.79186 18.561 0.031
5660.90565 18.538 0.037
5662.78285 18.609 0.044
5662.88279 18.542 0.031
5664.74477 18.514 0.052
5664.84944 18.536 0.036
5665.72368 18.568 0.049
5665.83939 18.583 0.030
5665.92641 18.535 0.035
5667.91102 18.519 0.023
5668.91485 18.530 0.039
5669.90465 18.453 0.035
5670.88438 18.546 0.037
5675.76134 18.477 0.033
5676.68761 18.619 0.023
5676.86565 18.484 0.025
5677.80490 18.546 0.035
5679.72677 18.437 0.029
5679.91019 18.554 0.032
5680.80050 18.464 0.034
5681.70194 18.547 0.034
5681.88815 18.500 0.029
5682.78044 18.525 0.028
5683.73541 18.551 0.032
5684.65614 18.531 0.034
5684.87993 18.612 0.033
5685.84708 18.574 0.026
5686.74412 18.483 0.030
5686.93050 18.682 0.043
5687.83459 18.561 0.027
5689.75425 18.609 0.037
5690.75051 18.574 0.049
5691.66341 18.466 0.036
5691.86689 18.542 0.032
5692.76899 18.558 0.032
5692.92370 18.722 0.045
5693.79253 18.576 0.025
5694.61224 18.609 0.042
5694.80122 18.627 0.035
5695.61606 18.602 0.048
5695.84144 18.546 0.030
5696.64695 18.560 0.039
5696.82753 18.552 0.035
5697.66435 18.602 0.035
5697.83184 18.573 0.030
5698.66980 18.610 0.056
5698.83131 18.561 0.041
5703.76477 18.561 0.050
5705.79957 18.584 0.053
5706.74215 18.577 0.049
5707.62985 18.696 0.044
5707.80407 18.539 0.031
5708.61073 18.433 0.046
5708.80654 18.564 0.041
5709.65404 18.574 0.033
5712.71039 18.503 0.031
5712.87939 18.583 0.039
5714.58807 18.623 0.056
5715.65716 18.540 0.031
5715.83598 18.579 0.033
5716.73205 18.611 0.035
5716.89436 18.540 0.049
5721.80674 18.739 0.040
5722.63289 18.527 0.029
5722.83420 18.587 0.034
5723.71152 18.485 0.031
5723.86926 18.579 0.043
5724.75269 18.521 0.037
5725.68640 18.592 0.032
5726.58028 18.642 0.057
5726.75468 18.528 0.036
5734.73954 18.629 0.053
5735.66646 18.544 0.039
5735.86889 18.531 0.040
5736.60753 18.565 0.027
5736.82018 18.657 0.030
5737.61624 18.578 0.031
5737.79293 18.621 0.030
5738.63317 18.624 0.031
5739.53113 18.487 0.036
5739.71660 18.566 0.034
5740.50458 18.517 0.044
5740.71360 18.559 0.036
5740.88445 18.577 0.048
5741.64515 18.534 0.039
5741.82450 18.582 0.034
5742.58042 18.569 0.036
5742.75759 18.534 0.024
5743.63000 18.638 0.046
5743.80701 18.592 0.039
5744.56503 18.447 0.038
5744.78156 18.653 0.038
5745.56158 18.439 0.048
5745.74007 18.516 0.033
5746.58622 18.549 0.032
5746.76813 18.533 0.037
5747.66206 18.565 0.042
5748.63335 18.650 0.032
5749.60590 18.575 0.037
5749.77151 18.636 0.044
5753.55661 18.534 0.088
5759.81033 18.837 0.067
5760.56261 18.582 0.045
5760.75177 18.633 0.035
5761.56587 18.735 0.025
5762.60757 18.571 0.036
5763.47787 18.529 0.037
5763.66440 18.512 0.029
5764.48232 18.529 0.034
5764.65644 18.600 0.027
5765.52777 18.567 0.040
5765.72380 18.563 0.035
5766.60117 18.557 0.025
5767.47449 18.528 0.055
5767.67337 18.566 0.033
5768.51557 18.519 0.033
5768.71552 18.616 0.028
5769.54187 18.482 0.029
5769.75617 18.583 0.034
5775.62272 18.590 0.044
5776.70551 18.559 0.037
5777.63589 18.531 0.030
5778.54549 18.621 0.055
5779.68560 18.524 0.032
5785.49108 18.621 0.060
5785.69992 18.668 0.054
5786.64455 18.671 0.042
5787.47963 18.479 0.033
5787.67725 18.614 0.040
5788.59801 18.605 0.035
5790.47639 18.568 0.045
5790.65830 18.528 0.037
5793.47779 18.605 0.051
5793.66464 18.614 0.037
5794.57681 18.608 0.040
5795.57009 18.618 0.054
5796.53100 18.536 0.032
5798.67709 18.434 0.046
5801.63759 18.508 0.047
5803.52601 18.591 0.041
5804.62304 18.530 0.034
5805.58497 18.523 0.029
5806.62724 18.436 0.043
5812.52607 18.565 0.065
5813.50638 18.567 0.036
5813.66387 18.598 0.034
5815.64403 18.628 0.039
5816.61570 18.582 0.047
5817.61745 18.548 0.045
5818.59837 18.595 0.052
5819.60605 18.545 0.033
5820.58399 18.574 0.039
5822.54283 18.530 0.046
5822.63149 18.701 0.047
5823.56291 18.603 0.046
5824.48703 18.612 0.051
5824.58403 18.637 0.037
5825.50351 18.564 0.045
5825.59999 18.507 0.037
5826.52425 18.567 0.042
5826.61086 18.514 0.051
5827.54870 18.598 0.051
5827.62875 18.586 0.058
5828.56193 18.597 0.035
5829.48591 18.447 0.046
5829.57260 18.604 0.034
5830.50983 18.584 0.029
5830.58566 18.645 0.040
5831.55766 18.504 0.032
5832.49034 18.632 0.032
5832.58233 18.707 0.048
5833.53898 18.540 0.032
5834.48785 18.548 0.032
5834.57605 18.700 0.038
5835.56914 18.438 0.052
5836.55372 18.583 0.051
5839.50502 18.545 0.046
5839.58049 18.609 0.064
5840.53601 18.584 0.044
5840.62136 18.480 0.049
5841.55467 18.588 0.047
5842.51708 18.744 0.075
5842.60158 18.525 0.062
5842.61266 18.661 0.074
5843.55946 18.674 0.053
5844.50293 18.614 0.046
5844.58326 18.620 0.069
5845.54312 18.702 0.053
5846.50714 18.665 0.066
5846.58404 18.446 0.072
5847.55987 18.693 0.079
5850.53076 18.546 0.034
5851.49239 18.577 0.041
5851.57031 18.479 0.039
5852.52194 18.538 0.051
5854.51223 18.515 0.048
5855.49632 18.404 0.070
5856.49930 18.439 0.046
5857.51485 18.621 0.071
5859.52198 18.646 0.044
5860.53508 18.769 0.057
5862.50001 18.597 0.045
5866.51536 18.544 0.078
5867.51886 18.552 0.044
5868.51985 18.449 0.074
5869.51078 18.658 0.057
5870.51644 18.726 0.050
5971.86297 18.705 0.041
5976.86995 18.561 0.031
5977.86887 18.553 0.035
5978.87936 18.519 0.030
5979.88385 18.560 0.039
5982.82647 18.644 0.041
5983.83457 18.551 0.036
5984.83115 18.584 0.035
5985.81667 18.557 0.044
5985.89380 18.552 0.035
5986.86978 18.678 0.032
5987.84620 18.528 0.031
5988.83629 18.520 0.040
5989.81713 18.571 0.034
5989.89688 18.567 0.037
5990.86458 18.524 0.034
5991.83908 18.549 0.029
5992.81021 18.605 0.040
5993.79859 18.608 0.061
5993.87628 18.558 0.040
5994.84466 18.595 0.041
5995.79724 18.617 0.039
5995.86990 18.526 0.029
5996.81256 18.699 0.039
5996.89688 18.602 0.029
5997.84464 18.467 0.034
5998.79468 18.633 0.047
5998.88515 18.615 0.033
5999.81743 18.634 0.037
5999.90419 18.605 0.034
6003.90086 18.527 0.038
6004.83559 18.582 0.033
6005.76259 18.639 0.035
6005.85217 18.590 0.035
6006.77588 18.591 0.029
6006.87967 18.594 0.030
6007.78322 18.589 0.031
6007.87836 18.617 0.032
6008.77651 18.613 0.032
6008.87317 18.529 0.032
6009.77819 18.574 0.029
6009.87353 18.585 0.031
6010.76910 18.582 0.036
6010.86812 18.591 0.025
6011.74954 18.600 0.038
6011.87366 18.566 0.042
6012.77253 18.587 0.032
6012.87148 18.665 0.027
6013.76825 18.557 0.033
6013.86857 18.559 0.029
6014.74455 18.567 0.036
6014.84276 18.517 0.030
6014.92210 18.508 0.084
6015.80024 18.574 0.026
6015.88974 18.560 0.026
6016.78126 18.626 0.028
6016.88428 18.629 0.033
6017.76931 18.560 0.027
6017.84691 18.570 0.025
6018.83608 18.610 0.031
6019.73592 18.490 0.039
6019.83308 18.719 0.037
6019.90977 18.578 0.025
6020.76797 18.586 0.031
6020.86293 18.577 0.025
6021.72380 18.637 0.053
6021.80081 18.558 0.031
6021.89775 18.657 0.030
6022.74940 18.626 0.041
6022.82664 18.475 0.037
6022.92573 18.539 0.041
6023.78354 18.598 0.034
6023.86555 18.533 0.029
6024.74083 18.667 0.046
6024.84151 18.600 0.031
6025.71550 18.652 0.060
6025.79581 18.617 0.051
6025.90208 18.603 0.039
6031.79591 18.584 0.033
6032.72551 18.560 0.030
6032.90573 18.592 0.026
6033.85678 18.596 0.027
6034.78566 18.579 0.026
6036.70116 18.634 0.034
6036.92034 18.509 0.026
6037.88376 18.607 0.035
6038.84561 18.543 0.029
6039.83040 18.602 0.042
6040.80589 18.514 0.032
6041.75668 18.555 0.040
6045.89749 18.545 0.031
6047.72088 18.630 0.035
6047.91442 18.625 0.032
6048.84558 18.552 0.027
6049.76210 18.527 0.024
6050.65901 18.629 0.050
6050.84718 18.576 0.036
6052.65668 18.482 0.043
6052.83184 18.615 0.035
6053.68839 18.576 0.047
6053.87879 18.511 0.039
6058.71884 18.501 0.041
6058.89053 18.593 0.030
6059.77504 18.550 0.027
6060.78111 18.580 0.028
6061.67445 18.740 0.044
6061.85294 18.501 0.031
6062.72329 18.665 0.041
6062.90110 18.543 0.033
6063.88067 18.571 0.034
6064.81915 18.514 0.029
6065.64945 18.698 0.043
6065.82842 18.579 0.031
6066.75257 18.678 0.032
6066.92606 18.529 0.025
6067.72789 18.543 0.028
6067.90545 18.634 0.030
6068.74423 18.563 0.028
6069.70637 18.578 0.027
6069.89528 18.540 0.027
6070.69354 18.496 0.029
6070.87050 18.578 0.033
6071.66936 18.581 0.032
6071.84901 18.523 0.026
6075.64932 18.549 0.031
6075.83273 18.604 0.026
6076.69075 18.617 0.031
6076.87504 18.651 0.038
6077.82097 18.493 0.031
6078.62385 18.642 0.039
6078.80445 18.596 0.025
6079.60167 18.534 0.034
6079.79164 18.593 0.033
6080.57189 18.674 0.051
6080.73655 18.517 0.029
6080.91798 18.573 0.028
6081.68431 18.515 0.034
6081.86742 18.681 0.041
6082.67591 18.605 0.070
6082.87845 18.514 0.078
6085.68544 18.524 0.044
6085.85163 18.443 0.058
6086.62462 18.615 0.036
6086.80992 18.542 0.032
6087.60359 18.605 0.041
6088.57581 18.702 0.037
6089.65629 18.600 0.034
6089.87255 18.552 0.033
6092.76984 18.507 0.027
6093.60644 18.503 0.033
6093.80489 18.613 0.047
6094.65570 18.587 0.034
6094.83029 18.609 0.035
6096.64997 18.253 0.024
6096.84416 18.253 0.028
6097.77839 18.043 0.025
6098.56782 17.852 0.026
6098.75075 17.858 0.018
6099.62971 17.558 0.016
6100.60052 17.551 0.017
6100.77491 17.571 0.021
6101.55207 17.579 0.016
6101.72970 17.508 0.012
6102.51498 17.524 0.022
6102.69024 17.502 0.012
6102.84795 17.499 0.015
6103.59894 17.521 0.015
6103.80367 17.583 0.014
6104.59533 17.579 0.013
6104.76166 17.549 0.012
6105.51904 17.636 0.021
6105.70908 17.706 0.017
6108.51901 17.767 0.024
6108.70409 17.783 0.015
6108.86338 17.785 0.017
6109.69436 17.747 0.029
6109.85170 17.840 0.025
6113.65805 18.229 0.031
6113.81336 18.270 0.032
6114.67298 18.360 0.035
6114.83954 18.371 0.038
6115.61150 18.348 0.027
6116.48291 18.419 0.031
6116.66131 18.405 0.024
6116.82733 18.491 0.030
6117.63154 18.516 0.029
6117.79781 18.503 0.030
6118.57340 18.549 0.028
6118.76011 18.616 0.033
6119.53710 18.578 0.040
6119.71325 18.515 0.029
6120.55075 18.520 0.039
6120.74742 18.585 0.030
6121.54081 18.597 0.031
6121.70990 18.634 0.026
6123.57904 18.498 0.032
6123.75523 18.558 0.041
6124.56063 18.488 0.030
6124.76672 18.561 0.033
6125.57371 18.563 0.032
6125.77476 18.574 0.034
6126.60631 18.628 0.040
6127.50729 18.602 0.041
6128.53090 18.619 0.029
6128.76640 18.594 0.037
6131.58843 18.374 0.025
6132.62537 18.470 0.037
6133.56777 18.422 0.030
6133.77411 18.530 0.044
6134.69015 18.522 0.038
6135.67579 18.514 0.036
6136.47954 18.461 0.047
6136.49520 18.591 0.054
6136.56164 18.474 0.053
6136.59221 18.462 0.046
6136.60347 18.330 0.045
6136.61838 18.556 0.053
6136.62290 18.390 0.046
6136.63013 18.392 0.045
6136.65337 18.540 0.043
6136.66252 18.641 0.039
6136.67752 18.534 0.036
6136.69772 18.632 0.033
6136.71429 18.475 0.040
6136.72403 18.397 0.048
6136.75073 18.468 0.046
6136.76375 18.663 0.060
6136.76604 18.477 0.050
6136.76995 18.614 0.055
6136.78207 18.547 0.058
6140.49993 18.654 0.057
6140.64831 18.538 0.048
6140.69238 18.542 0.047
6141.49672 18.540 0.037
6141.66989 18.549 0.036
6142.53635 18.675 0.047
6147.54219 18.623 0.037
6148.48391 18.535 0.026
6148.66657 18.637 0.029
6150.52477 18.569 0.042
6151.52860 18.479 0.044
6151.69102 18.571 0.040
6152.56637 18.557 0.036
6154.51449 18.612 0.038
6157.66353 18.537 0.033
6158.60540 18.553 0.032
6159.50991 18.514 0.044
6160.49150 18.526 0.036
6160.68692 18.587 0.032
6160.69966 18.658 0.035
6161.59581 18.536 0.042
6164.58329 18.539 0.038
6166.64233 18.633 0.047
6167.57681 18.674 0.063
6168.57996 18.626 0.030
6169.58285 18.606 0.034
6171.53664 18.613 0.034
6172.49561 18.639 0.025
6172.67788 18.426 0.039
6174.63549 18.531 0.051
6175.62371 18.573 0.037
6179.61641 18.479 0.047
6180.60372 18.559 0.051
6181.56160 18.577 0.035
6182.56959 18.568 0.031
6183.62055 18.575 0.033
6185.56875 18.563 0.027
6186.57836 18.607 0.039
6190.61584 18.693 0.041
6195.48074 18.651 0.051
6195.57299 18.638 0.038
6196.48345 18.604 0.045
6196.57049 18.672 0.045
6197.48389 18.832 0.071
6197.57188 18.636 0.041
6198.59143 18.685 0.068
6200.61158 18.742 0.073
6202.55201 18.562 0.054
6203.54621 18.729 0.051
6204.49311 18.492 0.038
6204.57642 18.664 0.039
6205.51935 18.530 0.032
6205.59962 18.594 0.035
6208.54027 18.575 0.050
6210.49377 18.473 0.036
6210.57080 18.594 0.034
6211.52075 18.588 0.033
6212.52011 18.544 0.032
6212.58964 18.612 0.040
6213.54926 18.530 0.039
6214.52964 18.594 0.040
6216.52929 18.603 0.040
6217.56195 18.651 0.034
6218.53736 18.700 0.053
6223.51368 18.553 0.054
6224.50069 18.423 0.057
6226.53466 18.271 0.071
6231.53586 18.780 0.110
6234.50992 18.630 0.050
6238.53860 18.525 0.060
6334.89040 18.490 0.046
6335.86782 18.502 0.032
6337.88015 18.474 0.040
6338.85772 18.562 0.047
6339.86418 18.614 0.030
6345.83399 18.654 0.032
6347.84275 18.497 0.035
6348.83672 18.583 0.036
6349.84889 18.556 0.038
6350.84921 18.497 0.037
6351.85244 18.534 0.035
6352.85214 18.600 0.035
6353.82719 18.456 0.031
6354.84306 18.625 0.034
6358.84554 18.509 0.030
6360.83570 18.629 0.027
6361.82132 18.639 0.030
6361.90174 18.533 0.033
6362.84413 18.598 0.031
6363.81306 18.567 0.032
6367.82345 18.605 0.025
6367.91028 18.653 0.038
6368.86161 18.535 0.026
6369.80081 18.606 0.030
6369.89862 18.581 0.028
6370.84385 18.648 0.036
6371.76877 18.715 0.037
6371.85693 18.527 0.024
6372.76166 18.588 0.034
6372.85025 18.558 0.028
6373.77846 18.426 0.033
6373.86717 18.566 0.038
6374.78231 18.560 0.036
6374.87352 18.623 0.032
6375.78141 18.561 0.027
6375.88877 18.619 0.029
6376.79552 18.593 0.030
6376.88688 18.559 0.024
6377.81691 18.609 0.027
6377.89729 18.506 0.022
6378.81249 18.581 0.027
6378.89298 18.614 0.026
6379.78914 18.616 0.043
6379.88019 18.601 0.034
6380.78987 18.561 0.030
6380.89421 18.594 0.030
6381.82102 18.619 0.030
6381.90007 18.578 0.028
6382.80475 18.684 0.039
6382.88462 18.484 0.036
6386.79639 18.636 0.034
6386.80485 18.625 0.033
6386.81044 18.567 0.035
6386.81924 18.614 0.037
6386.82585 18.607 0.035
6386.84329 18.499 0.030
6386.85694 18.554 0.033
6386.86687 18.513 0.033
6386.87511 18.585 0.035
6386.88359 18.513 0.033
6386.89188 18.466 0.031
6386.90127 18.547 0.033
6386.90794 18.511 0.039
6386.91318 18.663 0.050
6386.92167 18.577 0.042
6386.92875 18.857 0.115
6387.70548 18.487 0.043
6387.70856 18.677 0.046
6387.72367 18.584 0.043
6387.74043 18.703 0.036
6387.78103 18.620 0.030
6387.80505 18.441 0.028
6387.88895 18.592 0.034
6387.92378 18.535 0.056
6388.71427 18.531 0.037
6388.77639 18.545 0.027
6388.80471 18.616 0.030
6388.86626 18.637 0.030
6388.91364 18.519 0.030
6389.72438 18.468 0.038
6389.78349 18.549 0.031
6389.88592 18.576 0.030
6390.74583 18.557 0.032
6390.77985 18.474 0.025
6390.87966 18.524 0.028
6391.70425 18.582 0.055
6391.77323 18.513 0.038
6393.74662 18.567 0.033
6393.88635 18.502 0.038
6394.76520 18.571 0.032
6394.84819 18.515 0.035
6395.81135 18.607 0.030
6395.89738 18.567 0.025
6396.75831 18.580 0.025
6396.79829 18.619 0.024
6397.69931 18.537 0.029
6397.74381 18.537 0.026
6397.87459 18.599 0.027
6398.77488 18.514 0.027
6398.80622 18.556 0.030
6399.71253 18.630 0.034
6399.89455 18.596 0.034
6400.68488 18.538 0.041
6400.73674 18.595 0.032
6400.76687 18.584 0.032
6400.88628 18.566 0.031
6401.82138 18.596 0.029
6402.73278 18.474 0.035
6402.90822 18.502 0.044
6403.82211 18.612 0.027
6404.75737 18.604 0.037
6405.82766 18.526 0.038
6406.76180 18.695 0.045
6407.71447 18.566 0.042
6407.88005 18.552 0.035
6408.82488 18.576 0.042
6415.71263 18.556 0.050
6415.90556 18.619 0.032
6416.79206 18.494 0.025
6417.71629 18.696 0.042
6417.89017 18.674 0.035
6418.73866 18.538 0.030
6418.91267 18.554 0.027
6419.78939 18.511 0.033
6420.65468 18.568 0.028
6420.82572 18.618 0.025
6421.83459 18.528 0.029
6422.77608 18.587 0.029
6423.75315 18.499 0.039
6423.93250 18.626 0.036
6424.80747 18.599 0.026
6426.65593 18.530 0.031
6426.89643 18.589 0.029
6427.90021 18.704 0.040
6428.69593 18.519 0.040
6428.88451 18.523 0.034
6431.68499 18.437 0.042
6431.86963 18.528 0.048
6432.70968 18.502 0.033
6432.89164 18.571 0.039
6432.93769 18.587 0.039
6433.69621 18.577 0.036
6434.61700 18.675 0.062
6434.80065 18.765 0.041
6435.64766 18.499 0.033
6435.83326 18.586 0.036
6436.63366 18.624 0.041
6436.82287 18.602 0.036
6437.76669 18.519 0.041
6437.92076 18.594 0.063
6441.70392 18.622 0.047
6441.86087 18.598 0.049
6442.63923 18.594 0.034
6442.82366 18.484 0.026
6443.63469 18.563 0.045
6443.73554 18.748 0.065
6444.71119 18.522 0.039
6444.84325 18.607 0.032
6445.64530 18.417 0.028
6445.85167 18.588 0.038
6446.63340 18.581 0.029
6446.82397 18.573 0.024
6447.60992 18.603 0.033
6447.79388 18.640 0.029
6448.56095 18.577 0.047
6448.73976 18.559 0.032
6448.90547 18.603 0.045
6449.68171 18.486 0.035
6449.86547 18.640 0.033
6450.63392 18.530 0.030
6450.81617 18.603 0.029
6451.58161 18.588 0.045
6451.76848 18.505 0.031
6452.54650 18.562 0.029
6452.76013 18.560 0.027
6454.55438 18.459 0.038
6454.74026 18.553 0.028
6454.90430 18.594 0.036
6455.80612 18.531 0.035
6456.69683 18.609 0.024
6456.90685 18.549 0.029
6457.84621 18.533 0.029
6458.62988 18.409 0.032
6458.81424 18.591 0.027
6459.58315 18.572 0.032
6459.77326 18.558 0.027
6460.59423 18.499 0.034
6460.89131 18.548 0.037
6461.70248 18.579 0.037
6462.59025 18.520 0.050
6462.86033 18.594 0.039
6463.63428 18.533 0.037
6463.82590 18.579 0.032
6464.64257 18.569 0.041
6464.83470 18.672 0.042
6468.62932 18.635 0.049
6469.53016 18.635 0.045
6469.71753 18.552 0.038
6471.63706 18.561 0.041
6472.69811 18.602 0.038
6473.64858 18.619 0.026
6473.83300 18.595 0.033
6474.60030 18.521 0.042
6474.78598 18.613 0.038
6475.56028 18.416 0.042
6475.76195 18.568 0.034
6476.52880 18.757 0.055
6476.71749 18.587 0.033
6477.52221 18.499 0.032
6477.71058 18.512 0.031
6478.56011 18.609 0.044
6479.62228 18.559 0.042
6480.53359 18.594 0.045
6480.72028 18.605 0.039
6481.52852 18.592 0.041
6481.77273 18.580 0.036
6485.50028 18.527 0.035
6485.73217 18.635 0.030
6486.47389 18.436 0.036
6486.67385 18.563 0.033
6487.47209 18.519 0.035
6487.67631 18.603 0.028
6490.53825 18.554 0.036
6490.72520 18.467 0.026
6491.59004 18.583 0.040
6491.78942 18.509 0.037
6492.61393 18.545 0.030
6492.79471 18.678 0.065
6496.78105 18.516 0.061
6497.72971 18.523 0.040
6498.56015 18.535 0.027
6498.73771 18.618 0.033
6499.57216 18.550 0.031
6500.73421 18.686 0.044
6501.70984 18.697 0.034
6504.72565 18.641 0.037
6505.65288 18.558 0.033
6506.48872 18.503 0.050
6506.76733 18.478 0.049
6508.54278 18.590 0.036
6508.73605 18.571 0.031
6509.64138 18.567 0.024
6510.51692 18.507 0.027
6510.72757 18.583 0.034
6511.67246 18.488 0.033
6514.54145 18.525 0.034
6515.49462 18.476 0.030
6516.48219 18.600 0.049
6518.51750 18.569 0.032
6518.72599 18.646 0.050
6519.68585 18.542 0.031
6523.59366 18.623 0.032
6524.52255 18.589 0.033
6525.52532 18.467 0.041
6526.66702 18.554 0.042
6529.59890 18.616 0.042
6531.58439 18.538 0.031
6533.59604 18.557 0.034
6534.64026 18.542 0.039
6536.53382 18.545 0.029
6536.62169 18.651 0.034
6539.51977 18.529 0.031
6541.51560 18.541 0.034
6543.58645 18.740 0.035
6545.48484 18.652 0.037
6546.49481 18.732 0.060
6551.48807 18.472 0.055
6555.60103 18.605 0.045
6558.56843 18.611 0.032
6559.62060 18.550 0.043
6561.53221 18.613 0.042
6562.62164 18.562 0.033
6563.61832 18.533 0.040
6564.55338 18.595 0.034
6565.52484 18.576 0.042
6565.61512 18.534 0.036
6568.50214 18.467 0.058
6568.59243 18.592 0.043
6569.55027 18.510 0.032
6570.52778 18.543 0.039
6571.53464 18.748 0.050
6572.48620 18.656 0.061
6572.59545 18.412 0.036
6573.54563 18.574 0.037
6577.52719 18.592 0.068
6578.50973 18.618 0.048
6579.57955 18.576 0.055
6581.52096 18.708 0.051
6582.54190 18.625 0.041
6583.52911 18.578 0.057
6584.52549 18.690 0.060
6585.52871 18.586 0.056
6590.52399 18.475 0.041
6590.55612 18.595 0.072
6593.49977 18.642 0.059
6595.52179 18.520 0.053
6599.50923 18.376 0.048
