2127.52182 19.021 0.147
2130.55443 19.301 0.128
2133.56410 19.337 0.121
2136.68533 19.187 0.115
2141.67533 18.863 0.138
2165.60452 19.321 0.163
2166.50345 19.160 0.131
2172.56565 19.035 0.135
2189.55020 18.908 0.128
2214.53339 19.090 0.197
2337.86234 19.745 0.153
2352.88458 19.318 0.159
2361.87832 19.369 0.126
2373.82921 19.291 0.138
2464.79999 19.338 0.126
2816.69606 19.156 0.105
2852.65132 18.445 0.090
2859.66533 19.287 0.183
3059.88273 19.266 0.103
3064.89401 19.446 0.138
3068.84704 19.505 0.134
3071.89957 19.485 0.137
3073.90873 19.541 0.165
3077.80037 18.941 0.206
3080.84805 19.345 0.124
3083.79500 19.409 0.108
3085.90613 19.663 0.134
3087.84074 19.239 0.106
3089.85753 19.767 0.142
3091.86242 19.339 0.120
3097.84116 19.232 0.105
3099.86715 19.422 0.155
3101.84023 19.197 0.150
3102.86879 19.293 0.125
3104.78440 19.565 0.345
3107.79145 19.308 0.111
3108.82111 19.411 0.112
3110.91092 19.764 0.176
3112.86799 19.328 0.124
3114.86289 19.470 0.138
3116.85055 19.189 0.118
3122.86636 19.194 0.146
3125.92712 19.083 0.127
3126.81995 19.734 0.155
3127.90602 19.472 0.142
3128.89537 19.216 0.130
3130.77287 19.358 0.142
3131.63822 18.434 0.113
3134.90835 19.222 0.300
3135.79321 19.441 0.121
3137.84562 19.492 0.176
3138.73034 19.176 0.106
3140.70207 19.462 0.119
3140.93590 19.262 0.139
3141.76716 19.359 0.101
3142.84147 19.475 0.137
3144.85940 19.379 0.128
3146.92915 19.302 0.115
3151.83470 19.557 0.177
3152.83310 19.350 0.132
3153.83164 19.373 0.156
3154.92653 19.288 0.154
3157.93734 18.851 0.136
3158.72241 19.723 0.211
3162.86946 19.617 0.170
3163.83177 19.437 0.120
3164.81749 19.387 0.136
3165.67370 19.308 0.088
3167.68030 19.212 0.124
3168.83060 19.448 0.123
3169.86063 19.070 0.106
3170.88606 19.685 0.143
3171.73343 19.352 0.099
3173.81779 19.524 0.145
3174.78504 19.420 0.119
3175.86597 19.528 0.154
3177.84162 19.037 0.150
3179.58450 19.417 0.126
3179.88632 19.287 0.150
3180.80288 19.330 0.096
3180.85898 19.346 0.106
3180.88101 19.350 0.108
3180.89619 19.315 0.142
3182.50331 19.206 0.187
3182.59802 19.151 0.130
3182.67912 19.533 0.144
3182.78838 19.573 0.151
3182.86314 19.367 0.122
3183.57103 19.491 0.113
3183.72349 19.267 0.145
3183.81892 18.740 0.116
3184.49165 19.685 0.202
3184.62951 19.459 0.107
3184.77758 19.532 0.141
3185.63240 19.494 0.116
3191.79440 19.210 0.118
3193.62767 19.416 0.121
3194.52737 19.286 0.139
3194.81811 19.624 0.165
3195.75129 19.475 0.112
3196.60414 18.902 0.129
3196.84693 19.412 0.146
3197.79266 19.609 0.166
3199.79290 18.612 0.102
3201.83993 19.332 0.182
3202.78375 19.539 0.140
3203.61283 19.597 0.102
3204.76092 19.470 0.129
3205.69122 19.487 0.114
3210.58845 19.426 0.114
3211.75469 19.359 0.151
3217.73062 19.583 0.195
3218.74159 19.015 0.138
3226.72528 18.742 0.097
3228.69611 19.104 0.118
3229.72686 19.133 0.115
3230.74273 19.056 0.120
3231.67002 19.172 0.130
3238.69456 18.825 0.118
3240.54449 19.412 0.144
3245.65639 19.539 0.187
3247.51848 19.505 0.125
3249.63773 19.200 0.126
3251.53321 18.758 0.102
3254.61474 19.029 0.121
3257.55265 19.611 0.126
3260.61225 18.883 0.129
3265.55109 19.243 0.130
3267.60931 19.563 0.165
3273.50830 18.301 0.083
3277.52772 19.213 0.136
3280.52958 18.716 0.093
3282.59931 18.260 0.040
3289.53343 18.741 0.091
3294.52868 18.659 0.065
3296.52783 17.773 0.037
3302.52498 19.505 0.222
3418.86777 19.671 0.147
3424.85146 19.243 0.150
3427.85336 19.439 0.150
3430.83493 19.491 0.128
3436.88159 19.140 0.121
3443.85270 19.671 0.118
3445.88115 19.424 0.088
3448.78776 19.603 0.174
3450.80511 19.364 0.088
3453.84854 19.372 0.126
3455.91831 19.361 0.139
3458.88378 19.714 0.159
3459.89900 19.549 0.134
3468.88247 19.580 0.119
3469.88515 19.538 0.099
3472.87002 19.592 0.119
3474.80369 19.633 0.153
3476.78031 19.564 0.104
3478.87566 19.362 0.101
3480.89151 19.230 0.104
3483.82614 19.590 0.129
3496.93322 19.496 0.177
3497.90647 19.547 0.150
3500.91549 19.171 0.096
3502.89973 19.608 0.141
3503.88058 19.834 0.143
3506.94002 19.156 0.120
3508.91733 19.195 0.138
3509.90012 19.462 0.103
3511.92367 19.801 0.155
3512.91683 19.385 0.150
3520.67585 19.637 0.155
3521.80657 19.621 0.156
3522.87424 19.112 0.101
3524.86545 19.082 0.105
3527.64873 19.704 0.141
3527.73418 19.502 0.096
3528.89310 19.266 0.128
3530.87138 19.829 0.122
3530.90277 19.527 0.108
3538.86092 19.405 0.118
3541.89505 19.486 0.176
3544.89247 19.599 0.222
3547.85984 19.564 0.164
3550.83667 19.123 0.099
3551.84870 19.827 0.173
3552.84403 19.372 0.134
3554.84705 19.418 0.139
3558.63203 19.576 0.128
3559.64047 19.632 0.117
3560.71679 18.977 0.079
3561.63836 19.341 0.099
3562.67165 19.337 0.109
3563.73612 19.223 0.111
3569.66407 19.009 0.203
3573.79447 19.296 0.145
3574.76667 18.958 0.115
3575.70861 18.876 0.064
3576.77526 18.620 0.078
3578.74971 20.175 0.305
3579.69826 18.853 0.070
3580.75993 18.486 0.091
3581.74778 18.792 0.083
3582.69669 18.933 0.076
3583.71489 18.829 0.081
3584.71888 19.296 0.103
3585.71741 18.943 0.072
3586.77145 19.267 0.091
3590.75717 19.260 0.122
3591.74225 19.055 0.082
3592.71651 19.382 0.098
3602.73370 19.153 0.189
3603.72869 19.581 0.186
3608.70528 19.437 0.127
3615.66297 19.612 0.167
3617.62458 19.044 0.111
3619.62173 19.485 0.141
3621.66338 19.174 0.123
3629.54765 19.697 0.148
3631.57650 19.610 0.188
3634.53225 19.354 0.115
3640.53543 18.834 0.107
3644.61073 19.529 0.161
3649.58665 19.808 0.203
3652.56061 18.995 0.135
3656.55338 19.163 0.144
3660.55757 19.812 0.269
3665.54385 19.646 0.190
3671.49676 19.441 0.227
3778.85032 19.573 0.199
3783.88926 19.606 0.121
3786.87495 19.005 0.144
3792.89437 19.591 0.144
3794.89347 19.981 0.189
3796.88530 19.408 0.126
3797.88493 19.577 0.116
3800.86598 19.029 0.108
3802.81287 19.365 0.114
3803.84552 19.713 0.146
3804.89270 19.270 0.124
3806.90517 19.375 0.107
3808.89013 19.474 0.124
3810.80619 19.787 0.198
3812.79231 19.377 0.154
3814.78326 19.963 0.202
3818.84811 19.523 0.131
3819.90755 19.467 0.094
3820.89981 19.577 0.117
3821.91117 19.584 0.110
3823.90806 19.521 0.114
3824.91808 19.390 0.184
3825.91011 19.318 0.120
3826.90922 19.165 0.097
3827.90931 19.472 0.137
3829.91741 19.689 0.129
3830.88663 19.561 0.116
3832.91154 18.995 0.092
3833.90804 19.336 0.107
3834.82511 19.422 0.097
3835.88440 19.751 0.127
3836.88699 19.449 0.109
3837.86577 19.512 0.116
3838.86992 19.649 0.157
3839.88894 19.348 0.149
3840.87294 19.773 0.154
3841.85633 19.896 0.172
3842.77018 19.392 0.131
3845.86269 18.947 0.205
3846.86459 19.653 0.119
3847.91074 18.974 0.097
3848.88045 18.936 0.103
3849.90939 19.369 0.122
3850.82945 19.439 0.124
3851.83578 19.009 0.105
3852.82788 19.376 0.121
3853.81716 19.480 0.095
3856.80578 19.196 0.098
3860.86121 19.076 0.116
3861.87649 19.912 0.175
3862.82008 19.482 0.127
3863.79787 19.791 0.139
3864.82178 19.521 0.095
3865.78417 19.509 0.134
3866.74984 19.337 0.094
3867.76071 19.446 0.126
3868.75197 19.454 0.151
3869.73452 19.587 0.160
3873.73716 19.598 0.121
3874.78400 19.349 0.133
3875.76728 19.455 0.097
3877.72559 19.467 0.110
3880.79298 19.783 0.148
3881.80089 19.370 0.097
3882.73586 19.207 0.107
3883.78784 19.643 0.159
3886.75118 19.531 0.123
3887.73100 19.551 0.134
3889.89272 19.694 0.145
3891.62434 19.324 0.170
3892.76004 19.300 0.118
3893.79382 19.084 0.118
3894.82780 18.964 0.112
3896.78128 19.393 0.190
3900.67503 19.213 0.142
3901.68052 19.674 0.142
3902.69809 19.516 0.117
3903.84613 19.544 0.131
3904.67786 19.502 0.086
3905.68865 19.500 0.113
3906.66641 19.200 0.105
3907.73244 18.868 0.114
3908.67241 19.486 0.101
3909.67045 19.662 0.104
3912.67453 19.573 0.088
3913.67477 19.726 0.135
3914.73421 19.258 0.094
3915.67164 19.437 0.092
3916.75335 19.424 0.163
3917.77057 19.459 0.163
3918.77084 19.436 0.140
3919.70105 19.508 0.114
3920.65468 19.131 0.108
3921.66318 19.029 0.126
3930.52131 19.484 0.142
3930.72483 18.985 0.101
3931.64099 19.479 0.131
3932.60484 19.779 0.122
3933.65231 19.568 0.102
3934.61876 19.457 0.108
3934.82768 19.872 0.196
3935.59977 19.229 0.099
3936.58482 19.295 0.123
3937.66362 19.339 0.112
3938.62981 19.306 0.120
3940.77386 19.594 0.131
3944.72213 19.498 0.103
3945.66621 19.613 0.129
3946.65699 19.419 0.120
3950.67233 19.465 0.107
3951.69471 19.747 0.184
3959.64400 19.895 0.202
3960.63510 19.576 0.116
3963.64047 19.474 0.120
3964.67666 19.701 0.141
3965.65142 19.197 0.083
3966.64587 19.386 0.106
3967.66934 19.481 0.112
3968.62889 19.253 0.108
3969.63931 19.256 0.109
3970.64609 19.344 0.115
3971.67739 19.559 0.123
3974.64321 19.314 0.118
3975.63575 19.345 0.114
3976.62969 19.641 0.150
3979.66664 19.207 0.187
3986.67824 19.019 0.144
3987.62702 19.607 0.149
3988.66084 19.767 0.203
3989.57726 19.016 0.111
3991.57871 19.110 0.103
3995.52653 19.403 0.132
4001.59684 19.660 0.145
4002.63245 19.534 0.143
4003.58689 20.034 0.204
4011.57021 19.192 0.124
4016.54005 18.836 0.119
4017.57291 19.794 0.196
4019.58104 19.072 0.145
4023.56382 19.295 0.160
4025.51537 19.462 0.153
4027.52311 19.775 0.219
4030.51518 18.625 0.096
4152.88992 18.863 0.145
4155.86980 19.437 0.156
4158.83154 19.482 0.170
4160.89856 18.818 0.128
4162.88231 19.552 0.182
4165.86663 19.296 0.156
4167.85959 19.387 0.150
4169.86200 19.690 0.173
4174.87598 19.621 0.159
4176.85329 19.315 0.125
4177.91022 19.235 0.139
4179.80447 19.535 0.141
4180.87303 19.074 0.141
4182.78140 19.462 0.129
4183.81835 19.417 0.136
4185.79415 19.370 0.134
4190.89215 19.726 0.176
4192.89635 19.426 0.129
4193.90738 19.429 0.132
4196.88698 19.639 0.157
4202.89862 19.411 0.127
4203.88678 19.617 0.129
4204.89358 19.616 0.128
4205.88243 19.476 0.129
4207.90632 19.517 0.129
4208.91580 19.332 0.120
4213.88730 19.429 0.137
4216.84595 19.278 0.112
4217.86884 19.449 0.098
4218.91254 19.695 0.166
4220.89947 18.672 0.104
4222.85946 19.301 0.131
4228.86038 19.194 0.147
4229.82629 19.643 0.145
4230.80696 19.670 0.133
4231.84926 19.452 0.132
4232.87020 18.818 0.120
4234.80764 19.570 0.135
4234.84510 19.384 0.125
4235.82872 19.380 0.108
4237.64561 19.411 0.172
4238.83326 18.765 0.115
4240.62703 19.041 0.148
4243.87962 19.338 0.165
4244.89029 19.099 0.130
4245.92940 19.541 0.151
4246.93370 19.151 0.159
4247.59078 18.991 0.086
4250.91999 19.099 0.163
4256.81834 18.758 0.122
4257.70224 19.597 0.186
4258.80476 19.261 0.152
4268.58579 19.588 0.183
4269.72620 19.657 0.144
4272.64743 19.486 0.141
4273.69485 19.471 0.150
4274.67869 19.596 0.164
4275.73547 19.337 0.142
4277.57635 19.254 0.147
4278.70971 19.185 0.153
4283.65653 19.605 0.159
4284.63794 19.247 0.123
4285.64491 19.004 0.127
4286.73863 19.477 0.181
4289.68844 19.057 0.123
4291.57820 19.161 0.151
4292.62331 19.676 0.142
4293.65171 19.483 0.114
4294.69227 19.340 0.126
4295.65292 19.419 0.107
4296.63575 19.437 0.115
4297.56297 19.591 0.125
4299.76468 19.428 0.115
4300.70081 19.447 0.140
4301.56393 19.478 0.123
4302.79789 19.318 0.158
4306.55494 19.256 0.160
4311.59744 19.252 0.185
4312.66472 19.533 0.126
4317.65179 19.334 0.141
4319.66074 19.088 0.121
4326.66991 19.321 0.125
4327.70554 19.119 0.136
4328.64031 19.189 0.110
4329.63111 18.835 0.103
4330.64494 19.488 0.126
4331.64036 19.230 0.116
4332.69499 19.508 0.167
4333.64414 18.804 0.111
4334.65762 18.417 0.130
4338.67722 19.524 0.229
4339.64716 19.337 0.166
4340.71036 19.243 0.168
4341.69183 19.099 0.173
4342.68828 19.217 0.152
4343.65807 19.433 0.169
4345.65794 19.193 0.164
4346.66311 18.982 0.129
4347.67724 19.609 0.184
4349.65228 19.263 0.128
4350.67685 19.272 0.130
4351.64773 19.372 0.152
4354.65648 19.207 0.140
4357.59450 18.942 0.119
4359.56800 19.386 0.138
4365.61294 19.507 0.224
4368.61248 18.656 0.121
4370.56810 19.684 0.153
4372.60092 19.365 0.148
4377.56164 19.578 0.215
4381.60405 18.703 0.141
4517.89550 19.418 0.202
4520.88763 19.424 0.177
4523.86779 19.475 0.169
4525.86249 19.661 0.260
4532.89069 19.256 0.125
4535.85285 19.156 0.141
4537.80281 19.399 0.128
4539.80762 19.369 0.120
4541.83948 19.488 0.143
4543.82921 19.454 0.123
4544.82605 19.820 0.209
4545.84363 19.441 0.131
4547.81744 19.730 0.174
4547.83714 19.552 0.149
4547.90204 19.313 0.127
4548.79001 19.033 0.146
4548.88075 18.738 0.119
4550.75693 19.208 0.179
4550.81641 19.132 0.137
4551.72938 19.597 0.194
4552.80650 19.287 0.148
4556.89825 19.718 0.132
4557.92424 19.645 0.188
4558.89331 19.325 0.102
4559.88835 19.861 0.193
4560.88852 19.387 0.102
4561.87757 19.607 0.114
4564.88173 19.690 0.133
4565.87132 19.539 0.089
4566.87257 19.601 0.123
4567.87812 19.600 0.121
4568.91031 19.347 0.108
4569.89638 19.785 0.165
4570.90200 19.311 0.127
4571.86358 19.587 0.127
4572.90217 19.279 0.116
4573.87721 19.879 0.135
4574.88571 19.269 0.121
4575.89699 19.626 0.141
4583.86722 19.412 0.129
4585.85094 19.693 0.151
4586.86973 19.504 0.145
4587.88161 19.136 0.143
4588.77185 19.383 0.117
4589.74117 19.560 0.163
4590.82083 19.610 0.144
4591.73365 19.504 0.134
4592.80719 19.234 0.118
4593.79267 19.565 0.142
4594.82099 19.642 0.152
4594.93730 19.463 0.181
4595.81181 19.687 0.160
4596.76744 19.577 0.123
4596.89127 19.451 0.134
4596.92675 19.507 0.130
4597.75045 19.367 0.121
4597.82933 19.249 0.111
4598.64715 19.667 0.134
4598.79883 19.627 0.108
4599.77802 19.576 0.123
4600.80043 19.702 0.116
4601.78901 19.784 0.145
4602.79266 19.645 0.124
4606.85449 19.645 0.167
4611.77005 19.538 0.195
4616.76221 19.752 0.144
4618.66662 19.688 0.174
4622.74537 19.136 0.107
4623.81842 19.236 0.124
4624.75720 19.444 0.151
4625.56975 18.979 0.134
4625.74018 19.004 0.109
4626.80221 19.530 0.150
4627.71944 19.645 0.116
4628.70829 19.561 0.131
4629.77781 19.721 0.154
4630.71698 19.566 0.120
4631.73283 19.463 0.101
4632.76666 19.752 0.160
4633.90209 19.420 0.214
4639.85479 18.964 0.170
4641.89691 19.176 0.171
4642.54266 19.289 0.144
4643.69970 19.261 0.115
4644.78923 19.205 0.105
4645.70183 19.247 0.128
4646.66875 19.568 0.125
4647.69073 19.470 0.139
4649.67521 19.320 0.110
4650.71337 19.088 0.103
4651.71391 19.386 0.135
4652.64649 19.667 0.160
4653.66030 19.587 0.136
4654.67873 19.446 0.130
4655.67939 19.184 0.084
4656.64578 19.298 0.118
4658.80309 18.854 0.132
4661.63547 19.481 0.121
4666.50668 19.818 0.257
4671.69175 19.306 0.120
4672.65157 18.997 0.105
4674.67948 19.423 0.150
4677.72365 19.028 0.109
4681.70759 19.553 0.169
4682.70520 19.464 0.121
4683.66125 19.168 0.119
4684.68001 19.150 0.119
4684.77316 19.379 0.186
4685.70581 19.200 0.109
4687.69405 19.249 0.147
4688.63997 19.342 0.114
4694.72405 18.923 0.148
4697.64881 19.205 0.146
4698.66695 19.222 0.141
4700.66217 19.201 0.123
4701.64549 19.410 0.152
4702.65994 19.064 0.109
4708.68156 19.216 0.127
4715.64264 19.078 0.133
4720.64829 19.464 0.290
4721.65607 19.010 0.157
4722.64632 19.076 0.133
4725.61922 19.309 0.184
4726.64744 18.809 0.121
4733.60851 19.338 0.167
4739.50125 19.390 0.147
4750.55059 18.954 0.152
4757.55744 19.703 0.195
4763.53378 19.383 0.167
4877.87391 19.663 0.156
4883.88779 18.579 0.095
4886.85451 19.083 0.117
4890.82704 19.292 0.123
4894.87801 19.034 0.135
4898.89003 19.670 0.168
4900.85678 19.365 0.126
4901.90841 19.452 0.127
4902.83400 19.474 0.132
4903.89667 19.474 0.132
4904.86216 19.296 0.115
4911.89737 19.698 0.120
4913.91081 19.533 0.136
4924.90541 19.276 0.099
4928.81216 19.092 0.127
4930.74763 19.192 0.128
4931.88974 19.381 0.131
4932.79759 19.614 0.156
4933.74520 19.433 0.173
4934.84345 19.464 0.143
4938.85195 19.507 0.146
4940.79668 19.102 0.099
4941.84849 19.343 0.131
4942.87453 19.641 0.142
4943.73110 19.485 0.112
4944.79600 19.334 0.095
4949.81047 19.825 0.168
4950.71168 19.470 0.127
4951.79441 19.942 0.202
4951.83544 19.735 0.191
4953.73998 19.179 0.097
5260.87825 19.393 0.065
5261.80922 19.244 0.068
5262.84681 19.382 0.185
5265.86364 19.377 0.068
5266.81005 19.193 0.067
5267.83727 19.600 0.090
5268.83970 19.326 0.065
5269.80339 19.462 0.073
5270.80907 19.355 0.066
5271.80389 19.144 0.062
5272.80975 19.417 0.096
5273.79475 19.311 0.077
5274.81322 19.426 0.081
5275.79957 19.484 0.103
5276.77774 19.339 0.084
5276.90522 19.452 0.068
5277.81428 19.444 0.132
5278.80985 19.513 0.093
5279.81112 19.456 0.131
5280.81773 19.388 0.070
5281.79765 19.355 0.063
5282.82037 19.269 0.060
5283.78049 19.440 0.086
5283.87179 19.359 0.060
5284.78608 19.403 0.100
5285.77693 19.482 0.110
5285.90692 19.624 0.093
5286.79253 19.433 0.124
5287.84571 19.434 0.072
5288.77110 19.342 0.088
5289.82297 19.344 0.079
5293.85091 19.305 0.064
5294.75870 19.453 0.073
5294.79578 19.441 0.055
5294.83317 19.469 0.057
5294.86327 19.387 0.047
5294.90429 19.443 0.059
5295.76018 19.306 0.058
5295.79865 19.505 0.071
5295.83661 19.422 0.067
5295.87476 19.357 0.050
5295.91378 19.353 0.059
5296.80377 19.431 0.056
5296.83824 19.370 0.048
5296.87602 19.391 0.047
5297.75708 19.204 0.053
5297.79708 19.324 0.054
5297.83498 19.494 0.060
5297.87301 19.517 0.059
5297.91195 19.342 0.066
5298.79790 19.421 0.064
5298.83565 19.495 0.071
5298.87386 19.380 0.048
5298.91337 19.461 0.064
5299.74473 19.436 0.065
5299.82008 19.374 0.051
5299.85805 19.439 0.058
5299.89849 19.483 0.065
5300.85350 19.368 0.054
5300.89413 19.342 0.061
5301.74918 19.245 0.063
5301.78685 19.332 0.063
5301.82415 19.196 0.056
5301.86240 19.149 0.066
5301.90261 19.527 0.139
5303.91013 19.502 0.094
5304.74716 19.196 0.079
5306.68279 19.142 0.066
5306.71988 19.324 0.061
5306.78422 19.372 0.057
5306.84748 19.377 0.057
5306.88739 19.396 0.055
5306.92540 19.488 0.069
5307.73328 19.271 0.067
5307.79690 19.393 0.053
5307.83490 19.414 0.067
5307.87610 19.425 0.059
5307.91372 19.300 0.061
5308.72573 19.346 0.076
5308.78701 19.545 0.061
5308.82447 19.385 0.060
5308.86485 19.413 0.067
5309.69919 19.345 0.090
5309.79213 19.436 0.063
5309.83464 19.351 0.056
5309.87935 19.394 0.059
5309.91680 19.423 0.065
5310.68415 19.311 0.085
5310.76801 19.284 0.073
5310.83039 19.310 0.052
5310.87665 19.300 0.051
5310.91415 19.500 0.062
5311.80443 19.362 0.073
5311.86282 19.434 0.071
5312.73325 19.389 0.089
5312.77435 19.347 0.087
5312.81348 19.464 0.089
5312.85803 19.518 0.091
5312.89761 19.425 0.080
5313.80703 19.572 0.110
5313.84709 19.500 0.096
5313.88638 19.391 0.094
5313.92390 19.453 0.103
5314.69675 19.268 0.092
5314.73712 19.485 0.104
5314.77711 19.234 0.084
5314.82064 19.376 0.074
5314.87207 19.347 0.089
5314.90946 19.257 0.075
5315.67498 19.323 0.123
5315.71825 19.201 0.108
5315.76025 19.462 0.105
5315.79765 19.453 0.087
5315.83691 19.207 0.093
5315.87855 19.508 0.117
5315.91783 19.388 0.119
5316.71331 19.319 0.109
5316.75640 19.303 0.122
5316.79339 19.399 0.130
5316.83725 19.108 0.097
5319.80938 19.430 0.082
5319.85339 19.261 0.080
5319.89767 19.471 0.183
5320.67300 19.258 0.097
5320.71538 19.239 0.079
5320.75407 19.394 0.095
5320.79175 19.395 0.080
5320.83245 19.339 0.073
5320.87328 19.273 0.074
5320.91278 19.413 0.079
5321.73852 19.468 0.082
5321.77827 19.380 0.071
5321.81626 19.384 0.088
5321.85799 19.412 0.075
5321.89535 19.595 0.087
5321.93246 19.440 0.101
5322.74715 19.143 0.078
5322.82388 19.324 0.067
5322.86646 19.453 0.080
5322.89169 19.150 0.071
5322.93201 19.364 0.077
5323.71613 19.361 0.086
5323.75617 19.370 0.072
5323.79551 19.497 0.077
5323.83748 19.378 0.076
5323.87638 19.381 0.075
5323.91384 19.192 0.075
5324.71982 19.261 0.074
5324.75718 18.350 0.032
5324.79564 18.157 0.036
5324.83633 18.487 0.042
5324.87371 18.690 0.044
5324.91436 18.760 0.041
5325.65024 19.639 0.090
5325.71024 19.379 0.068
5325.74821 19.539 0.077
5325.78541 19.655 0.089
5325.82726 19.454 0.073
5325.87236 19.502 0.086
5325.91116 19.394 0.089
5326.62165 19.379 0.135
5326.68530 19.435 0.083
5326.74613 19.632 0.089
5326.78378 19.453 0.052
5326.82346 19.545 0.075
5326.86115 19.204 0.068
5326.89957 19.618 0.086
5327.62525 19.438 0.066
5327.69963 19.560 0.087
5327.77083 19.372 0.073
5327.80982 19.510 0.089
5327.84800 19.679 0.087
5327.88707 19.567 0.088
5327.92491 19.497 0.077
5328.62151 19.311 0.073
5328.72662 19.301 0.061
5328.76529 19.496 0.064
5328.84358 19.582 0.084
5328.88132 19.520 0.078
5328.91896 19.379 0.062
5329.71920 19.358 0.074
5334.67032 19.466 0.139
5334.75038 19.336 0.063
5334.80713 19.250 0.061
5334.84856 19.385 0.077
5334.88901 19.590 0.118
5334.92679 19.490 0.103
5335.73213 19.380 0.048
5335.77139 19.223 0.076
5335.81209 19.499 0.075
5335.85054 19.621 0.092
5335.88816 19.191 0.078
5335.92717 19.394 0.078
5336.80546 19.233 0.059
5336.89712 19.335 0.086
5336.93471 19.483 0.106
5337.78151 19.437 0.069
5337.82130 19.472 0.088
5337.85970 19.397 0.099
5337.89752 19.292 0.084
5337.93594 19.683 0.147
5338.77915 19.495 0.113
5338.82178 19.404 0.112
5338.87848 19.786 0.189
5339.65632 19.100 0.082
5339.69427 19.227 0.085
5339.76089 19.391 0.060
5339.85364 19.400 0.099
5339.89374 19.319 0.133
5339.93168 19.427 0.104
5340.64034 19.094 0.106
5340.67970 19.312 0.106
5340.76598 19.508 0.113
5340.82233 19.603 0.147
5340.86097 19.219 0.092
5340.89877 19.429 0.126
5340.93644 19.533 0.130
5341.61087 19.125 0.072
5341.68407 19.344 0.074
5341.79166 19.282 0.067
5341.83013 19.284 0.066
5341.86791 19.349 0.079
5341.90820 19.324 0.076
5342.58240 19.468 0.161
5342.61980 19.313 0.095
5342.65749 19.248 0.088
5342.69488 19.390 0.088
5342.73306 19.168 0.064
5342.77638 19.411 0.108
5342.81558 19.287 0.094
5342.85370 19.368 0.086
5342.89133 19.370 0.098
5342.92921 19.488 0.146
5343.60063 19.269 0.121
5343.63826 19.292 0.106
5343.67592 19.246 0.094
5343.71371 19.402 0.088
5343.75170 19.220 0.071
5343.79240 19.409 0.098
5343.83137 19.439 0.103
5343.88218 19.398 0.110
5343.92005 19.195 0.086
5348.61837 19.471 0.115
5348.71314 19.270 0.096
5348.77866 19.367 0.088
5348.81659 19.213 0.081
5348.86076 19.451 0.081
5348.89906 19.540 0.126
5348.93874 19.407 0.129
5349.61572 19.587 0.156
5349.72658 19.415 0.087
5349.79212 19.183 0.072
5349.82969 19.201 0.087
5350.62951 19.091 0.089
5350.66748 19.428 0.120
5350.70485 19.173 0.076
5350.74578 19.253 0.084
5351.61103 19.510 0.112
5351.67626 19.293 0.069
5351.75942 19.419 0.082
5351.84384 19.571 0.096
5351.90218 19.294 0.088
5352.62487 19.316 0.089
5352.68773 19.390 0.062
5352.77368 19.572 0.094
5352.85640 19.424 0.080
5352.89855 19.670 0.111
5353.57903 19.422 0.087
5353.66185 19.482 0.070
5353.74197 19.379 0.060
5353.79341 19.215 0.056
5353.83114 19.270 0.063
5353.88115 19.171 0.070
5354.59705 19.465 0.085
5354.68687 19.513 0.083
5354.78387 19.457 0.079
5354.84291 19.581 0.093
5355.62738 19.272 0.071
5355.71172 19.220 0.059
5355.79893 19.180 0.067
5355.83956 19.188 0.072
5355.88487 19.417 0.135
5357.62603 19.221 0.070
5357.71100 19.560 0.080
5357.80357 19.290 0.099
5358.68008 19.076 0.050
5358.77318 19.356 0.092
5359.59453 19.297 0.103
5359.63563 18.895 0.055
5359.69053 18.949 0.056
5359.73881 19.050 0.068
5359.78751 18.955 0.053
5359.83156 19.468 0.090
5362.69729 19.344 0.069
5362.79915 19.551 0.104
5362.89285 19.526 0.126
5364.53669 19.291 0.105
5364.58113 19.327 0.069
5364.66841 19.436 0.076
5364.76383 19.487 0.091
5364.80498 19.322 0.095
5364.84445 19.387 0.100
5364.88441 19.251 0.090
5365.55395 19.273 0.094
5365.60132 19.283 0.077
5365.69181 19.213 0.057
5365.78650 19.458 0.083
5365.88146 19.611 0.136
5368.62884 19.479 0.113
5369.71358 19.358 0.113
5369.75935 19.412 0.106
5369.79802 19.381 0.112
5369.83715 19.381 0.097
5376.64342 19.343 0.101
5376.68434 19.254 0.091
5376.72327 19.583 0.129
5376.76164 19.365 0.095
5376.79979 19.311 0.092
5376.83779 19.317 0.117
5376.87570 19.265 0.139
5377.53253 19.201 0.086
5377.61531 19.446 0.106
5377.68338 19.396 0.076
5377.73228 19.349 0.077
5377.77532 19.290 0.077
5377.81304 19.491 0.092
5377.85124 19.352 0.094
5378.50743 19.345 0.074
5378.59115 19.302 0.060
5378.67974 19.590 0.073
5378.73717 19.552 0.064
5378.77521 19.565 0.068
5378.81371 19.278 0.064
5378.85362 19.335 0.089
5379.49253 19.140 0.080
5379.54292 19.215 0.070
5379.62778 19.444 0.073
5379.71475 19.494 0.078
5379.76800 19.607 0.079
5379.80587 19.417 0.086
5379.84395 19.516 0.119
5380.50396 19.208 0.088
5380.54183 19.445 0.080
5380.60997 19.270 0.071
5380.69704 19.475 0.070
5380.73771 19.282 0.067
5380.77570 19.416 0.076
5380.81381 19.469 0.126
5380.85182 19.582 0.177
5381.55133 19.405 0.086
5381.58882 19.242 0.121
5381.64761 19.485 0.134
5381.68883 19.612 0.120
5381.72684 19.322 0.136
5381.76510 19.239 0.116
5381.81191 19.577 0.144
5381.85004 19.610 0.150
5382.54006 19.191 0.100
5382.58445 19.394 0.116
5382.62738 19.679 0.161
5382.66870 19.697 0.136
5382.70870 19.263 0.093
5382.74672 19.390 0.110
5382.79147 19.192 0.100
5382.83524 19.315 0.129
5384.77655 19.743 0.158
5384.83042 19.800 0.215
5385.48601 19.184 0.068
5385.56783 19.365 0.054
5385.82457 19.465 0.064
5386.47137 19.220 0.072
5386.51232 19.307 0.082
5386.59441 19.342 0.077
5386.67881 19.365 0.088
5386.69340 19.629 0.077
5386.75774 19.402 0.060
5386.79717 19.362 0.060
5386.83912 19.532 0.077
5387.54229 19.345 0.060
5387.70166 19.330 0.056
5387.74007 19.355 0.054
5387.78094 19.435 0.068
5387.82430 19.389 0.074
5388.48187 19.208 0.081
5388.51975 19.370 0.076
5388.60697 19.483 0.062
5388.71428 19.625 0.095
5388.77874 19.456 0.085
5388.82186 19.721 0.131
5389.48092 19.065 0.093
5389.51901 19.289 0.077
5389.58280 19.299 0.065
5389.68797 19.426 0.070
5389.76995 19.425 0.085
5389.80914 19.416 0.081
5389.84885 19.494 0.119
5390.55224 19.307 0.089
5390.59805 19.286 0.083
5390.68362 19.408 0.108
5390.73374 19.373 0.068
5390.77159 19.477 0.069
5390.80932 19.189 0.063
5391.50341 19.409 0.112
5391.54329 19.615 0.161
5391.58069 19.330 0.071
5391.68997 19.477 0.077
5391.79519 19.440 0.088
5391.83291 19.494 0.093
5392.48054 19.488 0.113
5392.51842 19.420 0.086
5392.55840 19.391 0.084
5392.66483 19.484 0.086
5392.77277 19.231 0.066
5392.81045 19.284 0.072
5393.62584 19.412 0.110
5393.66530 19.500 0.119
5393.70364 19.542 0.124
5393.74395 19.378 0.132
5393.78714 19.501 0.119
5393.82489 19.302 0.115
5395.81959 19.613 0.128
5396.53925 19.357 0.137
5396.61444 19.292 0.080
5396.67674 19.505 0.087
5396.71132 19.301 0.068
5396.78392 19.405 0.075
5397.58911 19.601 0.177
5397.63894 19.536 0.162
5397.67716 19.584 0.140
5397.75945 19.299 0.115
5403.46859 19.372 0.089
5403.50605 19.461 0.077
5403.54329 19.313 0.075
5403.58119 19.454 0.084
5403.62248 19.269 0.073
5403.66107 19.513 0.087
5403.69886 19.556 0.090
5403.73969 19.438 0.091
5403.77763 19.456 0.134
5404.48139 19.137 0.062
5404.51927 19.437 0.080
5404.55706 19.344 0.082
5404.59546 19.174 0.080
5404.63807 19.390 0.080
5404.67763 19.326 0.082
5404.71652 19.330 0.086
5404.75603 19.421 0.084
5405.61518 19.736 0.162
5405.65446 19.491 0.110
5405.69439 19.225 0.079
5405.73214 19.388 0.098
5405.76964 19.189 0.067
5407.46912 18.979 0.092
5407.50893 19.398 0.097
5407.54698 19.426 0.100
5407.58557 19.471 0.131
5407.62598 19.360 0.115
5407.66428 19.661 0.148
5407.70320 19.598 0.131
5407.74127 19.332 0.090
5407.77912 19.302 0.101
5408.53345 19.465 0.125
5408.58081 19.306 0.092
5408.62107 19.663 0.121
5408.65885 19.341 0.100
5408.69756 19.453 0.105
5408.73548 19.581 0.121
5409.48339 19.313 0.076
5409.52464 19.414 0.083
5409.63052 19.455 0.067
5409.73753 19.560 0.092
5409.77530 19.421 0.092
5410.48760 19.345 0.085
5410.52575 19.584 0.098
5410.63405 19.292 0.073
5410.74121 19.229 0.079
5410.77966 19.366 0.080
5411.50219 19.366 0.071
5411.56261 19.357 0.053
5411.67075 19.394 0.055
5411.75471 19.669 0.109
5412.52586 19.328 0.086
5412.56424 19.337 0.099
5412.60429 19.232 0.082
5412.64250 19.552 0.116
5412.68572 19.493 0.091
5412.75993 19.538 0.131
5413.50550 19.245 0.068
5413.58947 19.483 0.075
5413.69734 19.376 0.068
5413.75771 19.332 0.087
5414.48593 19.309 0.062
5414.52371 19.277 0.054
5414.63346 19.332 0.051
5414.74428 19.551 0.076
5416.60258 19.592 0.136
5416.64851 19.313 0.085
5416.71133 19.258 0.084
5418.56710 19.587 0.071
5418.61134 19.393 0.068
5418.66636 19.629 0.086
5418.71298 19.280 0.063
5421.51990 19.282 0.076
5421.57924 19.286 0.065
5421.62530 19.409 0.098
5421.66812 19.561 0.104
5421.71387 19.392 0.083
5422.50304 19.348 0.080
5422.54714 19.393 0.060
5422.67101 19.323 0.058
5423.48481 19.375 0.058
5423.52670 19.373 0.061
5423.63145 19.429 0.083
5425.49374 19.333 0.071
5425.53490 19.494 0.076
5426.50217 19.426 0.133
5426.54122 19.343 0.101
5426.69245 19.286 0.141
5430.48809 19.424 0.104
5430.52796 19.385 0.086
5430.57277 19.529 0.117
5430.61196 19.320 0.079
5430.64999 19.391 0.093
5431.48913 19.395 0.089
5431.52859 19.321 0.080
5431.56791 19.332 0.090
5431.60942 19.624 0.107
5431.64702 19.651 0.128
5432.62497 19.145 0.089
5432.66786 19.516 0.142
5433.64261 19.439 0.146
5433.68790 19.343 0.106
5434.51978 19.408 0.101
5434.56411 19.373 0.086
5434.60709 19.328 0.076
5434.64957 19.480 0.087
5434.69192 19.390 0.088
5435.49131 19.493 0.104
5435.53426 19.329 0.080
5435.60094 19.456 0.082
5435.65450 19.480 0.079
5435.69515 19.259 0.071
5436.48905 19.428 0.084
5436.58794 19.588 0.112
5436.70222 19.264 0.079
5437.54348 19.527 0.074
5437.67452 19.519 0.086
5438.52437 19.584 0.126
5438.58967 19.457 0.097
5438.66411 19.354 0.064
5438.70172 19.602 0.085
5439.53852 19.402 0.111
5439.57994 19.384 0.099
5439.61773 19.504 0.115
5439.65574 19.387 0.087
5443.51020 19.453 0.104
5443.54815 19.389 0.100
5443.59418 19.431 0.113
5443.63190 19.351 0.083
5443.67557 19.432 0.087
5444.50522 19.333 0.080
5444.55674 19.540 0.098
5444.60840 19.393 0.085
5444.64649 19.360 0.072
5445.47994 19.462 0.076
5445.57781 19.472 0.081
5445.65392 19.221 0.059
5446.48436 19.264 0.075
5446.53549 19.384 0.076
5446.57596 19.336 0.087
5446.61466 19.398 0.067
5446.65451 19.488 0.072
5447.50309 19.421 0.059
5447.54567 19.448 0.084
5447.60957 19.438 0.075
5448.47688 19.435 0.121
5448.52169 19.441 0.094
5448.57578 19.580 0.107
5449.47806 19.576 0.134
5449.51640 19.394 0.100
5449.54740 19.374 0.081
5449.63100 19.365 0.077
5450.51916 19.472 0.131
5450.55667 19.416 0.108
5450.60533 19.442 0.106
5450.64523 19.477 0.123
5451.51756 19.449 0.137
5453.47936 19.474 0.172
5453.57908 19.356 0.080
5457.49756 19.439 0.062
5457.55542 19.375 0.057
5457.60267 19.324 0.071
5458.48793 19.210 0.085
5458.54409 19.720 0.181
5458.58704 19.524 0.094
5459.50555 19.447 0.119
5459.55310 19.390 0.075
5459.60219 19.199 0.058
5460.49357 19.608 0.143
5460.53955 19.521 0.158
5460.58883 19.475 0.173
5461.50030 19.788 0.186
5461.54994 19.544 0.165
5461.59229 19.352 0.099
5462.48145 19.381 0.126
5462.56161 19.423 0.093
5463.51429 19.399 0.088
5463.58864 19.412 0.090
5464.50646 19.302 0.082
5464.54846 19.365 0.098
5465.51157 19.757 0.148
5467.48474 19.438 0.109
5468.55427 19.341 0.110
5469.60908 19.349 0.076
5471.51898 19.487 0.098
5471.58741 19.568 0.090
5472.55311 19.599 0.119
5473.50276 19.492 0.122
5476.49398 19.559 0.106
5477.54097 19.406 0.101
5479.51016 19.150 0.086
5480.50540 19.399 0.104
5480.56912 19.225 0.076
5481.54163 19.413 0.174
5485.52189 19.542 0.110
5486.50831 19.317 0.101
5487.48807 19.297 0.088
5487.55171 19.317 0.078
5488.54165 19.796 0.123
5489.52979 19.747 0.171
5492.52986 19.229 0.119
5494.53507 19.162 0.099
5495.53897 19.610 0.115
5497.53649 19.391 0.091
5502.50494 19.302 0.100
5596.88300 19.256 0.120
5598.86658 19.413 0.080
5599.88228 19.394 0.092
5600.87289 19.450 0.079
5602.86580 19.489 0.136
5604.87399 19.315 0.094
5605.87209 19.135 0.053
5606.86981 19.242 0.073
5607.87413 19.162 0.069
5608.86902 19.449 0.115
5611.85343 19.225 0.120
5612.86865 19.124 0.078
5614.85410 19.361 0.087
5615.86240 19.272 0.074
5616.85545 19.562 0.124
5617.89305 19.219 0.169
5620.84350 19.424 0.097
5621.84632 19.483 0.077
5622.88386 19.413 0.059
5624.83899 19.359 0.068
5625.81814 19.291 0.086
5627.84239 19.392 0.076
5628.85312 19.293 0.068
5629.82132 19.113 0.076
5630.79875 19.382 0.088
5631.82599 19.554 0.149
5632.83379 19.348 0.074
5633.79102 19.242 0.065
5634.84588 19.274 0.080
5635.85443 19.443 0.111
5637.81433 19.265 0.138
5638.79322 19.128 0.087
5639.79236 19.395 0.093
5639.86791 19.359 0.067
5640.75719 19.428 0.143
5640.80005 19.328 0.091
5640.83847 19.130 0.086
5640.88704 19.280 0.067
5641.75339 19.436 0.101
5641.79393 19.102 0.069
5641.87350 19.390 0.080
5642.75971 19.286 0.097
5642.79525 19.417 0.080
5642.85426 19.272 0.078
5642.87555 19.390 0.088
5642.91762 19.507 0.184
5643.76977 19.309 0.092
5643.80805 19.489 0.093
5643.86780 19.325 0.063
5643.90903 19.341 0.078
5644.77750 19.532 0.125
5644.81821 19.265 0.099
5644.88878 19.395 0.084
5647.85410 19.400 0.113
5647.87432 19.280 0.101
5647.89028 19.333 0.131
5647.90867 19.223 0.125
5648.75937 19.586 0.103
5648.82479 19.373 0.066
5648.86693 19.368 0.067
5648.91234 19.471 0.108
5649.76579 19.309 0.073
5649.80777 19.377 0.060
5649.87219 19.447 0.067
5649.91052 19.580 0.090
5650.75758 19.339 0.067
5650.82012 19.453 0.066
5650.86416 19.436 0.071
5650.91305 19.282 0.066
5651.77820 19.217 0.063
5651.82124 19.576 0.086
5651.89761 19.307 0.064
5652.75827 19.428 0.070
5652.82157 19.339 0.054
5652.86347 19.349 0.059
5653.78688 19.581 0.071
5653.91731 19.322 0.055
5654.79207 19.558 0.090
5654.83832 19.432 0.076
5654.88247 19.454 0.072
5655.74053 19.441 0.087
5655.77963 19.335 0.073
5655.81757 19.273 0.068
5655.85848 19.445 0.068
5655.90874 19.397 0.070
5656.80003 19.466 0.075
5656.84090 19.414 0.054
5656.92754 19.752 0.186
5657.78882 19.341 0.060
5657.82978 19.485 0.058
5657.87526 19.407 0.059
5657.91965 19.473 0.075
5658.78567 19.390 0.094
5658.84269 19.398 0.069
5658.88113 19.501 0.095
5658.92222 19.079 0.088
5659.73734 19.374 0.062
5659.77496 19.389 0.070
5659.81425 19.510 0.086
5659.85707 19.384 0.095
5659.90471 19.416 0.067
5660.74125 19.224 0.062
5660.78577 19.648 0.100
5660.82747 19.379 0.067
5660.89911 19.552 0.093
5662.73635 19.178 0.072
5662.77677 19.382 0.091
5662.83783 19.214 0.070
5662.87652 19.269 0.062
5662.91790 19.380 0.068
5664.73775 19.401 0.124
5664.78313 19.314 0.083
5664.84330 19.185 0.073
5664.88352 19.832 0.161
5664.92618 19.215 0.089
5665.75020 19.212 0.078
5665.79590 19.343 0.070
5665.86011 19.319 0.068
5665.90778 19.424 0.066
5667.73539 19.375 0.073
5667.74696 19.263 0.065
5667.78800 19.289 0.063
5667.83973 19.505 0.072
5667.89424 19.387 0.061
5668.72180 19.524 0.108
5668.77893 19.495 0.096
5668.90042 19.388 0.097
5669.74088 19.323 0.085
5669.78899 19.365 0.069
5669.83802 19.381 0.064
5669.88983 19.472 0.080
5670.72300 19.309 0.081
5670.76346 19.602 0.098
5670.82667 19.250 0.083
5670.86753 19.449 0.070
5670.90893 19.588 0.094
5671.74492 19.372 0.082
5675.70877 19.459 0.079
5675.74723 19.392 0.082
5675.78510 19.325 0.073
5675.82592 19.362 0.083
5675.89535 19.498 0.096
5676.67328 19.396 0.059
5676.71178 19.461 0.044
5676.75092 19.400 0.048
5676.79053 19.519 0.076
5676.85509 19.374 0.062
5676.90116 19.345 0.052
5677.70266 19.412 0.078
5677.74804 19.437 0.062
5677.78940 19.387 0.072
5677.83956 19.575 0.091
5677.89192 19.360 0.055
5679.67054 19.432 0.096
5679.71117 19.420 0.069
5679.75259 19.300 0.062
5679.80469 19.348 0.078
5679.85574 19.498 0.070
5679.89604 19.308 0.059
5680.65814 19.279 0.096
5680.69716 19.600 0.131
5680.73589 19.518 0.093
5680.78538 19.491 0.094
5680.83828 19.378 0.066
5680.88220 19.460 0.064
5680.92247 19.375 0.076
5681.68763 19.328 0.078
5681.72579 19.218 0.063
5681.76555 19.259 0.060
5681.82818 19.507 0.077
5681.87284 19.360 0.082
5681.91280 19.616 0.083
5682.67483 19.262 0.075
5682.71667 19.310 0.069
5682.76427 19.324 0.062
5682.81605 19.556 0.081
5682.89627 19.406 0.069
5682.93526 19.439 0.110
5683.69740 19.374 0.068
5683.76810 19.451 0.069
5683.81659 19.329 0.049
5683.87736 19.502 0.067
5683.91920 19.588 0.072
5684.67954 19.346 0.066
5684.72990 19.366 0.066
5684.78077 19.339 0.062
5684.83288 19.485 0.074
5684.89143 19.347 0.063
5684.93169 19.433 0.098
5685.76721 19.368 0.056
5685.80617 19.355 0.049
5685.85846 19.362 0.049
5685.90251 19.349 0.054
5686.65493 19.135 0.077
5686.71689 19.309 0.058
5686.76227 19.387 0.056
5686.81312 19.412 0.058
5686.86332 19.636 0.112
5686.90259 19.653 0.111
5687.65627 19.296 0.096
5687.70054 19.297 0.097
5687.75239 19.362 0.072
5687.79439 19.521 0.077
5687.84665 19.529 0.074
5688.92715 19.614 0.120
5689.69914 19.822 0.088
5689.77396 19.295 0.059
5689.81392 19.533 0.059
5690.64204 19.504 0.095
5690.69222 19.503 0.075
5690.74899 19.233 0.090
5690.79350 19.246 0.067
5690.83973 19.290 0.095
5690.90565 19.637 0.140
5691.66042 19.314 0.076
5691.73135 19.512 0.073
5691.77440 19.359 0.075
5691.82390 19.518 0.076
5691.86388 19.251 0.064
5691.93170 19.170 0.101
5692.66330 19.378 0.089
5692.71875 19.417 0.074
5692.76599 19.430 0.066
5692.80577 19.452 0.080
5692.84470 19.389 0.065
5692.88312 19.700 0.102
5692.92071 19.466 0.085
5693.63376 19.471 0.092
5693.68232 19.368 0.061
5693.75176 19.397 0.058
5693.78953 19.322 0.049
5693.82878 19.416 0.061
5693.86640 19.230 0.059
5693.90433 19.491 0.081
5694.61526 19.321 0.086
5694.64583 19.326 0.082
5694.68375 19.375 0.072
5694.75001 19.378 0.070
5694.79820 19.407 0.067
5694.83701 19.455 0.064
5694.87435 19.209 0.069
5694.91202 19.211 0.068
5695.61911 19.462 0.104
5695.65752 19.433 0.089
5695.73846 19.427 0.091
5695.79419 19.281 0.056
5695.83846 19.559 0.069
5695.87643 19.426 0.064
5695.91398 19.410 0.064
5696.61066 19.212 0.096
5696.64395 19.426 0.094
5696.69353 19.411 0.085
5696.74110 19.454 0.072
5696.78060 19.234 0.069
5696.82454 19.468 0.072
5696.86597 19.440 0.082
5696.92448 19.562 0.095
5697.61397 19.243 0.090
5697.66135 19.215 0.065
5697.70891 19.501 0.081
5697.74758 19.614 0.099
5697.78979 19.333 0.066
5697.82885 19.375 0.062
5697.86913 19.380 0.070
5697.91112 19.299 0.065
5698.60653 19.342 0.125
5698.64388 19.674 0.144
5698.69456 19.386 0.102
5698.73456 19.317 0.090
5698.77272 19.381 0.102
5698.81504 19.517 0.086
5698.85335 19.531 0.087
5698.89326 19.373 0.106
5698.93771 19.520 0.156
5702.91628 19.405 0.189
5703.68423 19.570 0.148
5703.71540 19.230 0.120
5703.76306 19.237 0.095
5703.83290 19.539 0.136
5705.71109 19.461 0.122
5705.75341 19.741 0.140
5705.79784 19.399 0.135
5705.85517 19.262 0.083
5705.90186 19.906 0.190
5706.64489 19.154 0.107
5706.74042 19.253 0.106
5706.79215 19.444 0.105
5706.85788 19.504 0.127
5707.59019 19.287 0.081
5707.62834 19.320 0.079
5707.68487 19.328 0.075
5707.72301 19.174 0.073
5707.76219 19.483 0.069
5707.80259 19.380 0.065
5707.84201 19.349 0.060
5707.88177 19.261 0.081
5707.92872 19.473 0.113
5708.60774 19.394 0.086
5708.66375 19.471 0.083
5708.71415 19.309 0.083
5708.75227 19.537 0.105
5708.80310 19.650 0.121
5708.84675 19.791 0.169
5708.89773 19.737 0.204
5709.58293 19.390 0.099
5709.63589 19.424 0.093
5709.79148 19.250 0.065
5711.69433 19.399 0.079
5712.59558 19.104 0.094
5712.67030 19.418 0.074
5712.68291 19.413 0.075
5712.72204 19.402 0.063
5712.76370 19.433 0.058
5712.80459 19.643 0.079
5712.84401 19.420 0.071
5712.91972 19.348 0.096
5713.77267 19.523 0.065
5713.81935 19.279 0.059
5713.85994 19.542 0.088
5714.59972 19.429 0.126
5714.61415 19.468 0.103
5714.69041 19.483 0.082
5715.56849 19.149 0.062
5715.61986 19.325 0.065
5715.67189 19.531 0.070
5715.71371 19.319 0.061
5715.76330 19.241 0.060
5715.80490 19.315 0.058
5715.84708 19.289 0.062
5715.90333 19.378 0.096
5716.59011 19.141 0.093
5716.60278 19.143 0.071
5716.61749 19.391 0.090
5716.63012 19.313 0.079
5716.69053 19.381 0.090
5716.74396 19.707 0.088
5716.78764 19.396 0.073
5716.82674 19.696 0.112
5716.86750 19.633 0.110
5716.91458 19.455 0.115
5721.63287 19.420 0.082
5721.71115 19.591 0.097
5721.77948 19.623 0.087
5721.81865 19.281 0.065
5721.87072 19.315 0.082
5721.91186 19.578 0.154
5722.60419 19.465 0.097
5722.61779 19.359 0.073
5722.65860 19.235 0.058
5722.67219 19.386 0.067
5722.71336 19.425 0.075
5722.77840 19.492 0.070
5722.81794 19.354 0.074
5723.56043 19.439 0.102
5723.60845 19.336 0.071
5723.65587 19.391 0.080
5723.69651 19.364 0.080
5723.73755 19.446 0.073
5723.77598 19.459 0.078
5723.81497 19.294 0.055
5723.85464 19.200 0.068
5724.55529 19.150 0.133
5724.55801 19.412 0.155
5724.62411 19.333 0.108
5724.63661 19.473 0.129
5724.67469 19.497 0.101
5724.68875 19.565 0.111
5724.73769 19.392 0.081
5724.78625 19.535 0.101
5724.82695 19.392 0.084
5725.57789 19.335 0.065
5725.59134 19.416 0.063
5725.60480 19.318 0.062
5725.64540 19.296 0.071
5725.65968 19.370 0.067
5725.71214 19.419 0.059
5725.75180 19.411 0.067
5725.79156 19.229 0.061
5726.55577 19.477 0.120
5726.60062 19.409 0.106
5726.63848 19.355 0.082
5726.68598 19.324 0.068
5726.72702 19.394 0.153
5726.76633 19.764 0.190
5726.81124 19.386 0.096
5734.65990 19.290 0.122
5734.70281 19.468 0.150
5734.75098 19.391 0.132
5734.79412 19.181 0.080
5734.84283 19.568 0.141
5734.88749 19.681 0.171
5735.67794 19.503 0.125
5735.74273 19.272 0.073
5735.78952 19.542 0.094
5735.83593 19.657 0.117
5735.88057 19.638 0.150
5736.53867 19.457 0.084
5736.57665 19.389 0.078
5736.61881 19.246 0.046
5736.66244 19.393 0.052
5736.70412 19.299 0.048
5736.78418 19.399 0.059
5736.83121 19.420 0.064
5736.87935 19.279 0.073
5737.52189 19.460 0.100
5737.55998 19.165 0.058
5737.61327 19.274 0.054
5737.65583 19.269 0.055
5737.70995 19.590 0.065
5737.75077 19.469 0.061
5737.78991 19.366 0.062
5737.83704 19.238 0.058
5737.87789 19.649 0.093
5738.58937 19.315 0.068
5738.63018 19.297 0.058
5738.69745 19.379 0.058
5738.73697 19.395 0.057
5739.50291 19.120 0.085
5739.52815 19.149 0.069
5739.56641 19.292 0.084
5739.60700 19.290 0.070
5739.65571 19.369 0.062
5739.71364 19.517 0.086
5739.75201 19.535 0.071
5739.79077 19.571 0.084
5739.84561 19.329 0.075
5740.49851 19.366 0.117
5740.54605 19.367 0.108
5740.58714 19.398 0.109
5740.64695 19.433 0.083
5740.71061 19.568 0.087
5740.75014 19.313 0.064
5740.79500 19.361 0.072
5740.83405 19.387 0.095
5740.88146 19.533 0.122
5741.52090 19.430 0.092
5741.56014 19.219 0.068
5741.60432 19.263 0.062
5741.64217 19.422 0.082
5741.70324 19.454 0.083
5741.74230 19.292 0.063
5741.78325 19.395 0.065
5741.82151 19.552 0.083
5741.85949 19.367 0.062
5742.49241 19.064 0.085
5742.53507 19.195 0.069
5742.57743 19.373 0.075
5742.61541 19.453 0.070
5742.67719 19.286 0.054
5742.71602 19.301 0.054
5742.75457 19.419 0.054
5742.79283 19.446 0.062
5742.83084 19.391 0.056
5742.87111 19.497 0.080
5743.62700 19.415 0.095
5743.66677 19.391 0.075
5743.72777 19.323 0.083
5743.76595 19.339 0.081
5743.80401 19.527 0.096
5743.84162 19.690 0.137
5744.52366 19.429 0.120
5744.56204 19.366 0.099
5744.60021 19.318 0.094
5744.64869 19.395 0.067
5744.72702 19.434 0.080
5744.77703 19.490 0.078
5744.81875 19.434 0.085
5744.86393 19.507 0.126
5745.51240 19.261 0.084
5745.55858 19.402 0.084
5745.59933 19.271 0.099
5745.63848 19.355 0.077
5745.69903 19.359 0.060
5745.73706 19.424 0.075
5745.77524 19.431 0.089
5745.81315 19.492 0.102
5745.86620 19.184 0.096
5746.56985 19.488 0.112
5746.60960 19.367 0.078
5746.65031 19.779 0.114
5746.71630 19.435 0.089
5746.75409 19.304 0.081
5746.79646 19.408 0.106
5746.84220 19.701 0.149
5747.61270 19.431 0.125
5747.65754 19.385 0.091
5747.70282 19.395 0.108
5747.74655 19.847 0.171
5747.81288 19.116 0.101
5748.63036 19.308 0.061
5748.68773 19.308 0.090
5749.52556 19.167 0.108
5749.56352 19.530 0.098
5749.60289 19.231 0.069
5749.65221 19.572 0.105
5749.69186 19.251 0.092
5749.73014 19.377 0.093
5749.76853 19.419 0.096
5749.80781 19.212 0.092
5752.56993 19.299 0.127
5753.60372 19.409 0.118
5753.76804 19.637 0.197
5754.59632 19.211 0.185
5759.83091 19.318 0.114
5760.49079 19.236 0.126
5760.53242 19.310 0.098
5760.58501 19.406 0.091
5760.64122 19.296 0.087
5760.68460 19.482 0.092
5760.73586 19.580 0.100
5760.77413 19.635 0.104
5760.81180 19.089 0.074
5761.50523 19.353 0.056
5761.61432 19.213 0.070
5762.51181 19.367 0.082
5762.55010 19.441 0.086
5762.59176 19.448 0.074
5762.63012 19.451 0.097
5762.66987 19.331 0.081
5762.70609 19.516 0.103
5762.74796 19.195 0.106
5762.76747 19.469 0.142
5763.50213 19.335 0.071
5763.54613 19.394 0.056
5763.58777 19.284 0.052
5763.64468 19.291 0.067
5763.68653 19.441 0.092
5763.73411 19.342 0.088
5763.77207 19.687 0.140
5763.81093 19.779 0.157
5764.50997 19.350 0.068
5764.54980 19.336 0.064
5764.59039 19.474 0.071
5764.63860 19.423 0.081
5764.68762 19.495 0.073
5764.73324 19.478 0.065
5765.46895 19.268 0.076
5765.50896 19.455 0.084
5765.55186 19.368 0.067
5765.61589 19.273 0.054
5765.66089 19.421 0.070
5765.70511 19.502 0.080
5765.75102 19.189 0.073
5766.48134 19.142 0.068
5766.52026 19.254 0.067
5766.58469 19.523 0.079
5766.62454 19.439 0.065
5766.66525 19.524 0.068
5766.70645 19.577 0.083
5766.75013 19.562 0.100
5767.49850 19.432 0.104
5767.54409 19.438 0.089
5767.58743 19.458 0.078
5767.65534 19.379 0.077
5767.71128 19.411 0.080
5767.75202 19.417 0.106
5767.79360 19.389 0.107
5768.48818 19.416 0.079
5768.52804 19.268 0.064
5768.58856 19.549 0.073
5768.63540 19.361 0.060
5768.68002 19.444 0.064
5768.72693 19.468 0.065
5768.76770 19.531 0.084
5769.47238 19.158 0.074
5769.51182 19.596 0.089
5769.56577 19.404 0.067
5769.62357 19.415 0.075
5769.67672 19.453 0.069
5769.72564 19.503 0.084
5769.76784 19.644 0.103
5770.66880 19.272 0.084
5770.75276 19.796 0.125
5775.59508 19.304 0.099
5775.63783 19.567 0.119
5776.53895 19.483 0.140
5776.60617 19.639 0.134
5776.64721 19.477 0.094
5776.72187 19.928 0.202
5777.47873 19.196 0.064
5777.52324 19.270 0.054
5777.57529 19.422 0.065
5777.65570 19.360 0.062
5777.70580 19.477 0.065
5777.77061 19.387 0.077
5778.50347 19.605 0.144
5778.55991 19.389 0.097
5778.60823 19.332 0.098
5779.59828 19.320 0.069
5779.64221 19.331 0.063
5779.69674 19.464 0.085
5779.74132 19.550 0.086
5784.51576 19.344 0.116
5784.60166 19.615 0.115
5784.71899 19.299 0.131
5785.51857 19.449 0.119
5785.57893 19.172 0.090
5785.62547 19.250 0.097
5785.66781 19.392 0.092
5785.70968 19.348 0.105
5786.56907 19.176 0.095
5786.61350 19.229 0.095
5786.65613 19.189 0.085
5786.71147 19.472 0.105
5787.47664 19.231 0.080
5787.54777 19.336 0.069
5787.58987 19.426 0.072
5787.63530 19.418 0.066
5787.67424 19.264 0.074
5787.71993 19.501 0.099
5788.49178 19.502 0.104
5788.55544 19.760 0.135
5788.59501 19.274 0.073
5788.63580 19.154 0.073
5788.67656 19.489 0.111
5788.72032 19.253 0.107
5790.47339 19.565 0.130
5790.52083 19.913 0.157
5790.57293 19.323 0.097
5790.61463 19.366 0.103
5790.65532 19.325 0.081
5790.69550 19.564 0.099
5790.73371 19.422 0.096
5791.51159 19.305 0.089
5791.61361 19.460 0.084
5793.51488 19.412 0.075
5793.56800 19.348 0.082
5793.61028 19.589 0.093
5793.64884 19.310 0.085
5793.68782 19.415 0.087
5793.73204 19.330 0.108
5794.50655 19.550 0.113
5794.57380 19.570 0.097
5794.61493 19.338 0.092
5794.65684 19.304 0.081
5794.70368 19.313 0.069
5795.56710 19.839 0.182
5795.62848 19.391 0.103
5795.71021 19.754 0.127
5796.47671 19.282 0.075
5796.52798 19.465 0.082
5796.59666 19.574 0.098
5796.63561 19.407 0.075
5796.67693 19.365 0.093
5796.71892 19.380 0.140
5799.49139 19.269 0.084
5801.53186 19.433 0.106
5801.57112 19.338 0.087
5801.60924 19.482 0.110
5801.65050 19.351 0.085
5801.69056 19.418 0.104
5802.56221 19.344 0.094
5802.64196 19.274 0.098
5803.53585 19.272 0.084
5804.47911 19.328 0.071
5804.54326 19.595 0.106
5804.58374 19.430 0.082
5804.62153 19.529 0.083
5804.66078 19.890 0.169
5805.49072 19.304 0.051
5805.54398 19.500 0.076
5805.58197 19.544 0.078
5805.62533 19.392 0.079
5805.68106 19.484 0.111
5806.53929 19.609 0.121
5806.62422 19.486 0.092
5807.57912 19.294 0.105
5807.62172 19.270 0.075
5807.65949 19.865 0.193
5812.52308 19.217 0.107
5812.56324 19.485 0.139
5812.60391 19.561 0.129
5812.64504 19.572 0.134
5813.47445 19.216 0.107
5813.53634 19.497 0.091
5813.57655 19.261 0.065
5813.61442 19.423 0.072
5813.65226 19.385 0.080
5815.51759 19.476 0.079
5815.55600 19.321 0.065
5815.60325 19.515 0.079
5815.64101 19.445 0.070
5816.47785 19.345 0.080
5816.53619 19.417 0.092
5816.57436 19.480 0.097
5816.61271 19.329 0.089
5817.48059 19.361 0.071
5817.53743 19.469 0.079
5817.57537 19.576 0.116
5817.61444 19.524 0.113
5817.65518 19.699 0.148
5818.51889 19.670 0.118
5818.55697 19.262 0.081
5818.59533 19.636 0.126
5818.63702 19.487 0.134
5819.51848 19.463 0.074
5819.56532 19.255 0.077
5819.60302 19.305 0.076
5819.64289 19.533 0.092
5820.49619 19.455 0.150
5820.54329 19.267 0.077
5820.58098 19.349 0.082
5820.61886 19.301 0.089
5820.65515 19.366 0.115
5822.53829 19.340 0.098
5822.58327 19.503 0.095
5822.62693 19.287 0.088
5823.51499 19.510 0.150
5823.55834 19.450 0.119
5823.60195 19.616 0.113
5824.48243 19.263 0.113
5824.53891 19.660 0.096
5824.57947 19.440 0.083
5824.61942 19.627 0.119
5825.49896 19.355 0.108
5825.55693 19.928 0.143
5825.59542 19.221 0.067
5826.47982 19.743 0.175
5826.51969 19.453 0.113
5826.56719 19.304 0.084
5826.60633 19.665 0.150
5827.50616 19.278 0.120
5827.54414 19.575 0.141
5827.58662 19.450 0.113
5827.62418 19.849 0.162
5828.51939 19.504 0.083
5828.55737 19.294 0.066
5828.59493 19.496 0.090
5829.48130 19.372 0.128
5829.53033 19.501 0.084
5829.56802 19.562 0.076
5829.60629 19.289 0.064
5830.50525 19.360 0.068
5830.54340 19.623 0.081
5830.58109 19.449 0.091
5831.48356 19.405 0.080
5831.54210 19.426 0.085
5831.57954 19.324 0.070
5831.61523 19.328 0.093
5832.52553 19.397 0.067
5832.56513 19.396 0.080
5832.60339 19.614 0.120
5833.52341 19.357 0.067
5833.56297 19.441 0.073
5833.60090 19.771 0.126
5834.52262 19.351 0.062
5834.56036 19.399 0.070
5834.59652 19.265 0.067
5835.54378 19.831 0.175
5836.50619 19.339 0.112
5836.53940 19.179 0.087
5836.57125 19.192 0.098
5839.49969 19.110 0.099
5839.53815 19.509 0.157
5839.57593 19.376 0.134
5840.48092 19.349 0.192
5840.52995 19.196 0.079
5840.58240 19.299 0.080
5841.48342 19.400 0.187
5841.52414 19.489 0.138
5841.56745 19.039 0.077
5841.60347 19.610 0.138
5842.52542 19.470 0.161
5842.57415 19.603 0.157
5843.48343 19.393 0.146
5843.52715 19.234 0.087
5843.56764 19.612 0.141
5843.60866 19.805 0.188
5844.51206 19.301 0.088
5844.55099 19.442 0.110
5844.59057 19.449 0.169
5845.51150 19.121 0.088
5845.55196 19.574 0.135
5845.59220 19.571 0.174
5846.51515 19.428 0.140
5846.55392 19.402 0.135
5847.54211 19.322 0.161
5850.52619 19.474 0.088
5850.56463 19.594 0.100
5851.51518 19.265 0.080
5851.55294 19.373 0.088
5852.50374 19.923 0.219
5854.50767 19.887 0.191
5854.54864 19.691 0.148
5855.53542 19.334 0.100
5856.49170 19.735 0.211
5856.53996 19.707 0.178
5857.50897 19.162 0.116
5858.50990 19.477 0.182
5859.50639 19.942 0.204
5859.54236 19.533 0.132
5860.52187 19.119 0.084
5862.52305 19.894 0.162
5866.50624 19.507 0.176
5866.53156 19.779 0.267
5867.50941 19.527 0.110
5868.50891 19.226 0.111
5868.51075 19.613 0.154
5870.50631 19.575 0.099
5872.50546 19.164 0.090
5873.50665 19.411 0.119
5875.50149 19.382 0.216
5970.87416 19.566 0.106
5971.87552 19.276 0.066
5972.89038 19.337 0.081
5976.87959 19.287 0.065
5977.84068 19.310 0.084
5977.87709 19.249 0.072
5978.84281 19.467 0.098
5978.88738 19.208 0.066
5979.84083 19.292 0.097
5979.87930 19.795 0.174
5980.86069 19.457 0.110
5982.82192 19.867 0.186
5982.86526 19.445 0.109
5983.82663 19.742 0.135
5983.85698 19.208 0.054
5983.90464 19.416 0.086
5984.83918 19.305 0.066
5984.88649 19.584 0.072
5985.82480 19.473 0.111
5985.86141 19.055 0.057
5986.81898 19.481 0.102
5986.83946 19.399 0.081
5986.88739 19.286 0.058
5987.81768 19.322 0.102
5987.85423 19.415 0.076
5987.90420 19.386 0.090
5988.83329 19.131 0.075
5988.88059 19.484 0.066
5989.81080 19.480 0.097
5989.84089 19.488 0.093
5989.88271 19.415 0.094
5990.80914 19.435 0.126
5990.84689 19.400 0.073
5990.88832 19.585 0.079
5991.82197 19.192 0.067
5991.86235 19.267 0.060
5992.81626 19.185 0.071
5992.83896 19.280 0.063
5992.88102 19.545 0.072
5993.80682 19.259 0.095
5993.84601 19.484 0.098
5993.88913 19.249 0.065
5994.80833 19.409 0.096
5994.84009 19.332 0.068
5994.89100 19.274 0.065
5995.80026 19.296 0.069
5995.81978 19.272 0.064
5995.86538 19.365 0.063
5995.90355 19.710 0.101
5996.80799 19.492 0.082
5996.84557 19.155 0.053
5996.89231 19.351 0.051
5997.80140 19.385 0.088
5997.84010 19.402 0.076
5997.88773 19.366 0.065
5998.78829 19.545 0.108
5998.81628 19.329 0.068
5998.86786 19.424 0.068
5998.90558 19.637 0.076
5999.80014 19.316 0.080
5999.84871 19.372 0.071
5999.88691 19.291 0.062
6002.90828 19.397 0.111
6003.86512 19.244 0.078
6004.76562 19.094 0.081
6004.79780 19.265 0.073
6004.85567 19.476 0.080
6004.89329 19.426 0.063
6005.76106 19.495 0.092
6005.80211 19.292 0.067
6005.85067 19.559 0.082
6005.90745 19.421 0.049
6006.77282 19.384 0.073
6006.82567 19.465 0.061
6006.87661 19.500 0.073
6006.91430 19.584 0.078
6007.77865 19.272 0.060
6007.82556 19.344 0.061
6007.87380 19.389 0.062
6007.91142 19.442 0.060
6008.77040 19.446 0.087
6008.81776 19.377 0.074
6008.86704 19.388 0.069
6008.90452 19.395 0.076
6009.76404 19.483 0.081
6009.80647 19.454 0.063
6009.85489 19.488 0.063
6009.89228 19.345 0.055
6010.74766 19.334 0.078
6010.77623 19.276 0.061
6010.82519 19.384 0.063
6010.87442 19.514 0.054
6010.91268 19.347 0.049
6011.76232 19.258 0.076
6011.82280 19.370 0.089
6011.88025 19.533 0.094
6011.91842 19.417 0.101
6012.76641 19.366 0.075
6012.80709 19.406 0.064
6012.86542 19.532 0.058
6012.90328 19.418 0.043
6013.76222 19.430 0.077
6013.80100 19.439 0.064
6013.86247 19.188 0.055
6013.90372 19.367 0.057
6014.73844 19.142 0.068
6014.77731 19.318 0.059
6014.83668 19.495 0.081
6014.87611 19.456 0.084
6014.91577 19.445 0.099
6015.75527 19.441 0.066
6015.79413 19.406 0.052
6015.83258 19.433 0.050
6015.88279 19.476 0.055
6015.92417 19.512 0.131
6016.73174 19.301 0.062
6016.74823 19.314 0.056
6016.76556 19.445 0.062
6016.78801 19.531 0.070
6016.80590 19.296 0.054
6016.82810 19.264 0.050
6016.86864 19.496 0.058
6016.89144 19.429 0.054
6016.90904 19.422 0.050
6017.74087 19.279 0.057
6017.77901 19.334 0.048
6017.81729 19.382 0.048
6017.87575 19.522 0.054
6017.91628 19.247 0.046
6018.76737 19.451 0.093
6018.80623 19.554 0.115
6018.84614 19.440 0.056
6018.91145 19.518 0.051
6019.74293 19.319 0.087
6019.78233 19.279 0.065
6019.83957 19.421 0.059
6019.87738 19.433 0.047
6019.91731 19.438 0.059
6020.72641 19.356 0.075
6020.76493 19.428 0.070
6020.82107 19.330 0.049
6020.85989 19.422 0.052
6021.71580 19.368 0.135
6021.74769 19.333 0.077
6021.78668 19.370 0.072
6021.82534 19.403 0.054
6021.88371 19.542 0.068
6021.92413 19.645 0.101
6022.73524 19.446 0.084
6022.77350 19.478 0.069
6022.81176 19.384 0.059
6022.86925 19.305 0.058
6022.91150 19.528 0.082
6023.72925 19.386 0.092
6023.76915 19.610 0.080
6023.80975 19.388 0.069
6023.84988 19.425 0.068
6023.91438 19.307 0.064
6024.72276 19.327 0.092
6024.76373 19.429 0.092
6024.82430 19.426 0.065
6024.86486 19.608 0.075
6024.91513 19.481 0.088
6025.71246 19.671 0.152
6025.75294 19.571 0.116
6025.79276 19.466 0.106
6025.84599 19.539 0.109
6025.89826 19.492 0.089
6026.72649 19.622 0.244
6029.84336 19.413 0.080
6031.76593 19.372 0.080
6031.80537 19.419 0.066
6031.84633 19.359 0.063
6031.88712 19.736 0.129
6032.68226 19.215 0.087
6032.72227 19.498 0.075
6032.77012 19.373 0.058
6032.81855 19.457 0.065
6032.85888 19.574 0.077
6032.90264 19.550 0.064
6033.69432 19.502 0.106
6033.74105 19.372 0.082
6033.78266 19.231 0.074
6033.85370 19.416 0.057
6033.89528 19.309 0.065
6034.69016 19.427 0.075
6034.73683 19.341 0.060
6034.78258 19.397 0.051
6034.83670 19.313 0.059
6034.92494 19.544 0.093
6035.86873 19.610 0.081
6035.93324 19.328 0.128
6036.72726 19.346 0.055
6036.77127 19.341 0.052
6036.84763 19.451 0.048
6036.90208 19.439 0.061
6037.71314 19.439 0.098
6037.75375 19.409 0.089
6037.79745 19.474 0.074
6037.86857 19.334 0.051
6037.90907 19.358 0.081
6038.72205 19.478 0.100
6038.76365 19.389 0.081
6038.82889 19.373 0.057
6038.87399 19.447 0.061
6038.92461 19.491 0.078
6039.74515 19.357 0.111
6039.79139 19.817 0.132
6039.85155 19.308 0.064
6039.89597 19.423 0.068
6039.93423 19.476 0.131
6040.76246 19.744 0.126
6040.80438 19.314 0.067
6040.86744 19.392 0.070
6040.90860 19.268 0.061
6041.71043 19.567 0.108
6041.75518 19.138 0.077
6041.79937 19.271 0.059
6041.86114 19.612 0.072
6041.90146 19.344 0.059
6045.89599 19.379 0.060
6045.93363 19.418 0.091
6046.90722 19.413 0.065
6047.68024 19.663 0.118
6047.71939 19.373 0.076
6047.75889 19.487 0.063
6047.79846 19.426 0.060
6047.87159 19.285 0.067
6047.91292 19.461 0.077
6048.69668 19.233 0.062
6048.73697 19.458 0.067
6048.79804 19.424 0.065
6048.84251 19.530 0.069
6048.88578 19.425 0.066
6048.92687 19.479 0.068
6049.70535 19.459 0.070
6049.75900 19.473 0.054
6049.81760 19.444 0.051
6049.85826 19.430 0.066
6049.89941 19.284 0.057
6050.65752 19.418 0.111
6050.69470 19.479 0.098
6050.73381 19.314 0.072
6050.80417 19.483 0.075
6050.84407 19.443 0.078
6050.88294 19.437 0.075
6050.92167 19.318 0.075
6051.66384 19.370 0.088
6051.75317 19.340 0.058
6052.67908 19.465 0.106
6052.72702 19.534 0.091
6052.77522 19.271 0.065
6052.81431 19.449 0.080
6052.85526 19.484 0.074
6052.89405 19.255 0.060
6052.93259 19.400 0.078
6053.67070 19.521 0.112
6053.71074 19.428 0.087
6053.75822 19.435 0.072
6053.80613 19.541 0.069
6053.86151 19.252 0.061
6053.90247 19.642 0.102
6054.86568 19.266 0.064
6054.89883 19.499 0.085
6057.87757 19.392 0.071
6057.92556 19.295 0.084
6058.67735 19.519 0.134
6058.71736 19.473 0.091
6058.75670 19.348 0.062
6058.80075 19.245 0.056
6058.84740 19.398 0.078
6058.88903 19.291 0.059
6058.92752 19.671 0.111
6059.69487 19.372 0.084
6059.73350 19.221 0.068
6059.77195 19.304 0.062
6059.83210 19.498 0.066
6059.87092 19.439 0.061
6059.90980 19.483 0.070
6060.77757 19.179 0.055
6061.67136 18.653 0.047
6061.71025 18.868 0.055
6061.76032 18.660 0.030
6061.81087 18.714 0.040
6061.84978 18.671 0.035
6061.88803 18.729 0.047
6061.92659 18.847 0.050
6062.66592 18.712 0.046
6062.70876 18.620 0.043
6062.74778 18.849 0.052
6062.79739 18.750 0.043
6062.84857 18.844 0.042
6062.88687 18.855 0.041
6062.92486 18.900 0.051
6063.77661 18.940 0.068
6063.81772 18.826 0.049
6063.86631 19.034 0.070
6063.91355 18.922 0.047
6064.66419 18.963 0.048
6064.74033 18.866 0.031
6064.80205 18.958 0.036
6064.84378 18.944 0.041
6064.88627 18.902 0.045
6064.92472 18.823 0.045
6065.63522 18.996 0.055
6065.67336 19.092 0.052
6065.71186 19.025 0.042
6065.77260 18.888 0.035
6065.81399 18.912 0.048
6065.86111 19.160 0.054
6066.63767 18.917 0.051
6066.67561 18.963 0.044
6066.71363 18.921 0.040
6066.76403 18.976 0.034
6066.81805 19.074 0.050
6066.85866 19.158 0.053
6066.89888 18.946 0.042
6066.93706 18.927 0.041
6067.62193 18.997 0.049
6067.66257 19.074 0.051
6067.70065 19.012 0.043
6067.74958 19.050 0.038
6067.80084 19.175 0.054
6067.83976 18.979 0.040
6067.87863 19.086 0.049
6067.91644 19.059 0.044
6068.61679 19.229 0.069
6068.66578 19.197 0.053
6068.71252 19.056 0.046
6068.76468 19.020 0.041
6068.84041 19.103 0.040
6068.88516 19.074 0.039
6068.93185 19.062 0.044
6069.60450 19.091 0.060
6069.66499 19.222 0.059
6069.70489 19.043 0.039
6069.74437 19.042 0.040
6069.81155 19.001 0.045
6069.85323 19.053 0.039
6069.89378 19.136 0.041
6069.93190 19.097 0.044
6070.61413 19.074 0.084
6070.65228 18.964 0.066
6070.69204 19.079 0.046
6070.73029 19.142 0.047
6070.77909 19.078 0.049
6070.82911 19.200 0.052
6070.86901 19.047 0.050
6070.90750 19.194 0.062
6070.94666 18.934 0.091
6071.61412 18.983 0.049
6071.65333 19.095 0.054
6071.69296 19.113 0.050
6071.73170 19.114 0.042
6071.79508 19.302 0.074
6071.83492 19.185 0.055
6071.87300 19.125 0.053
6071.91097 19.380 0.117
6075.60812 19.019 0.044
6075.64625 19.354 0.054
6075.68452 19.227 0.045
6075.73533 19.415 0.061
6075.79012 19.141 0.041
6075.82964 19.216 0.047
6075.87408 19.202 0.050
6076.59924 19.075 0.059
6076.64087 19.293 0.074
6076.68764 19.113 0.062
6076.73487 19.145 0.044
6076.78389 19.206 0.055
6076.82261 19.191 0.058
6076.87193 19.272 0.070
6076.91763 19.650 0.115
6077.69976 18.978 0.048
6077.75887 19.016 0.054
6077.81785 19.196 0.055
6077.85887 19.180 0.047
6077.90025 19.102 0.053
6077.93889 19.264 0.075
6078.62078 19.118 0.053
6078.65888 19.279 0.073
6078.69735 19.232 0.057
6078.76016 19.396 0.063
6078.80130 19.385 0.053
6078.83950 19.424 0.059
6078.88366 19.271 0.055
6078.92316 19.497 0.067
6079.58600 19.288 0.063
6079.62525 19.137 0.052
6079.66321 19.330 0.057
6079.71658 19.213 0.049
6079.77685 19.291 0.063
6079.81601 19.423 0.070
6079.86665 19.457 0.051
6079.90653 19.238 0.062
6079.94529 19.369 0.097
6080.59570 19.177 0.086
6080.63382 19.537 0.095
6080.67683 19.308 0.063
6080.72215 19.161 0.052
6080.76224 19.460 0.087
6080.80155 19.418 0.066
6080.85886 19.372 0.068
6080.89979 19.366 0.067
6080.94159 19.254 0.067
6081.59143 19.714 0.121
6081.62922 19.257 0.069
6081.67027 19.628 0.095
6081.71565 19.335 0.063
6081.75495 19.577 0.097
6081.80967 19.391 0.062
6081.85291 19.311 0.073
6081.89155 19.562 0.113
6081.93955 19.337 0.107
6082.62322 19.718 0.185
6082.66236 19.384 0.160
6082.71309 19.210 0.106
6082.78439 19.333 0.112
6082.82876 19.595 0.140
6082.86577 19.520 0.130
6082.91045 18.969 0.097
6085.58653 19.485 0.114
6085.63643 19.429 0.088
6085.67270 19.277 0.074
6085.71662 19.466 0.108
6085.75953 19.440 0.084
6085.79833 19.132 0.062
6085.83717 19.320 0.090
6085.87700 19.252 0.132
6085.91735 19.659 0.136
6086.56991 19.427 0.091
6086.61032 19.286 0.079
6086.65345 19.629 0.088
6086.69243 19.281 0.054
6086.75554 19.337 0.058
6086.79383 19.380 0.080
6086.83923 19.526 0.076
6086.88572 19.527 0.101
6086.92710 19.769 0.163
6087.58939 19.312 0.067
6087.72639 19.381 0.086
6087.78275 19.482 0.070
6087.83377 19.494 0.093
6088.56163 19.512 0.103
6088.59946 19.326 0.069
6088.63785 19.323 0.061
6088.67565 19.345 0.048
6089.64169 19.556 0.076
6089.68048 19.698 0.081
6089.74162 19.132 0.055
6089.79200 19.480 0.080
6089.85314 19.199 0.061
6089.92818 19.850 0.155
6092.59782 19.346 0.071
6092.63590 19.759 0.171
6092.67625 19.261 0.070
6092.80568 19.762 0.091
6092.87525 19.421 0.088
6093.55061 19.452 0.094
6093.59217 19.433 0.079
6093.63023 19.380 0.066
6093.66823 19.446 0.084
6093.72870 19.474 0.064
6093.79067 19.366 0.085
6093.83066 19.510 0.098
6093.87116 19.568 0.127
6094.64165 19.530 0.097
6094.67915 19.428 0.084
6094.72897 19.353 0.074
6094.77616 19.240 0.071
6094.81518 19.541 0.088
6094.85444 19.392 0.090
6094.90441 19.668 0.156
6096.60290 19.437 0.089
6096.64848 19.466 0.075
6096.68780 19.484 0.088
6096.76243 19.579 0.098
6096.80176 19.346 0.086
6096.84265 19.296 0.075
6097.67659 19.410 0.083
6097.74925 19.595 0.133
6097.78798 19.460 0.093
6097.82562 19.125 0.066
6097.86528 19.753 0.117
6097.90396 19.730 0.145
6098.58302 19.474 0.107
6098.62270 19.303 0.077
6098.66030 19.515 0.098
6098.71191 19.344 0.084
6098.76196 19.467 0.069
6098.80246 19.275 0.067
6098.84120 19.347 0.079
6098.87914 19.379 0.083
6099.63924 19.772 0.169
6099.75012 19.358 0.105
6100.51400 19.053 0.078
6100.56995 19.116 0.083
6100.60988 19.135 0.061
6100.64753 19.310 0.067
6100.70750 19.311 0.054
6100.74675 19.386 0.064
6100.78453 19.375 0.108
6100.83495 19.496 0.087
6100.87266 19.895 0.164
6101.51096 19.508 0.105
6101.54900 19.432 0.087
6101.58656 19.292 0.069
6101.62470 19.479 0.071
6101.66433 19.587 0.066
6101.72609 19.235 0.053
6101.76504 19.461 0.071
6101.80402 19.367 0.071
6101.85156 19.806 0.148
6102.51191 19.075 0.107
6102.55085 19.343 0.094
6102.59929 19.337 0.077
6102.64651 19.501 0.077
6102.68607 19.318 0.067
6102.72615 19.332 0.054
6102.76508 19.492 0.062
6102.80488 19.327 0.064
6102.84482 19.288 0.068
6102.88409 19.666 0.116
6103.51697 19.219 0.077
6103.55631 19.596 0.088
6103.59746 19.568 0.075
6103.64685 19.372 0.053
6103.69586 19.232 0.063
6103.73670 19.450 0.074
6103.80218 19.468 0.072
6103.85038 19.568 0.095
6104.51834 19.239 0.065
6104.55625 19.362 0.055
6104.59384 19.353 0.055
6104.62987 19.363 0.053
6104.67935 19.393 0.046
6104.72140 19.505 0.059
6104.76017 19.445 0.061
6104.79981 19.464 0.068
6104.84583 19.451 0.071
6105.50069 19.373 0.099
6105.52869 19.237 0.075
6105.56633 19.588 0.104
6105.62444 19.761 0.093
6105.67944 19.560 0.072
6105.71847 19.557 0.070
6105.75831 19.385 0.088
6106.62427 19.158 0.074
6106.69266 19.204 0.095
6108.52845 19.306 0.083
6108.56733 19.538 0.085
6108.61994 19.487 0.092
6108.67096 19.417 0.065
6108.71358 19.356 0.059
6108.75315 19.260 0.054
6108.79201 19.534 0.084
6108.83395 19.416 0.065
6108.87058 19.703 0.102
6109.68201 19.553 0.105
6109.71840 19.508 0.092
6109.75628 19.425 0.095
6109.79913 19.437 0.099
6109.83929 19.655 0.120
6113.53552 19.445 0.123
6113.57778 19.478 0.102
6113.61542 19.480 0.091
6113.65657 19.396 0.093
6113.69733 19.436 0.090
6113.73627 19.312 0.090
6113.77402 19.566 0.089
6113.81188 19.418 0.087
6113.85050 19.477 0.111
6114.58608 19.252 0.101
6114.62209 19.341 0.092
6114.67149 19.669 0.124
6114.71989 19.334 0.069
6114.75750 19.488 0.095
6114.79654 19.210 0.068
6114.83805 19.200 0.085
6115.48331 19.330 0.089
6115.52253 19.402 0.081
6115.55983 19.288 0.067
6115.61002 19.340 0.062
6115.66658 19.521 0.095
6115.71047 19.632 0.137
6115.77564 19.425 0.106
6116.48141 19.356 0.078
6116.52300 19.336 0.059
6116.56308 19.370 0.060
6116.61122 19.371 0.054
6116.65983 19.437 0.062
6116.69784 19.463 0.073
6116.74510 19.634 0.087
6116.78385 19.470 0.079
6116.82584 19.418 0.074
6117.50334 19.407 0.083
6117.54079 19.315 0.070
6117.57813 19.515 0.079
6117.63006 19.441 0.065
6117.68082 19.381 0.061
6117.71966 19.515 0.075
6117.75883 19.548 0.078
6117.79633 19.504 0.082
6117.83433 19.731 0.121
6118.49337 19.526 0.091
6118.53162 19.301 0.062
6118.57192 19.400 0.060
6118.62224 19.395 0.057
6118.67785 19.299 0.060
6118.71983 19.639 0.071
6118.75861 19.418 0.066
6118.79583 19.389 0.072
6118.83349 19.366 0.071
6119.48165 19.225 0.085
6119.52083 19.466 0.092
6119.56103 19.390 0.085
6119.60836 19.546 0.097
6119.66038 19.239 0.057
6119.69914 19.269 0.053
6119.72650 19.506 0.074
6119.76605 19.509 0.091
6119.80433 19.464 0.094
6120.50974 19.363 0.096
6120.54925 19.478 0.106
6120.60424 19.375 0.067
6120.66531 19.339 0.063
6120.70451 19.366 0.083
6120.74593 19.527 0.074
6120.79165 19.453 0.084
6120.83139 19.213 0.089
6121.50157 19.301 0.056
6121.53931 19.488 0.073
6121.57688 19.400 0.048
6121.64419 19.450 0.058
6121.68224 19.533 0.055
6121.70841 19.493 0.059
6121.74648 19.387 0.049
6121.78600 19.600 0.062
6123.51425 19.497 0.104
6123.55266 19.461 0.083
6123.59977 19.413 0.074
6123.65068 19.517 0.080
6123.69023 19.529 0.073
6123.72797 19.199 0.061
6123.76921 19.402 0.090
6123.80820 19.573 0.100
6124.49816 19.410 0.102
6124.53786 19.585 0.084
6124.59886 19.442 0.074
6124.66884 19.492 0.079
6124.70857 19.365 0.065
6124.74918 19.441 0.076
6124.78947 19.339 0.089
6124.82933 19.177 0.064
6125.55334 19.388 0.072
6125.61512 19.583 0.090
6125.67016 19.579 0.094
6125.71271 19.450 0.079
6125.75799 19.398 0.066
6125.79864 19.557 0.086
6126.49092 19.425 0.086
6126.54229 19.305 0.067
6126.58766 19.572 0.107
6126.64678 19.537 0.088
6126.70548 19.449 0.072
6126.74982 19.460 0.067
6127.49123 19.204 0.073
6127.53316 19.590 0.106
6127.61774 19.330 0.086
6127.72000 19.552 0.087
6127.78819 19.473 0.071
6128.54232 19.304 0.052
6128.58174 19.453 0.067
6128.63066 19.378 0.059
6128.68117 19.492 0.073
6129.66050 19.373 0.052
6130.71633 19.425 0.082
6131.51731 19.525 0.097
6131.56503 19.201 0.061
6131.63117 19.475 0.070
6131.67643 19.495 0.068
6131.74593 19.700 0.100
6132.49787 19.633 0.115
6132.65419 19.219 0.078
6132.74059 19.295 0.060
6132.77712 19.214 0.067
6133.55127 19.432 0.088
6133.59972 19.534 0.086
6133.66179 19.715 0.096
6133.70493 19.240 0.068
6133.75358 19.367 0.073
6134.51983 19.361 0.097
6134.56294 19.192 0.102
6134.60641 19.424 0.113
6134.67326 19.708 0.123
6135.50371 19.203 0.076
6135.54542 19.279 0.093
6135.60574 19.196 0.073
6135.67267 19.503 0.105
6135.72523 19.215 0.060
6135.76718 19.428 0.079
6135.80867 19.496 0.102
6136.59524 19.594 0.141
6136.62140 19.681 0.157
6136.65188 19.469 0.118
6136.73010 19.251 0.119
6140.50600 19.235 0.094
6140.55434 19.484 0.113
6140.60735 19.668 0.152
6140.64521 19.413 0.117
6140.68436 19.309 0.100
6140.72752 19.452 0.143
6140.76729 19.583 0.284
6141.49363 19.622 0.107
6141.53130 19.301 0.078
6141.57957 19.309 0.093
6141.62913 19.313 0.086
6141.66679 19.178 0.069
6141.70771 19.335 0.088
6141.74625 19.297 0.082
6142.53487 19.382 0.112
6142.57738 19.501 0.151
6143.71781 19.603 0.151
6147.50472 19.821 0.145
6147.56518 19.811 0.126
6147.64868 19.493 0.114
6147.70253 19.460 0.117
6148.49671 19.414 0.060
6148.53490 19.375 0.055
6148.59490 19.258 0.061
6148.63871 19.307 0.050
6148.68062 19.609 0.073
6149.55993 19.678 0.101
6149.60523 19.675 0.111
6150.48298 19.526 0.125
6150.53595 19.628 0.102
6150.58830 19.479 0.102
6150.63848 19.575 0.089
6150.67839 19.354 0.077
6151.53980 19.214 0.101
6151.58090 19.786 0.127
6151.62131 19.525 0.101
6151.66081 19.726 0.115
6151.70221 19.879 0.167
6151.74030 19.651 0.104
6152.51151 19.371 0.078
6152.54985 19.612 0.094
6152.60450 19.436 0.076
6152.65448 19.369 0.065
6153.69330 19.512 0.104
6154.50008 19.403 0.076
6154.54008 19.544 0.088
6154.60938 19.663 0.109
6154.69280 19.519 0.095
6157.64766 19.561 0.112
6157.69099 19.693 0.131
6158.48786 19.304 0.058
6158.53829 19.357 0.060
6158.58877 19.352 0.074
6158.63061 19.574 0.085
6158.67004 19.475 0.093
6158.70949 19.798 0.102
6159.49534 19.147 0.079
6159.55035 19.556 0.098
6159.59126 19.492 0.090
6159.66231 19.712 0.119
6159.71853 19.437 0.104
6160.51911 19.379 0.063
6160.59091 19.302 0.058
6160.63246 19.483 0.076
6160.67257 19.499 0.081
6160.72541 19.208 0.060
6161.51495 19.367 0.106
6161.55642 19.488 0.101
6161.60709 19.333 0.081
6161.67958 19.351 0.092
6164.49238 19.541 0.076
6164.55538 19.330 0.094
6164.59410 19.259 0.086
6164.65118 19.442 0.104
6164.70463 19.646 0.190
6167.53673 19.244 0.109
6167.58686 19.507 0.143
6167.63933 19.381 0.121
6167.68178 19.718 0.183
6168.53884 19.491 0.069
6168.60346 19.464 0.073
6168.65981 19.716 0.089
6168.69722 19.482 0.077
6168.70440 19.651 0.096
6169.53094 19.306 0.079
6169.58134 19.592 0.083
6169.62179 19.350 0.073
6169.66164 19.526 0.083
6169.69941 19.450 0.109
6171.53515 19.540 0.080
6171.58418 19.401 0.076
6171.62583 19.424 0.089
6171.67292 19.520 0.107
6172.49410 19.495 0.045
6172.54541 19.385 0.062
6172.59445 19.438 0.064
6172.63435 19.519 0.065
6172.67636 19.210 0.076
6174.60012 19.289 0.109
6174.63398 19.680 0.158
6175.49723 19.312 0.059
6175.54558 19.449 0.072
6175.58386 19.326 0.073
6175.62220 19.302 0.077
6175.66870 19.456 0.098
6179.50000 19.864 0.171
6179.60067 19.207 0.091
6179.64149 19.493 0.117
6180.54684 19.387 0.092
6180.58469 19.342 0.103
6180.62584 19.448 0.102
6180.66122 19.734 0.147
6181.49182 19.652 0.107
6181.54584 19.400 0.068
6181.58754 19.492 0.072
6181.62661 19.368 0.071
6182.49220 19.549 0.092
6182.54709 19.408 0.079
6182.59529 19.440 0.070
6182.64041 19.334 0.091
6183.48933 19.653 0.131
6183.59232 19.515 0.070
6183.63141 19.389 0.066
6184.52719 19.474 0.067
6184.58566 19.347 0.056
6184.63147 19.503 0.075
6185.49404 19.327 0.056
6185.55289 19.559 0.068
6185.59221 19.264 0.052
6185.64254 19.635 0.096
6186.50685 19.264 0.091
6186.56390 19.397 0.087
6186.60959 19.850 0.117
6190.50386 19.447 0.095
6190.56077 19.645 0.082
6190.60125 19.202 0.056
6191.50079 19.624 0.130
6191.55657 19.263 0.074
6191.59929 19.365 0.079
6191.64253 19.456 0.075
6195.51789 19.245 0.066
6195.55853 19.319 0.078
6195.59721 19.834 0.110
6195.63505 19.548 0.095
6196.51698 19.440 0.099
6196.55555 19.224 0.080
6196.59631 19.464 0.098
6196.63212 19.649 0.120
6197.51866 19.456 0.097
6197.55730 19.568 0.116
6197.59805 19.203 0.091
6198.56370 19.354 0.099
6200.59710 19.420 0.135
6200.62024 19.520 0.131
6201.54457 19.761 0.176
6202.57682 19.601 0.150
6203.51642 19.674 0.134
6203.56720 19.400 0.107
6203.60787 19.758 0.212
6204.52068 19.433 0.087
6204.55931 19.230 0.074
6204.59713 19.400 0.084
6205.50061 19.566 0.105
6205.54355 19.783 0.096
6205.58162 19.426 0.076
6208.51319 19.527 0.104
6209.57699 19.627 0.142
6210.51454 19.264 0.073
6210.55271 19.514 0.096
6210.59184 19.617 0.114
6211.51611 19.265 0.063
6211.55831 19.410 0.072
6211.59674 19.816 0.136
6212.51550 19.256 0.069
6212.55430 19.451 0.080
6213.49052 19.577 0.134
6213.53067 19.334 0.072
6213.56917 19.403 0.105
6214.52352 19.285 0.093
6214.55914 19.310 0.090
6215.53499 19.429 0.135
6216.52626 19.351 0.081
6216.56512 19.538 0.089
6217.52084 19.337 0.064
6217.55892 19.425 0.072
6218.49579 19.483 0.090
6218.53426 19.397 0.121
6218.57244 19.741 0.134
6219.52861 19.511 0.083
6219.56727 19.506 0.111
6223.50915 19.691 0.154
6223.56015 19.385 0.113
6224.49617 19.591 0.177
6226.49933 19.387 0.117
6227.51558 19.604 0.126
6231.51852 19.395 0.119
6233.49943 19.693 0.207
6233.54899 19.307 0.086
6234.53673 19.358 0.114
6238.53404 19.351 0.099
6242.51164 19.565 0.171
6326.88207 19.482 0.169
6329.88112 19.428 0.127
6334.87640 19.285 0.068
6335.85670 19.295 0.097
6337.86779 19.520 0.111
6338.84630 19.234 0.079
6338.88989 19.599 0.107
6339.87262 19.411 0.068
6340.85244 19.052 0.054
6340.88276 19.453 0.070
6341.89118 19.709 0.127
6343.85548 19.391 0.093
6343.89102 19.720 0.116
6344.85473 19.269 0.054
6344.89828 19.363 0.119
6345.86349 19.523 0.084
6347.82677 19.583 0.107
6347.86673 19.311 0.063
6348.81880 19.339 0.082
6348.86031 19.519 0.074
6349.83020 19.221 0.085
6349.86576 19.196 0.076
6350.81937 19.274 0.086
6350.86585 19.166 0.074
6351.81797 19.310 0.095
6351.86628 19.314 0.085
6352.81573 19.643 0.110
6352.86215 19.487 0.068
6353.79693 19.446 0.086
6353.83753 19.413 0.082
6353.89357 19.351 0.064
6354.87025 19.327 0.066
6355.85539 19.610 0.120
6358.82579 19.412 0.065
6358.87022 19.471 0.071
6360.79223 19.427 0.061
6360.82962 19.407 0.053
6360.87722 19.531 0.072
6361.81525 19.466 0.072
6361.85258 19.254 0.061
6361.89571 19.655 0.103
6362.80064 19.379 0.089
6362.83803 19.497 0.069
6362.88936 19.654 0.092
6363.80698 19.293 0.073
6367.81721 19.276 0.054
6367.86557 19.272 0.047
6367.90400 19.415 0.053
6368.80228 19.325 0.065
6368.85539 19.287 0.054
6368.89544 19.479 0.066
6369.78294 19.306 0.074
6369.82254 19.412 0.065
6369.87745 19.474 0.059
6370.76782 19.391 0.072
6370.81260 19.498 0.064
6370.85592 19.476 0.069
6370.89520 19.344 0.056
6371.77725 19.389 0.066
6371.82625 19.411 0.062
6371.86502 19.412 0.055
6371.90845 19.358 0.061
6372.76999 19.295 0.065
6372.81871 19.345 0.054
6372.85856 19.450 0.059
6372.90118 19.268 0.055
6373.77009 19.182 0.089
6373.82428 19.364 0.064
6373.86373 19.452 0.077
6373.90333 19.459 0.081
6374.76914 19.357 0.088
6374.81867 19.444 0.065
6374.85905 19.267 0.058
6374.89992 19.457 0.065
6375.76680 19.311 0.063
6375.81565 19.653 0.074
6375.83392 19.367 0.063
6375.87396 19.515 0.064
6375.91464 19.486 0.065
6376.77759 19.401 0.076
6376.82996 19.473 0.059
6376.86912 19.286 0.057
6376.91171 19.529 0.061
6377.79213 19.489 0.062
6377.84187 19.380 0.049
6377.88269 19.380 0.046
6378.74929 19.196 0.073
6378.78843 19.297 0.059
6378.83714 19.308 0.051
6378.87848 19.513 0.054
6378.91825 19.425 0.066
6379.77306 19.382 0.067
6379.82224 19.276 0.059
6379.86176 19.375 0.066
6379.90757 19.381 0.050
6380.76272 19.322 0.057
6380.80116 19.315 0.054
6380.82475 19.364 0.058
6380.86547 19.422 0.060
6380.91148 19.459 0.053
6381.77038 19.014 0.052
6381.81949 19.535 0.059
6381.85826 19.282 0.044
6381.89816 19.462 0.060
6382.76480 19.510 0.109
6382.80319 19.235 0.064
6382.84239 19.420 0.079
6382.88307 19.366 0.083
6386.75791 19.309 0.079
6386.80891 19.391 0.070
6386.85521 19.228 0.061
6386.90640 19.601 0.113
6387.72871 19.152 0.077
6387.77084 19.219 0.051
6387.81517 19.590 0.082
6387.85414 19.457 0.066
6387.89589 19.575 0.096
6388.73076 19.802 0.120
6388.79325 19.095 0.052
6388.83240 19.468 0.064
6388.90639 19.373 0.062
6389.72908 19.154 0.073
6389.77008 19.343 0.065
6389.81131 19.622 0.076
6389.84978 19.291 0.064
6389.88931 19.565 0.079
6390.71406 19.204 0.071
6390.75416 19.445 0.071
6390.79600 19.397 0.066
6390.84045 19.358 0.059
6390.88534 19.551 0.071
6390.92589 19.014 0.081
6391.73049 19.056 0.076
6391.78150 19.321 0.102
6391.82141 19.399 0.092
6391.87432 19.264 0.083
6393.71878 19.650 0.107
6393.76464 19.340 0.079
6393.80390 19.587 0.089
6393.85627 19.441 0.073
6393.89957 19.224 0.074
6394.71910 19.145 0.080
6394.77173 19.302 0.080
6394.81919 19.255 0.080
6394.85827 19.342 0.065
6394.92292 19.608 0.092
6395.72280 19.393 0.072
6395.77141 19.386 0.061
6395.82107 19.448 0.054
6395.86009 19.369 0.047
6395.90412 19.450 0.058
6396.70828 19.513 0.074
6396.75516 19.419 0.051
6396.80495 19.402 0.051
6396.84765 19.329 0.043
6396.88864 19.558 0.068
6396.92821 19.635 0.109
6397.72131 19.460 0.062
6397.77213 19.453 0.054
6397.82103 19.516 0.056
6397.85890 19.399 0.054
6397.89762 19.662 0.072
6398.68980 19.253 0.067
6398.72874 19.346 0.055
6398.79055 19.471 0.061
6398.82856 19.723 0.081
6398.86890 19.703 0.090
6398.90955 19.734 0.087
6399.69562 19.377 0.078
6399.73443 19.218 0.067
6399.78328 19.364 0.058
6399.83111 19.493 0.069
6399.86968 19.794 0.101
6400.68184 19.751 0.136
6400.73050 19.475 0.074
6400.79509 19.652 0.084
6400.85095 19.472 0.070
6400.89889 19.499 0.074
6401.69969 19.393 0.091
6401.74381 19.443 0.061
6401.78542 19.429 0.058
6401.83271 19.592 0.068
6401.87441 19.475 0.058
6401.91276 19.465 0.061
6402.70603 19.500 0.093
6402.74389 19.545 0.101
6402.79106 19.311 0.079
6402.83977 19.567 0.103
6402.87981 19.536 0.089
6403.70943 19.438 0.058
6403.74701 19.389 0.059
6403.78631 19.518 0.054
6403.83326 19.383 0.053
6403.87317 19.698 0.083
6403.92988 19.760 0.110
6404.72910 19.513 0.069
6404.76853 19.292 0.060
6404.81776 19.473 0.065
6404.85691 19.498 0.065
6404.90575 19.471 0.083
6405.81317 19.626 0.110
6405.86074 19.308 0.050
6405.90282 19.339 0.049
6406.76030 19.225 0.073
6406.82118 19.282 0.096
6406.87644 19.582 0.117
6406.92263 19.428 0.060
6407.70035 19.259 0.094
6407.73817 19.447 0.093
6407.77637 19.378 0.065
6407.81584 19.456 0.083
6407.86574 19.319 0.074
6407.91392 19.736 0.110
6408.72815 19.594 0.242
6408.76902 19.389 0.103
6408.80888 19.464 0.099
6409.78406 19.478 0.117
6409.82785 19.319 0.096
6409.88364 19.822 0.145
6409.92178 19.618 0.098
6415.70707 19.539 0.134
6415.76210 19.422 0.079
6415.80274 19.658 0.132
6415.84614 19.620 0.156
6415.90405 19.457 0.070
6416.64436 19.615 0.110
6416.68910 19.298 0.090
6416.75239 19.434 0.058
6416.79055 19.440 0.057
6416.84089 19.496 0.065
6416.90604 19.384 0.057
6417.67732 19.148 0.087
6417.71480 19.470 0.082
6417.75300 19.311 0.073
6417.79988 19.446 0.078
6417.84067 19.299 0.070
6417.88865 19.475 0.078
6417.92805 19.262 0.063
6418.66050 19.536 0.089
6418.69806 19.334 0.073
6418.73556 19.657 0.084
6418.77315 19.312 0.058
6418.82178 19.598 0.074
6418.86219 19.298 0.054
6418.90953 19.538 0.072
6419.65866 19.307 0.100
6419.70938 19.339 0.061
6419.74743 19.475 0.066
6419.78632 19.232 0.062
6419.83752 19.300 0.067
6419.88514 19.762 0.088
6419.92316 19.271 0.057
6420.65157 19.426 0.067
6420.68917 19.277 0.047
6420.72702 19.468 0.053
6420.76290 19.516 0.054
6420.82250 19.364 0.049
6420.86136 19.504 0.059
6420.91034 19.495 0.058
6421.79077 19.367 0.063
6421.83148 19.566 0.070
6421.89005 19.490 0.095
6422.68292 19.414 0.067
6422.73514 19.437 0.060
6422.77299 19.356 0.051
6422.88457 19.596 0.143
6423.64514 19.527 0.098
6423.69284 19.251 0.066
6423.75005 19.232 0.069
6423.81413 19.500 0.066
6423.85265 19.600 0.087
6423.89133 19.582 0.086
6423.92935 19.333 0.079
6424.65287 19.242 0.063
6424.69334 19.526 0.075
6424.75268 19.511 0.066
6424.80294 19.425 0.048
6424.84701 19.294 0.057
6424.88849 19.690 0.080
6424.94135 19.249 0.082
6426.64089 19.507 0.081
6426.68156 19.530 0.071
6426.77678 19.289 0.057
6426.84008 19.479 0.064
6426.88119 19.552 0.087
6426.92195 19.309 0.057
6427.72391 19.002 0.045
6427.88465 19.094 0.059
6428.64315 19.242 0.100
6428.69260 19.601 0.113
6428.73410 19.444 0.086
6428.78466 19.375 0.070
6428.83861 19.446 0.082
6428.88118 19.525 0.086
6428.92153 19.604 0.120
6429.94546 19.497 0.116
6431.63499 19.106 0.117
6431.68169 19.232 0.092
6431.73222 19.433 0.070
6431.78379 19.497 0.073
6431.82599 19.255 0.056
6431.86629 19.462 0.076
6431.90700 19.666 0.127
6432.64118 19.371 0.076
6432.66336 19.538 0.101
6432.70631 19.337 0.064
6432.76565 19.246 0.059
6432.80754 19.345 0.066
6432.84758 19.367 0.066
6432.88831 19.362 0.099
6432.92881 19.650 0.096
6433.61183 19.411 0.125
6433.65229 19.460 0.099
6433.69293 19.287 0.079
6433.74281 19.469 0.087
6433.79439 20.024 0.196
6433.84695 19.563 0.070
6434.60344 19.468 0.140
6434.64222 19.272 0.105
6434.68427 19.352 0.087
6434.73371 19.201 0.065
6434.78459 19.568 0.072
6434.82682 19.363 0.080
6434.86703 19.402 0.069
6434.94068 19.767 0.180
6435.63077 19.367 0.090
6435.67283 19.593 0.086
6435.71504 19.499 0.072
6435.77487 19.366 0.054
6435.81729 19.148 0.057
6435.86073 19.583 0.084
6435.90399 19.464 0.068
6435.94410 19.178 0.085
6436.61682 19.631 0.109
6436.65971 19.302 0.078
6436.70175 19.672 0.087
6436.75401 19.373 0.070
6436.80782 19.493 0.088
6436.84921 19.468 0.079
6436.89101 19.411 0.073
6436.93295 19.363 0.087
6437.72341 19.200 0.110
6437.74871 19.410 0.104
6437.82760 19.530 0.142
6437.86339 19.895 0.173
6437.90533 19.495 0.131
6437.94582 19.498 0.213
6441.72437 19.173 0.079
6441.77636 19.215 0.087
6441.82925 19.308 0.094
6441.87270 19.392 0.110
6441.91424 19.766 0.204
6442.57247 19.499 0.083
6442.60931 19.211 0.058
6442.64934 19.444 0.068
6442.68941 19.442 0.065
6442.75093 19.365 0.050
6442.79323 19.268 0.051
6442.83361 19.515 0.069
6442.87344 19.310 0.057
6442.91325 19.631 0.094
6443.59150 19.887 0.175
6443.67045 19.340 0.078
6443.75269 19.515 0.094
6443.82147 19.261 0.106
6444.68970 19.047 0.094
6444.75933 19.465 0.079
6444.81249 19.539 0.084
6444.85336 19.635 0.083
6444.89516 19.252 0.067
6444.94556 19.755 0.181
6445.61391 19.305 0.078
6445.65852 19.452 0.068
6445.71558 19.506 0.078
6445.76293 19.419 0.069
6445.81993 19.527 0.076
6445.86520 20.054 0.208
6445.91278 19.404 0.099
6446.56078 19.323 0.064
6446.60359 19.365 0.056
6446.64598 19.381 0.058
6446.69562 19.410 0.055
6446.75097 19.454 0.063
6446.79362 19.480 0.055
6446.83574 19.434 0.052
6446.90182 19.478 0.071
6446.94235 19.267 0.070
6447.58088 19.339 0.075
6447.62014 19.442 0.073
6447.65989 19.356 0.063
6447.71014 19.609 0.078
6447.76533 19.530 0.071
6447.80715 19.428 0.062
6447.84722 19.462 0.071
6447.88774 19.342 0.054
6447.92838 19.351 0.060
6448.56812 19.361 0.103
6448.60992 19.512 0.086
6448.65027 19.559 0.092
6448.69141 19.231 0.070
6448.75164 19.354 0.049
6448.79430 19.449 0.063
6448.83618 19.424 0.068
6448.87682 19.480 0.099
6448.91909 19.300 0.098
6449.56660 19.219 0.076
6449.60995 19.511 0.086
6449.65320 19.682 0.112
6449.69348 19.396 0.062
6449.74537 19.234 0.069
6449.79559 19.668 0.099
6449.83690 19.704 0.091
6449.87740 19.564 0.094
6449.92034 19.630 0.138
6450.56046 19.578 0.114
6450.60317 19.392 0.077
6450.64580 19.445 0.063
6450.69556 19.434 0.056
6450.74589 19.330 0.049
6450.78695 19.602 0.072
6450.82800 19.479 0.066
6450.87365 19.577 0.074
6450.91747 19.422 0.075
6451.56320 19.451 0.098
6451.60865 19.284 0.073
6451.64909 19.421 0.072
6451.69159 19.249 0.056
6451.75301 19.515 0.083
6451.79379 19.307 0.063
6451.83453 19.575 0.082
6451.87524 19.506 0.082
6451.91763 19.652 0.116
6452.57032 19.536 0.088
6452.61302 19.456 0.053
6452.65378 19.484 0.057
6452.70886 19.366 0.052
6452.80565 19.479 0.051
6452.84820 19.468 0.053
6452.88948 19.451 0.070
6454.54950 19.407 0.099
6454.58022 19.376 0.077
6454.62278 19.390 0.074
6454.66326 19.410 0.072
6454.71402 19.388 0.054
6454.76648 19.376 0.064
6454.80762 19.333 0.076
6454.84809 19.464 0.085
6454.88915 19.667 0.091
6455.54391 19.918 0.127
6455.57997 19.219 0.067
6455.68619 19.401 0.082
6455.78516 19.746 0.114
6456.54796 19.462 0.072
6456.58889 19.335 0.042
6456.63002 19.385 0.049
6456.68122 19.516 0.047
6456.73370 19.326 0.047
6456.77519 19.366 0.058
6456.81584 19.416 0.066
6456.89175 19.348 0.056
6457.69922 19.355 0.054
6457.76208 19.550 0.063
6457.80321 19.699 0.078
6457.84461 19.673 0.083
6457.88510 19.367 0.070
6458.54649 19.438 0.105
6458.58657 19.451 0.103
6458.62827 19.410 0.101
6458.66888 19.312 0.064
6458.72030 19.558 0.101
6458.77159 19.367 0.061
6458.81266 19.641 0.071
6458.85346 19.456 0.078
6458.89803 19.380 0.078
6459.54051 19.538 0.113
6459.57992 19.584 0.087
6459.62283 19.282 0.063
6459.66489 19.617 0.075
6459.72977 19.459 0.056
6459.77165 19.296 0.052
6459.81263 19.553 0.070
6459.85374 19.313 0.055
6459.89442 19.569 0.092
6460.59263 19.476 0.086
6460.64342 19.247 0.063
6460.71777 19.411 0.065
6460.79238 19.474 0.084
6460.88889 19.547 0.079
6461.56870 18.927 0.046
6461.61041 19.547 0.087
6461.65197 19.419 0.079
6461.70086 19.262 0.077
6461.76933 19.224 0.056
6461.82220 19.152 0.059
6461.87346 19.449 0.070
6462.60849 19.214 0.098
6462.65056 19.300 0.066
6462.70235 19.404 0.085
6462.82958 19.464 0.084
6462.87053 19.395 0.088
6463.52297 19.360 0.133
6463.56446 19.395 0.090
6463.60360 19.626 0.117
6463.64482 19.578 0.093
6463.69935 19.367 0.071
6463.75360 19.440 0.078
6463.79494 19.386 0.077
6463.83612 19.596 0.091
6463.88033 19.602 0.100
6464.57287 19.647 0.151
6464.61238 19.346 0.094
6464.65280 19.447 0.100
6464.69964 19.346 0.065
6464.75263 19.472 0.093
6464.80349 19.538 0.104
6464.84515 19.588 0.112
6464.88759 19.384 0.086
6468.55921 19.578 0.109
6468.60020 19.242 0.076
6468.64116 19.541 0.107
6468.71034 19.621 0.127
6468.75430 19.293 0.087
6468.81409 19.490 0.102
6469.54198 19.135 0.071
6469.58241 19.484 0.096
6469.62251 19.494 0.078
6469.68595 19.530 0.089
6469.72956 19.475 0.081
6469.76988 19.446 0.074
6469.84276 19.509 0.141
6471.60645 19.676 0.125
6471.64800 20.090 0.170
6471.85129 19.836 0.232
6472.60489 19.304 0.095
6472.64391 20.010 0.168
6472.69650 19.403 0.076
6472.74830 19.557 0.088
6472.78889 19.671 0.104
6472.82952 19.371 0.120
6473.54923 19.161 0.072
6473.59150 19.333 0.065
6473.63185 19.404 0.053
6473.68373 19.649 0.088
6473.73477 19.556 0.076
6473.77581 19.310 0.068
6473.81622 19.330 0.074
6473.85684 19.685 0.136
6474.49382 19.384 0.124
6474.53834 19.609 0.133
6474.57853 19.188 0.064
6474.62386 19.264 0.085
6474.66457 19.771 0.101
6474.71941 19.525 0.083
6474.76921 19.291 0.069
6474.80954 19.857 0.140
6474.84976 19.605 0.106
6475.48550 19.458 0.110
6475.52736 19.470 0.089
6475.57042 19.364 0.097
6475.63161 19.404 0.064
6475.68267 19.481 0.078
6475.73185 19.395 0.072
6475.77216 19.241 0.063
6475.81424 19.548 0.090
6475.85711 19.326 0.093
6476.49836 19.462 0.116
6476.53908 19.390 0.082
6476.57990 19.613 0.098
6476.62131 19.434 0.070
6476.68677 19.321 0.069
6476.72761 19.499 0.088
6476.76839 19.401 0.070
6476.80891 19.639 0.082
6477.53242 19.296 0.072
6477.57357 19.408 0.073
6477.61427 19.559 0.098
6477.68011 19.568 0.097
6477.72086 19.596 0.086
6477.76139 19.404 0.097
6477.80251 19.388 0.099
6478.52994 19.300 0.077
6478.57022 19.102 0.066
6478.61042 19.540 0.074
6478.66601 19.455 0.096
6479.56472 19.313 0.081
6479.60564 19.479 0.076
6479.64733 19.682 0.086
6479.70179 19.413 0.098
6479.75968 19.541 0.104
6479.82435 20.084 0.202
6479.85174 19.401 0.121
6480.56177 19.430 0.083
6480.60237 19.527 0.105
6480.65329 19.524 0.073
6480.70523 19.533 0.105
6480.74566 19.564 0.096
6480.78613 19.770 0.107
6480.82787 19.289 0.099
6481.49918 19.489 0.103
6481.54049 19.408 0.072
6481.58407 19.403 0.082
6481.64191 19.326 0.086
6481.74259 19.517 0.098
6481.78513 19.530 0.101
6481.82755 19.596 0.130
6482.80207 19.626 0.164
6483.61136 19.567 0.067
6483.81376 19.713 0.131
6484.49352 19.445 0.090
6484.53400 19.399 0.094
6485.46698 19.386 0.112
6485.51270 19.452 0.093
6485.55947 19.621 0.102
6485.63814 19.476 0.059
6485.70127 19.437 0.064
6485.74408 19.348 0.056
6485.79015 19.366 0.070
6486.47058 19.258 0.086
6486.51306 19.556 0.087
6486.55939 19.123 0.058
6486.60469 19.530 0.083
6486.67052 19.530 0.074
6486.72339 19.612 0.095
6486.76777 19.491 0.072
6486.81050 19.450 0.071
6487.46879 19.181 0.063
6487.51292 19.435 0.072
6487.55905 19.244 0.050
6487.60021 19.385 0.049
6487.67296 19.407 0.052
6487.71377 19.379 0.051
6487.75746 19.303 0.050
6487.80275 19.352 0.052
6489.50912 19.251 0.081
6489.55105 19.604 0.096
6489.59399 19.496 0.074
6489.65349 19.440 0.081
6489.70540 19.589 0.111
6489.74768 19.389 0.082
6489.80885 20.031 0.187
6490.48218 19.296 0.082
6490.52312 19.611 0.089
6490.56377 19.529 0.081
6490.62178 19.474 0.072
6490.66904 19.422 0.068
6490.70974 19.548 0.070
6490.75047 19.511 0.072
6491.46999 19.481 0.115
6491.51303 19.634 0.114
6491.55800 19.578 0.100
6491.61827 19.258 0.081
6491.68996 19.410 0.074
6491.73189 19.562 0.078
6491.77419 19.471 0.076
6491.81807 19.550 0.114
6492.50201 19.469 0.105
6492.54850 19.264 0.076
6492.59880 19.277 0.072
6492.66371 19.660 0.141
6492.70252 19.579 0.108
6492.73560 19.558 0.108
6492.77937 19.332 0.104
6496.48724 19.427 0.125
6496.52771 19.384 0.109
6496.56769 19.482 0.124
6496.62828 19.347 0.122
6497.58222 19.561 0.131
6497.63467 19.555 0.116
6497.68523 19.772 0.152
6497.72637 19.235 0.091
6497.76711 19.919 0.167
6498.46793 19.262 0.063
6498.51151 19.565 0.068
6498.55642 19.557 0.059
6498.60055 19.651 0.070
6498.64805 19.569 0.102
6498.69095 19.458 0.091
6498.73428 19.352 0.066
6498.77983 19.883 0.141
6499.48215 19.418 0.084
6499.52584 19.455 0.069
6499.56870 19.454 0.065
6500.53798 19.299 0.102
6500.60190 19.619 0.154
6500.67941 19.667 0.127
6500.73045 19.544 0.111
6501.55802 19.227 0.081
6501.61865 19.364 0.066
6501.66409 19.372 0.068
6501.70649 19.399 0.069
6501.74943 19.171 0.075
6501.78787 19.659 0.146
6504.63930 19.283 0.077
6504.68156 19.533 0.081
6504.72403 19.290 0.074
6505.47555 19.087 0.080
6505.53534 19.237 0.068
6505.57990 19.926 0.153
6505.65128 19.534 0.089
6505.69221 19.632 0.099
6505.73510 19.805 0.136
6505.77746 19.542 0.131
6506.56870 19.524 0.110
6506.64910 19.336 0.099
6506.70995 19.335 0.101
6506.75183 19.490 0.111
6507.63999 19.353 0.091
6507.70897 19.402 0.132
6508.51837 19.477 0.082
6508.56972 19.524 0.102
6508.61785 19.543 0.072
6508.65996 19.137 0.052
6508.70158 19.212 0.055
6508.76148 19.292 0.057
6509.52297 19.434 0.061
6509.58369 19.636 0.062
6509.62543 19.380 0.052
6509.66711 19.461 0.060
6509.70843 19.613 0.072
6509.75104 19.324 0.072
6510.48945 19.515 0.071
6510.55221 19.501 0.067
6510.59914 19.431 0.054
6510.64172 19.429 0.056
6510.71162 19.691 0.098
6510.75559 19.554 0.128
6511.52176 19.274 0.073
6511.60024 19.429 0.073
6511.65495 19.359 0.061
6511.70469 19.161 0.055
6511.75747 19.459 0.081
6512.75046 19.228 0.101
6514.52050 19.732 0.132
6514.59319 19.239 0.055
6514.65869 19.635 0.083
6514.71386 19.397 0.066
6515.47734 19.510 0.071
6515.54518 19.377 0.061
6515.61086 19.425 0.061
6515.67472 19.666 0.076
6515.75390 19.373 0.067
6516.52039 19.612 0.118
6516.60272 19.493 0.073
6516.65458 19.348 0.069
6518.49018 19.373 0.068
6518.56212 19.460 0.060
6518.61541 19.394 0.063
6518.66233 19.343 0.057
6518.71050 19.431 0.062
6519.49592 19.397 0.068
6519.56828 19.495 0.074
6519.61676 19.361 0.063
6519.66827 19.354 0.059
6519.71567 19.392 0.071
6523.50405 19.613 0.094
6523.54237 19.333 0.071
6523.57837 19.415 0.072
6523.61745 19.603 0.101
6523.65809 19.543 0.100
6523.69948 19.725 0.145
6524.52092 19.372 0.067
6524.56962 19.405 0.072
6524.61776 19.536 0.084
6524.66636 19.706 0.104
6525.52370 19.558 0.111
6525.57162 19.330 0.096
6525.62375 19.625 0.141
6525.67396 19.650 0.157
6526.66539 19.371 0.086
6526.69613 19.507 0.098
6527.62682 19.594 0.152
6529.55415 19.328 0.103
6529.59729 19.712 0.128
6529.63987 19.406 0.090
6530.67729 19.676 0.169
6531.50681 19.225 0.068
6531.58275 19.469 0.078
6531.63030 19.342 0.081
6531.67834 19.269 0.069
6532.50839 19.450 0.083
6532.61240 19.495 0.076
6532.67377 19.539 0.106
6533.52390 19.561 0.106
6533.59443 19.342 0.065
6533.65553 19.622 0.084
6534.54755 19.392 0.068
6534.59840 19.407 0.070
6534.63865 19.458 0.083
6535.53282 19.243 0.095
6536.47775 19.290 0.092
6536.56959 19.422 0.053
6536.62008 19.446 0.070
6538.51603 19.547 0.073
6538.56870 19.450 0.073
6538.61111 19.670 0.096
6539.51816 19.554 0.077
6539.56403 19.592 0.094
6539.62190 19.510 0.076
6541.51399 19.547 0.086
6541.57379 19.602 0.074
6541.61945 19.533 0.056
6543.53160 19.341 0.074
6543.58308 19.461 0.081
6543.62742 19.327 0.074
6544.51894 19.634 0.090
6544.56954 19.316 0.076
6545.48143 19.488 0.079
6545.52696 19.565 0.066
6545.57205 19.459 0.074
6545.61795 19.238 0.050
6546.48938 19.526 0.122
6546.55711 19.415 0.120
6546.60931 19.147 0.068
6547.56858 19.288 0.103
6551.56283 19.617 0.155
6552.55464 19.227 0.102
6553.58757 19.058 0.114
6555.58594 19.616 0.110
6555.63751 19.116 0.090
6556.64852 19.988 0.195
6558.52624 19.408 0.061
6558.56680 19.681 0.083
6558.61974 19.683 0.108
6559.51210 19.415 0.096
6559.56589 19.374 0.070
6559.61897 19.424 0.091
6560.52653 19.545 0.084
6560.57019 19.559 0.087
6561.53060 19.465 0.094
6561.57099 19.428 0.090
6562.52944 19.662 0.100
6562.57655 19.513 0.080
6562.62003 19.278 0.062
6563.54525 19.674 0.147
6563.62875 19.190 0.085
6564.52416 19.424 0.091
6564.56570 19.263 0.071
6565.49281 19.534 0.112
6565.53691 19.559 0.109
6565.59091 19.418 0.078
6567.53392 19.356 0.114
6567.57608 19.924 0.178
6568.52987 19.408 0.132
6568.57067 19.649 0.117
6568.61355 19.342 0.096
6569.52109 19.424 0.063
6569.56206 19.443 0.070
6569.60319 19.330 0.078
6570.53961 19.801 0.121
6571.48624 19.620 0.148
6571.54694 19.281 0.086
6571.59613 19.659 0.113
6572.51944 19.918 0.163
6573.50000 19.378 0.081
6573.54070 19.262 0.065
6573.58738 19.596 0.093
6577.52390 19.651 0.189
6577.56770 19.728 0.176
6578.50645 19.824 0.144
6578.56144 19.706 0.124
6579.48619 19.267 0.128
6579.54544 19.325 0.097
6580.50343 19.581 0.141
6581.50492 19.538 0.091
6581.56179 19.185 0.076
6582.51659 19.792 0.135
6582.56899 19.527 0.097
6583.52747 19.739 0.172
6583.56480 19.752 0.208
6584.52150 19.931 0.195
6584.56663 19.940 0.223
6585.52352 19.458 0.122
6585.56138 19.330 0.109
6590.52246 19.729 0.174
6590.54360 19.546 0.114
6593.49825 19.558 0.133
6593.51114 19.560 0.114
6595.52027 19.440 0.113
