5260.87825 20.713 0.203
5261.80922 20.612 0.215
5262.84681 21.212 0.989
5265.86364 20.178 0.132
5266.81005 20.513 0.200
5267.83727 20.305 0.156
5268.83970 20.425 0.163
5269.80339 20.527 0.174
5270.80907 20.396 0.155
5271.80389 20.835 0.265
5272.80975 20.794 0.303
5273.79475 20.804 0.272
5274.81322 20.301 0.163
5275.79957 20.233 0.186
5276.77774 20.062 0.145
5276.90522 20.224 0.127
5277.81428 19.871 0.172
5278.80985 20.425 0.193
5279.81112 21.161 0.552
5280.81773 20.679 0.208
5281.79765 20.769 0.208
5282.82037 19.912 0.099
5283.78049 20.347 0.184
5283.87179 20.442 0.145
5284.78608 20.569 0.277
5285.77693 20.428 0.244
5285.90692 20.385 0.174
5286.79253 21.013 0.501
5287.84571 20.085 0.122
5288.77110 20.395 0.220
5289.82297 20.052 0.138
5293.85091 20.104 0.120
5294.75870 20.319 0.144
5294.79578 20.286 0.109
5294.83317 20.488 0.128
5294.86327 20.248 0.093
5294.90429 20.194 0.108
5295.76018 20.330 0.131
5295.79865 20.251 0.125
5295.83661 20.461 0.150
5295.87476 20.173 0.093
5295.91378 20.209 0.118
5296.80377 20.329 0.115
5296.83824 20.346 0.106
5296.87602 20.294 0.097
5297.75708 20.374 0.139
5297.79708 20.159 0.103
5297.83498 20.432 0.129
5297.87301 20.385 0.117
5297.91195 20.147 0.128
5298.79790 20.457 0.146
5298.83565 20.246 0.124
5298.87386 20.428 0.109
5298.91337 20.105 0.106
5299.74473 19.952 0.099
5299.78235 20.461 0.148
5299.82008 20.629 0.157
5299.85805 20.169 0.110
5299.89849 20.539 0.163
5300.85350 20.254 0.108
5300.89413 20.544 0.164
5301.74918 20.034 0.120
5301.78685 20.556 0.175
5301.82415 20.594 0.182
5301.86240 20.431 0.192
5301.90261 20.695 0.357
5303.91013 19.874 0.118
5304.74716 20.186 0.173
5306.68279 20.076 0.136
5306.71988 20.279 0.131
5306.78422 20.209 0.108
5306.84748 20.328 0.118
5306.88739 20.081 0.091
5306.92540 20.357 0.141
5307.73328 20.311 0.152
5307.79690 20.233 0.101
5307.83490 20.261 0.131
5307.87610 20.090 0.099
5307.91372 20.246 0.132
5308.72573 20.563 0.203
5308.78701 20.514 0.131
5308.82447 20.528 0.151
5308.86485 19.938 0.096
5309.69919 20.081 0.157
5309.79213 20.052 0.097
5309.83464 20.207 0.106
5309.87935 20.145 0.105
5309.91680 20.158 0.114
5310.68415 20.451 0.218
5310.76801 20.085 0.133
5310.87665 19.878 0.085
5310.91415 20.186 0.107
5311.80443 20.123 0.129
5311.86282 20.466 0.160
5311.90765 20.082 0.126
5312.73325 20.548 0.232
5312.77435 20.149 0.163
5312.81348 20.402 0.188
5312.85803 20.352 0.177
5312.89761 20.154 0.140
5313.80703 19.993 0.147
5313.84709 20.035 0.143
5313.88638 20.058 0.161
5313.92390 20.145 0.180
5314.69675 20.193 0.201
5314.73712 20.065 0.166
5314.77711 20.308 0.206
5314.82064 20.094 0.132
5314.87207 20.523 0.243
5314.90946 20.462 0.214
5315.67498 20.086 0.238
5315.71825 19.900 0.196
5315.76025 20.577 0.278
5315.79765 19.776 0.113
5315.83691 19.893 0.165
5315.87855 19.843 0.152
5315.91783 20.277 0.258
5316.71331 20.613 0.338
5316.75640 20.657 0.396
5316.79339 20.319 0.281
5316.83725 20.428 0.303
5319.80938 19.525 0.088
5319.85339 19.827 0.132
5320.67300 18.902 0.069
5320.71538 19.131 0.069
5320.75407 19.058 0.067
5320.79175 18.888 0.048
5320.83245 18.935 0.049
5320.87328 18.984 0.056
5320.91278 18.855 0.048
5321.67065 19.094 0.085
5321.73852 18.973 0.049
5321.77827 19.000 0.048
5321.81626 18.936 0.054
5321.85799 18.944 0.047
5321.89535 18.893 0.045
5321.93246 18.939 0.063
5322.74715 18.628 0.048
5322.82388 18.919 0.045
5322.86646 18.937 0.048
5322.89169 19.111 0.069
5322.93201 18.993 0.055
5323.71613 19.000 0.057
5323.75617 19.064 0.050
5323.79551 19.125 0.051
5323.83748 18.954 0.050
5323.87638 18.966 0.049
5323.91384 18.975 0.059
5324.65494 18.993 0.066
5324.71982 19.056 0.054
5324.75718 19.016 0.052
5324.79564 19.067 0.072
5324.83633 19.041 0.061
5324.87371 18.958 0.052
5324.91436 19.034 0.049
5325.65024 19.054 0.051
5325.71024 18.972 0.045
5325.74821 19.049 0.046
5325.78541 19.017 0.047
5325.82726 18.998 0.046
5325.87236 19.202 0.062
5325.91116 19.232 0.071
5326.62165 18.968 0.084
5326.68530 19.235 0.064
5326.74613 19.186 0.056
5326.78378 19.158 0.039
5326.82346 19.108 0.048
5326.86115 19.311 0.068
5326.89957 19.192 0.055
5327.62525 19.185 0.048
5327.69963 19.191 0.055
5327.77083 19.379 0.067
5327.80982 19.240 0.064
5327.84800 19.345 0.060
5327.88707 19.314 0.065
5327.92491 19.315 0.063
5328.62151 19.394 0.075
5328.72662 19.584 0.072
5328.76529 19.428 0.059
5328.80275 19.829 0.101
5328.84358 19.688 0.086
5328.88132 19.824 0.095
5328.91896 19.849 0.094
5329.71920 19.691 0.090
5334.67032 20.973 0.489
5334.75038 20.535 0.170
5334.80713 20.632 0.195
5334.84856 20.304 0.160
5334.88901 20.631 0.270
5334.92679 21.058 0.388
5335.73213 20.233 0.096
5335.77139 20.475 0.218
5335.81209 20.323 0.147
5335.85054 20.064 0.126
5335.88816 20.155 0.172
5335.92717 20.315 0.167
5336.80546 20.305 0.143
5336.89712 20.276 0.186
5336.93471 20.694 0.300
5337.78151 20.251 0.132
5337.82130 20.245 0.161
5337.85970 19.818 0.134
5337.89752 20.796 0.309
5337.93594 20.808 0.403
5338.77915 19.969 0.163
5338.82178 20.385 0.251
5338.87848 20.198 0.261
5339.65632 20.302 0.225
5339.69427 20.006 0.158
5339.76089 20.465 0.148
5339.85364 20.155 0.184
5339.89374 20.017 0.228
5339.93168 20.541 0.272
5340.64034 20.330 0.298
5340.67970 20.100 0.203
5340.76598 20.761 0.322
5340.82233 20.545 0.325
5340.86097 20.079 0.185
5340.89877 20.365 0.275
5340.93644 20.058 0.199
5341.61087 20.471 0.232
5341.68407 20.261 0.157
5341.79166 20.155 0.139
5341.83013 20.298 0.155
5341.86791 19.995 0.132
5341.90820 20.116 0.145
5342.58240 20.490 0.393
5342.61980 20.705 0.323
5342.65749 20.393 0.236
5342.69488 20.148 0.162
5342.73306 20.137 0.144
5342.77638 20.076 0.185
5342.81558 20.143 0.191
5342.85370 20.234 0.180
5342.89133 20.334 0.222
5342.92921 20.366 0.300
5343.60063 20.001 0.230
5343.63826 20.550 0.318
5343.67592 20.006 0.178
5343.71371 20.512 0.230
5343.75170 20.028 0.142
5343.79240 20.002 0.162
5343.83137 20.281 0.212
5343.88218 20.383 0.262
5343.92005 20.532 0.282
5348.61837 20.141 0.199
5348.71314 20.196 0.218
5348.77866 20.281 0.181
5348.81659 20.742 0.302
5348.86076 20.012 0.127
5348.89906 20.587 0.307
5348.93874 20.469 0.320
5349.72658 20.558 0.236
5349.79212 20.554 0.240
5350.62951 20.284 0.232
5350.66748 20.508 0.284
5350.70485 20.140 0.164
5350.74578 20.289 0.214
5351.61103 20.056 0.161
5351.67626 19.964 0.113
5351.75942 20.063 0.136
5351.84384 20.595 0.225
5351.90218 20.075 0.168
5352.62487 20.068 0.161
5352.68773 20.006 0.096
5352.77368 19.870 0.113
5352.85640 19.904 0.116
5352.89855 19.888 0.123
5353.57903 20.808 0.283
5353.66185 20.175 0.116
5353.74197 20.239 0.117
5353.79341 20.005 0.104
5353.83114 20.393 0.157
5353.88115 20.064 0.147
5354.59705 20.427 0.188
5354.68687 20.062 0.122
5354.78387 20.192 0.139
5354.84291 20.173 0.143
5354.88310 20.567 0.270
5354.92159 20.386 0.233
5355.62738 20.341 0.168
5355.71172 20.351 0.151
5355.79893 20.494 0.203
5355.83956 20.182 0.164
5355.88487 20.746 0.423
5357.62603 20.298 0.174
5357.71100 20.328 0.145
5357.80357 20.174 0.195
5357.88496 20.353 0.209
5358.68008 20.695 0.210
5358.77318 20.348 0.204
5359.59453 20.062 0.186
5359.63563 20.536 0.216
5359.69053 20.253 0.160
5359.73881 20.265 0.179
5359.78751 20.206 0.143
5359.83156 20.326 0.175
5359.87130 19.993 0.174
5361.63738 20.150 0.205
5362.59800 20.802 0.319
5362.69729 20.147 0.132
5362.79915 20.422 0.211
5362.89285 20.449 0.271
5364.53669 20.174 0.213
5364.66841 20.211 0.137
5364.76383 20.197 0.156
5364.80498 20.195 0.188
5364.84445 20.396 0.221
5364.88441 20.607 0.275
5365.55395 20.252 0.212
5365.60132 20.297 0.176
5365.69181 20.388 0.146
5365.78650 20.420 0.179
5365.84286 20.596 0.242
5365.88146 20.055 0.180
5368.62884 19.284 0.088
5369.71358 19.505 0.127
5369.75935 19.550 0.118
5369.79802 19.615 0.134
5369.83715 19.624 0.118
5376.64342 20.246 0.214
5376.68434 20.580 0.282
5376.72327 19.658 0.127
5376.76164 20.030 0.163
5376.79979 20.114 0.182
5376.83779 20.766 0.416
5376.87570 19.595 0.186
5377.53253 19.830 0.142
5377.61531 20.028 0.162
5377.68338 20.199 0.148
5377.73228 20.420 0.190
5377.77532 20.274 0.175
5377.81304 20.136 0.155
5377.85124 20.591 0.276
5378.50743 20.202 0.151
5378.59115 20.057 0.108
5378.67974 20.295 0.126
5378.73717 20.004 0.089
5378.77521 19.855 0.083
5378.81371 20.233 0.141
5378.85362 19.959 0.146
5379.49253 20.363 0.222
5379.54292 20.707 0.245
5379.62778 19.994 0.109
5379.71475 20.143 0.125
5379.76800 20.068 0.112
5379.80587 21.248 0.415
5379.84395 20.170 0.196
5380.50396 20.635 0.291
5380.54183 20.715 0.232
5380.60997 20.408 0.178
5380.69704 20.040 0.107
5380.73771 20.602 0.198
5380.77570 20.505 0.185
5380.85182 20.384 0.335
5381.55133 20.439 0.203
5381.58882 20.075 0.228
5381.64761 20.493 0.290
5381.68883 20.536 0.249
5381.72684 20.264 0.284
5381.76510 20.494 0.322
5381.81191 20.814 0.401
5381.85004 20.047 0.206
5382.54006 20.265 0.239
5382.58445 20.228 0.222
5382.62738 20.324 0.258
5382.66870 20.195 0.192
5382.70870 20.482 0.253
5382.74672 20.326 0.228
5382.79147 19.611 0.131
5382.83524 20.575 0.372
5384.77655 20.122 0.205
5384.83042 19.862 0.212
5385.48601 20.705 0.257
5385.56783 20.405 0.125
5385.82457 20.180 0.114
5386.47137 20.636 0.256
5386.51232 20.153 0.163
5386.59441 20.071 0.131
5386.67881 20.150 0.158
5386.69340 20.354 0.135
5386.75774 20.078 0.100
5386.79717 20.336 0.132
5386.83912 20.278 0.138
5387.54229 20.408 0.144
5387.70166 20.198 0.109
5387.74007 20.240 0.106
5387.78094 20.393 0.145
5387.82430 20.047 0.121
5388.48187 20.601 0.262
5388.51975 19.964 0.117
5388.60697 20.278 0.114
5388.71428 20.633 0.206
5388.77874 20.840 0.260
5388.82186 21.013 0.374
5389.48092 20.542 0.321
5389.51901 20.244 0.162
5389.58280 20.438 0.163
5389.68797 20.355 0.144
5389.76995 20.597 0.219
5389.80914 20.539 0.205
5389.84885 20.287 0.217
5390.55224 20.967 0.359
5390.59805 20.163 0.161
5390.68362 20.156 0.189
5390.73374 20.183 0.122
5390.77159 20.359 0.135
5390.80932 20.311 0.152
5391.54329 20.261 0.256
5391.58069 20.387 0.162
5391.68997 20.379 0.153
5391.79519 20.448 0.203
5391.83291 20.022 0.137
5392.48054 20.116 0.182
5392.51842 20.890 0.293
5392.55840 20.319 0.176
5392.66483 20.359 0.171
5392.77277 20.264 0.149
5392.81045 20.271 0.158
5393.62584 20.056 0.172
5393.66530 20.491 0.254
5393.70364 20.220 0.199
5393.74395 20.354 0.275
5393.78714 20.735 0.323
5393.82489 19.912 0.175
5395.81959 20.093 0.183
5396.53925 19.720 0.173
5396.61444 20.650 0.246
5396.67674 20.022 0.126
5396.71132 19.945 0.111
5396.78392 20.470 0.179
5397.58911 19.925 0.207
5397.63894 20.617 0.385
5397.67716 20.489 0.281
5397.75945 21.369 0.680
5403.50605 20.368 0.178
5403.54329 20.491 0.214
5403.58119 20.382 0.191
5403.62248 20.276 0.177
5403.66107 20.094 0.145
5403.69886 20.163 0.155
5403.73969 20.469 0.226
5404.48139 20.106 0.141
5404.51927 20.417 0.182
5404.55706 20.117 0.154
5404.59546 20.074 0.169
5404.63807 19.959 0.126
5404.67763 20.553 0.234
5404.71652 20.403 0.214
5404.75603 20.184 0.159
5405.61518 19.440 0.113
5405.65446 19.449 0.096
5405.69439 19.422 0.087
5405.73214 19.402 0.095
5405.76964 19.251 0.066
5407.46912 19.305 0.116
5407.50893 19.464 0.091
5407.54698 19.438 0.087
5407.58557 19.318 0.099
5407.62598 19.573 0.123
5407.66428 19.356 0.101
5407.70320 19.738 0.134
5407.74127 19.532 0.100
5407.77912 19.525 0.112
5408.53345 19.630 0.128
5408.58081 19.429 0.093
5408.62107 19.684 0.112
5408.65885 19.706 0.127
5408.69756 19.797 0.128
5408.73548 19.754 0.130
5408.77316 19.494 0.135
5409.48339 20.034 0.130
5409.52464 20.117 0.140
5409.63052 19.912 0.092
5409.73753 20.088 0.138
5409.77530 19.779 0.117
5410.48760 20.285 0.184
5410.52575 19.833 0.110
5410.63405 20.228 0.151
5410.74121 20.255 0.182
5410.77966 20.185 0.155
5411.50219 20.229 0.140
5411.56261 20.359 0.121
5411.67075 20.293 0.113
5411.75471 20.506 0.228
5412.52586 20.401 0.207
5412.56424 20.369 0.232
5412.60429 20.355 0.205
5412.64250 20.407 0.226
5412.68572 20.658 0.239
5412.75993 20.225 0.221
5413.50550 20.012 0.126
5413.58947 20.267 0.138
5413.69734 20.094 0.115
5413.75771 20.144 0.161
5414.48593 20.365 0.147
5414.52371 20.295 0.122
5414.63346 20.382 0.119
5414.74428 20.559 0.185
5416.60258 20.158 0.196
5416.64851 20.245 0.173
5416.71133 20.035 0.149
5418.56710 20.406 0.140
5418.61134 20.693 0.206
5418.66636 20.076 0.117
5418.71298 20.232 0.141
5421.51990 20.524 0.207
5421.57924 20.267 0.143
5421.62530 20.322 0.197
5421.66812 20.335 0.183
5421.71387 20.479 0.196
5422.50304 20.186 0.155
5422.54714 20.567 0.159
5422.67101 20.149 0.111
5423.48481 20.363 0.131
5423.52670 20.546 0.158
5423.63145 20.413 0.184
5425.49374 20.106 0.132
5425.53490 20.539 0.179
5426.50217 20.881 0.498
5426.54122 20.344 0.250
5426.69245 19.922 0.253
5430.48809 20.267 0.211
5430.52796 21.165 0.417
5430.57277 20.937 0.391
5430.61196 20.563 0.229
5430.64999 20.132 0.171
5431.48913 20.816 0.303
5431.52859 19.994 0.138
5431.56791 20.529 0.251
5431.60942 20.287 0.181
5431.64702 20.061 0.171
5431.68796 20.266 0.254
5432.62497 19.934 0.170
5432.66786 20.527 0.332
5433.68790 20.291 0.243
5434.51978 20.494 0.242
5434.56411 20.271 0.177
5434.60709 20.295 0.167
5434.64957 20.592 0.225
5434.69192 20.173 0.170
5435.49131 20.510 0.238
5435.53426 20.398 0.195
5435.60094 20.384 0.176
5435.65450 20.418 0.170
5435.69515 20.093 0.141
5436.48905 20.483 0.195
5436.58794 20.172 0.175
5436.70222 20.279 0.180
5437.54348 20.218 0.125
5437.67452 20.686 0.231
5438.52437 20.510 0.261
5438.58967 20.398 0.200
5438.66411 20.613 0.185
5438.70172 20.063 0.119
5439.53852 20.711 0.326
5439.57994 20.732 0.303
5439.61773 20.308 0.211
5439.65574 20.676 0.249
5443.51020 20.475 0.236
5443.54815 20.595 0.271
5443.59418 20.662 0.307
5443.63190 20.749 0.271
5444.50522 20.008 0.132
5444.55674 20.386 0.185
5444.60840 20.810 0.275
5444.64649 20.527 0.189
5445.47994 20.135 0.133
5445.57781 20.398 0.169
5445.65392 20.573 0.186
5446.48436 20.757 0.269
5446.53549 20.023 0.124
5446.57596 20.268 0.183
5446.61466 20.319 0.140
5446.65451 20.279 0.134
5447.50309 20.464 0.139
5447.54567 19.956 0.122
5447.60957 20.564 0.186
5448.47688 20.601 0.334
5448.52169 20.069 0.149
5448.57578 20.084 0.151
5449.47806 20.218 0.223
5449.51640 20.625 0.271
5449.54740 20.016 0.132
5449.63100 20.352 0.169
5450.51916 20.539 0.301
5450.55667 21.088 0.446
5450.60533 20.460 0.236
5450.64523 20.552 0.292
5451.51756 20.474 0.356
5451.64653 20.420 0.276
5453.47936 20.128 0.300
5453.57908 20.333 0.178
5457.49756 20.334 0.133
5457.55542 20.092 0.104
5457.60267 20.053 0.130
5458.48793 20.225 0.199
5458.54409 20.931 0.500
5458.58704 20.277 0.174
5459.50555 20.729 0.351
5459.55310 20.386 0.174
5459.60219 20.383 0.158
5460.49357 20.763 0.372
5460.53955 19.720 0.183
5460.58883 20.302 0.372
5461.50030 20.407 0.317
5461.54994 20.977 0.620
5461.59229 20.274 0.210
5462.48145 21.014 0.541
5462.56161 20.413 0.215
5463.51429 20.227 0.172
5463.58864 20.305 0.186
5464.50646 20.881 0.316
5464.54846 20.194 0.188
5465.51157 20.353 0.231
5467.48474 20.851 0.368
5468.55427 20.407 0.259
5469.60908 20.429 0.188
5471.51898 20.242 0.175
5471.58741 19.994 0.122
5472.55311 20.998 0.390
5473.50276 20.278 0.225
5476.49398 19.150 0.068
5477.54097 19.197 0.077
5479.51016 19.126 0.077
5480.50540 19.178 0.078
5480.56912 19.236 0.073
5481.54163 19.084 0.122
5485.52189 19.857 0.140
5486.50831 20.281 0.226
5487.48807 20.279 0.213
5487.55171 20.139 0.156
5488.54165 20.426 0.208
5489.52979 20.015 0.202
5492.52986 20.489 0.358
5495.53897 20.430 0.224
5497.53649 20.369 0.214
5502.50494 20.460 0.267
5596.88300 19.766 0.199
5598.86658 20.598 0.225
5599.88228 20.681 0.291
5600.87289 20.154 0.143
5602.86580 20.061 0.213
5604.87399 20.336 0.221
5605.87209 20.590 0.185
5606.86981 20.041 0.140
5607.87413 20.943 0.338
5608.86902 20.616 0.316
5611.85343 19.785 0.190
5612.86865 20.165 0.192
5614.85410 20.381 0.210
5615.86240 20.304 0.177
5616.85545 20.223 0.212
5617.89305 20.293 0.447
5620.84350 19.255 0.076
5621.84632 19.306 0.061
5622.88386 19.622 0.067
5624.83899 19.842 0.099
5625.81814 19.945 0.144
5626.81397 20.256 0.345
5627.84239 20.428 0.176
5628.85312 20.154 0.134
5629.82132 20.941 0.358
5630.79875 20.123 0.160
5631.82599 20.215 0.246
5632.83379 20.574 0.208
5633.79102 20.319 0.162
5634.84588 20.391 0.203
5635.85443 20.259 0.213
5637.81433 20.201 0.304
5638.79322 20.101 0.199
5639.79236 21.040 0.408
5639.86791 20.499 0.179
5640.75719 20.431 0.351
5640.80005 20.058 0.171
5640.83847 20.533 0.290
5640.88704 20.301 0.162
5641.75339 20.518 0.265
5641.79393 20.617 0.267
5641.87350 20.001 0.132
5642.75971 20.112 0.199
5642.79525 20.103 0.146
5642.85426 20.464 0.220
5642.87555 19.848 0.126
5642.91762 20.122 0.326
5643.76977 20.457 0.250
5643.80805 20.677 0.261
5643.86780 20.393 0.161
5643.90903 20.510 0.216
5644.77750 20.416 0.285
5644.81821 19.874 0.171
5644.88878 19.952 0.136
5647.85410 19.829 0.166
5647.87432 20.287 0.256
5647.89028 20.408 0.353
5647.90867 19.865 0.223
5648.75937 20.405 0.201
5648.82479 20.149 0.123
5648.86693 20.071 0.114
5648.91234 20.001 0.162
5649.76579 20.413 0.177
5649.80777 20.208 0.116
5649.87219 20.452 0.148
5649.91052 20.415 0.176
5650.75758 20.257 0.141
5650.82012 20.362 0.136
5650.86416 20.189 0.130
5650.91305 20.138 0.131
5651.77820 20.043 0.121
5651.82124 20.248 0.143
5651.89761 20.157 0.125
5652.75827 20.356 0.151
5652.82157 20.025 0.093
5652.86347 20.284 0.126
5653.78688 20.072 0.102
5653.91731 19.991 0.098
5654.79207 20.029 0.124
5654.83832 20.022 0.115
5654.88247 19.867 0.096
5655.74053 19.434 0.081
5655.77963 19.445 0.075
5655.81757 19.385 0.070
5655.85848 19.203 0.053
5655.90874 19.216 0.055
5656.80003 19.196 0.056
5656.84090 19.203 0.044
5656.92754 19.275 0.124
5657.78882 19.199 0.050
5657.82978 19.156 0.041
5657.87526 19.138 0.044
5657.91965 19.036 0.050
5658.78567 18.956 0.058
5658.84269 19.022 0.046
5658.88113 19.056 0.058
5658.92222 19.174 0.091
5659.73734 19.083 0.046
5659.77496 19.109 0.051
5659.81425 19.272 0.065
5659.85707 19.042 0.065
5659.90471 19.203 0.052
5660.74125 19.189 0.056
5660.78577 19.157 0.059
5660.82747 19.148 0.050
5660.89911 19.057 0.054
5662.73635 19.287 0.073
5662.77677 19.205 0.070
5662.83783 19.248 0.068
5662.87652 19.287 0.060
5662.91790 19.336 0.062
5664.73775 19.428 0.115
5664.78313 19.547 0.092
5664.84330 19.545 0.093
5664.88352 19.682 0.129
5664.92618 19.612 0.123
5665.75020 19.945 0.142
5665.79590 19.815 0.097
5665.86011 20.026 0.119
5665.90778 19.924 0.096
5667.73539 20.395 0.174
5667.74696 20.112 0.131
5667.78800 20.059 0.120
5667.83973 20.475 0.166
5667.89424 19.995 0.098
5668.72180 20.187 0.189
5668.77893 19.931 0.136
5668.84544 20.072 0.161
5668.90042 19.790 0.138
5669.74088 20.503 0.242
5669.78899 20.068 0.128
5669.83802 20.167 0.125
5669.88983 20.001 0.124
5670.72300 19.840 0.127
5670.76346 20.053 0.145
5670.82667 19.789 0.131
5670.86753 20.148 0.130
5670.90893 20.597 0.226
5671.74492 20.746 0.279
5675.70877 20.481 0.193
5675.74723 20.296 0.178
5675.78510 20.101 0.140
5675.82592 20.612 0.242
5675.89535 20.278 0.180
5676.67328 19.400 0.054
5676.71178 20.362 0.094
5676.75092 19.860 0.069
5676.79053 20.180 0.129
5676.85509 20.140 0.117
5676.90116 20.078 0.092
5677.70266 20.190 0.145
5677.74804 20.608 0.165
5677.78940 20.167 0.137
5677.83956 19.968 0.120
5677.89192 20.225 0.112
5679.67054 20.372 0.211
5679.71117 19.824 0.093
5679.75259 20.411 0.158
5679.80469 20.448 0.194
5679.85574 20.110 0.113
5679.89604 20.138 0.115
5680.65814 19.966 0.167
5680.69716 20.063 0.177
5680.73589 20.225 0.162
5680.78538 20.394 0.192
5680.83828 20.333 0.143
5680.88220 20.267 0.123
5680.92247 20.288 0.156
5681.68763 20.133 0.152
5681.72579 20.228 0.147
5681.76555 20.257 0.135
5681.82818 20.344 0.155
5681.87284 20.179 0.157
5681.91280 20.248 0.140
5682.67483 20.287 0.181
5682.71667 20.759 0.246
5682.76427 19.984 0.105
5682.81605 20.607 0.199
5682.89627 20.370 0.154
5682.93526 20.094 0.198
5683.69740 20.038 0.118
5683.76810 20.007 0.106
5683.81659 20.535 0.137
5683.87736 20.121 0.112
5683.91920 20.381 0.139
5684.67954 20.331 0.152
5684.72990 20.479 0.167
5684.78077 20.300 0.133
5684.83288 20.058 0.116
5684.89143 20.187 0.124
5684.93169 20.107 0.173
5685.76721 20.397 0.131
5685.80617 20.235 0.103
5685.85846 20.319 0.108
5685.90251 20.462 0.134
5686.65493 20.652 0.291
5686.71689 20.470 0.157
5686.76227 20.028 0.093
5686.81312 20.281 0.121
5686.86332 20.214 0.174
5686.90259 20.049 0.146
5687.65627 19.815 0.146
5687.70054 20.389 0.244
5687.75239 20.480 0.188
5687.79439 20.080 0.119
5687.84665 20.015 0.110
5688.87015 19.684 0.083
5688.92715 19.980 0.162
5689.69914 19.971 0.100
5689.77396 20.025 0.103
5689.81392 20.146 0.098
5690.64204 20.601 0.235
5690.69222 20.228 0.132
5690.74899 20.208 0.203
5690.79350 20.025 0.128
5690.90565 20.223 0.219
5691.66042 20.570 0.218
5691.73135 20.084 0.113
5691.77440 20.572 0.207
5691.82390 19.993 0.112
5691.86388 20.016 0.124
5691.93170 19.981 0.194
5692.66330 20.427 0.214
5692.71875 20.371 0.165
5692.76599 20.131 0.120
5692.80577 20.017 0.124
5692.84470 20.253 0.134
5692.88312 20.068 0.135
5692.92071 20.290 0.169
5693.63376 20.049 0.147
5693.68232 19.982 0.101
5693.75176 19.928 0.089
5693.78953 19.955 0.083
5693.82878 19.637 0.073
5693.86640 19.716 0.086
5693.90433 19.670 0.091
5694.61526 19.417 0.091
5694.64583 19.399 0.084
5694.68375 19.330 0.066
5694.75001 19.344 0.064
5694.79820 19.356 0.061
5694.83701 19.305 0.053
5694.87435 19.295 0.069
5694.91202 19.276 0.067
5695.61911 19.203 0.077
5695.65752 19.489 0.088
5695.73846 19.119 0.069
5695.79419 19.298 0.053
5695.83846 19.280 0.051
5695.87643 19.261 0.052
5695.91398 19.297 0.054
5696.61066 19.414 0.113
5696.64395 19.727 0.120
5696.69353 19.609 0.095
5696.74110 19.614 0.079
5696.78060 19.429 0.076
5696.82454 19.464 0.070
5696.86597 19.438 0.077
5696.92448 19.836 0.114
5697.61397 19.600 0.122
5697.66135 19.676 0.095
5697.70891 19.812 0.102
5697.74758 19.927 0.124
5697.78979 19.770 0.093
5697.82885 19.674 0.078
5697.86913 19.645 0.086
5697.91112 19.786 0.096
5698.60653 19.836 0.194
5698.64388 19.889 0.170
5698.69456 19.568 0.116
5698.73456 19.694 0.121
5698.77272 20.279 0.220
5698.81504 19.948 0.123
5698.85335 19.611 0.092
5698.89326 20.230 0.224
5698.93771 19.940 0.224
5702.91628 20.215 0.392
5703.68423 20.187 0.236
5703.71540 20.127 0.245
5703.76306 20.183 0.203
5703.83290 20.263 0.241
5705.71109 20.199 0.216
5705.75341 20.215 0.195
5705.79784 20.741 0.411
5705.85517 20.806 0.308
5705.90186 20.363 0.260
5706.64489 20.072 0.225
5706.74042 20.205 0.226
5706.79215 20.275 0.203
5706.85788 20.572 0.305
5707.59019 20.656 0.268
5707.62834 20.359 0.188
5707.68487 20.266 0.164
5707.76219 20.742 0.203
5707.80259 19.922 0.101
5707.84201 20.336 0.142
5707.88177 20.873 0.327
5707.92872 19.969 0.166
5708.60774 20.328 0.185
5708.66375 20.346 0.165
5708.71415 19.921 0.129
5708.75227 20.578 0.246
5708.80310 20.021 0.153
5708.89773 20.546 0.394
5709.58293 19.810 0.138
5709.63589 20.686 0.273
5709.79148 20.047 0.126
5711.69433 20.518 0.204
5712.59558 20.680 0.372
5712.67030 20.289 0.153
5712.68291 20.315 0.159
5712.72204 20.287 0.133
5712.76370 20.357 0.124
5712.80459 20.371 0.144
5712.84401 20.146 0.127
5712.91972 20.596 0.290
5713.77267 20.021 0.096
5713.81935 20.550 0.179
5713.85994 20.579 0.220
5714.59972 20.373 0.275
5714.61415 20.527 0.248
5715.56849 20.013 0.133
5715.61986 20.230 0.137
5715.67189 20.106 0.110
5715.71371 20.268 0.133
5715.76330 20.338 0.148
5715.80490 20.567 0.165
5715.84708 20.563 0.180
5715.90333 20.071 0.163
5716.59011 19.791 0.156
5716.60278 20.121 0.158
5716.61749 20.085 0.153
5716.63012 20.543 0.218
5716.69053 20.483 0.217
5716.74396 20.174 0.123
5716.78764 20.370 0.158
5716.82674 20.352 0.182
5716.86750 20.037 0.145
5716.91458 20.079 0.182
5721.63287 20.639 0.242
5721.71115 19.953 0.134
5721.77948 20.212 0.139
5721.81865 20.700 0.230
5721.87072 20.101 0.156
5721.91186 20.544 0.344
5722.60419 20.309 0.198
5722.61779 19.658 0.089
5722.65860 20.601 0.194
5722.67219 20.209 0.133
5722.71336 20.577 0.198
5722.77840 20.199 0.125
5722.81794 20.502 0.196
5723.56043 20.163 0.187
5723.60845 20.187 0.142
5723.65587 20.403 0.184
5723.69651 20.164 0.150
5723.73755 20.160 0.129
5723.77598 20.004 0.121
5723.81497 19.940 0.091
5723.85464 20.166 0.149
5724.55529 20.828 0.580
5724.55801 19.814 0.213
5724.62411 20.160 0.214
5724.63661 19.981 0.193
5724.67469 20.074 0.159
5724.68875 20.135 0.171
5724.73769 19.706 0.099
5724.78625 19.640 0.103
5724.82695 19.858 0.120
5725.57789 19.414 0.069
5725.59134 19.326 0.057
5725.60480 19.406 0.065
5725.64540 19.461 0.079
5725.65968 19.501 0.074
5725.71214 19.529 0.064
5725.75180 19.303 0.059
5725.79156 19.316 0.063
5726.55577 19.741 0.148
5726.60062 19.256 0.090
5726.63848 19.853 0.124
5726.68598 19.190 0.059
5726.72702 19.393 0.157
5726.76633 19.123 0.100
5726.81124 19.649 0.117
5734.65990 19.863 0.184
5734.70281 20.169 0.261
5734.75098 19.642 0.150
5734.79412 20.255 0.197
5734.84283 20.023 0.195
5734.88749 19.741 0.167
5735.67794 19.883 0.159
5735.74273 20.052 0.138
5735.78952 21.022 0.335
5735.83593 20.767 0.299
5735.88057 19.866 0.172
5736.53867 20.134 0.148
5736.57665 19.909 0.116
5736.61881 20.225 0.102
5736.66244 20.230 0.103
5736.70412 20.068 0.089
5736.78418 20.122 0.106
5736.83121 20.262 0.129
5736.87935 21.042 0.338
5737.52189 19.687 0.116
5737.55998 20.232 0.144
5737.61327 20.255 0.122
5737.65583 20.384 0.139
5737.70995 20.088 0.094
5737.75077 20.315 0.119
5737.78991 20.356 0.139
5737.83704 20.292 0.137
5737.87789 20.774 0.241
5738.58937 20.240 0.142
5738.63018 20.400 0.142
5738.69745 20.148 0.108
5738.73697 19.882 0.085
5739.50291 19.808 0.152
5739.52815 20.092 0.152
5739.56641 20.131 0.165
5739.60700 20.053 0.127
5739.65571 20.349 0.137
5739.71364 20.053 0.126
5739.75201 20.059 0.105
5739.79077 20.465 0.175
5739.84561 20.211 0.156
5740.49851 19.581 0.133
5740.54605 20.238 0.218
5740.58714 20.422 0.253
5740.64695 19.859 0.110
5740.71061 19.934 0.108
5740.75014 20.192 0.131
5740.79500 20.415 0.172
5740.83405 20.495 0.234
5740.88146 21.279 0.565
5741.52090 20.541 0.236
5741.56014 20.304 0.169
5741.60432 19.947 0.104
5741.64217 20.070 0.132
5741.70324 20.277 0.156
5741.74230 20.504 0.173
5741.78325 20.189 0.122
5741.82151 20.613 0.201
5741.85949 20.237 0.128
5742.49241 19.640 0.137
5742.53507 20.045 0.141
5742.57743 20.820 0.265
5742.61541 20.354 0.143
5742.67719 20.498 0.149
5742.71602 20.000 0.095
5742.75457 20.083 0.093
5742.79283 20.215 0.115
5742.83084 20.201 0.109
5742.87111 20.285 0.153
5743.62700 19.814 0.123
5743.66677 20.237 0.146
5743.72777 20.065 0.150
5743.76595 20.053 0.142
5743.80401 20.259 0.173
5743.84162 20.831 0.362
5743.87955 20.861 0.472
5744.52366 20.093 0.204
5744.56204 19.749 0.129
5744.60021 20.274 0.205
5744.64869 20.312 0.141
5744.72702 20.111 0.134
5744.77703 20.154 0.130
5744.81875 20.221 0.159
5744.86393 20.183 0.218
5745.51240 20.102 0.171
5745.55858 20.547 0.219
5745.59933 20.424 0.250
5745.63848 20.397 0.181
5745.69903 20.097 0.110
5745.73706 20.220 0.142
5745.77524 20.279 0.175
5745.81315 20.520 0.240
5746.56985 20.367 0.231
5746.60960 20.573 0.213
5746.65031 20.375 0.179
5746.71630 19.876 0.119
5746.75409 20.418 0.200
5746.79646 21.243 0.508
5746.84220 20.583 0.299
5747.65754 20.124 0.160
5747.70282 20.356 0.233
5747.81288 21.409 0.753
5748.63036 20.207 0.130
5748.68773 20.378 0.218
5749.52556 20.839 0.455
5749.56352 20.679 0.257
5749.60289 20.090 0.138
5749.65221 20.037 0.145
5749.69186 20.324 0.215
5749.73014 19.822 0.125
5749.76853 20.025 0.152
5752.56993 20.147 0.253
5753.49917 20.957 1.093
5753.55316 19.899 0.431
5753.60372 20.144 0.223
5753.76804 20.165 0.295
5754.59632 19.990 0.376
5759.83091 20.892 0.462
5760.49079 19.802 0.197
5760.53242 20.177 0.201
5760.58501 20.203 0.174
5760.64122 20.026 0.157
5760.68460 20.196 0.165
5760.73586 20.118 0.156
5760.77413 20.121 0.154
5760.81180 20.823 0.338
5761.50523 20.807 0.213
5761.54847 19.819 0.071
5762.51181 20.342 0.184
5762.55010 19.972 0.130
5762.59176 20.277 0.145
5762.63012 20.326 0.195
5762.66987 20.088 0.147
5762.70609 19.998 0.145
5762.74796 20.022 0.203
5762.76747 19.882 0.186
5763.50213 20.152 0.142
5763.54613 20.017 0.094
5763.58777 19.770 0.077
5763.64468 19.874 0.105
5763.68653 19.758 0.114
5763.73411 19.650 0.110
5763.77207 19.611 0.122
5763.81093 19.845 0.158
5764.50997 19.176 0.055
5764.54980 19.342 0.061
5764.59039 19.391 0.062
5764.63860 19.170 0.059
5764.68762 19.077 0.047
5764.73324 19.240 0.050
5765.46895 19.295 0.077
5765.50896 19.373 0.073
5765.55186 19.220 0.056
5765.61589 19.142 0.046
5765.66089 19.426 0.067
5765.70511 19.257 0.061
5765.75102 19.347 0.078
5766.48134 19.540 0.091
5766.52026 19.635 0.086
5766.58469 19.320 0.060
5766.62454 19.323 0.055
5766.66525 19.501 0.062
5766.70645 19.682 0.083
5766.75013 19.562 0.091
5767.49850 19.367 0.089
5767.54409 19.589 0.094
5767.58743 19.539 0.079
5767.65534 19.870 0.112
5767.71128 19.760 0.100
5767.75202 19.962 0.155
5767.79360 20.557 0.282
5768.48818 19.895 0.112
5768.52804 19.814 0.097
5768.58856 19.622 0.075
5768.63540 19.814 0.087
5768.68002 19.842 0.087
5768.72693 19.999 0.100
5768.76770 19.902 0.111
5769.47238 20.264 0.191
5769.51182 20.062 0.126
5769.56577 20.161 0.122
5769.62357 19.806 0.099
5769.67672 20.073 0.109
5769.72564 20.012 0.121
5769.76784 19.970 0.128
5770.66880 20.003 0.148
5770.75276 20.017 0.139
5775.59508 20.553 0.272
5775.63783 20.680 0.295
5776.53895 20.253 0.254
5776.60617 19.725 0.129
5776.64721 20.100 0.149
5776.72187 20.101 0.209
5777.47873 20.338 0.169
5777.52324 20.293 0.128
5777.57529 20.208 0.125
5777.65570 20.328 0.138
5777.70580 20.598 0.167
5777.77061 20.042 0.131
5778.50347 19.878 0.170
5778.55991 19.970 0.151
5778.60823 19.979 0.167
5779.59828 20.114 0.132
5779.64221 20.347 0.147
5779.69674 20.281 0.163
5779.74132 20.555 0.193
5784.51576 20.149 0.244
5784.60166 19.945 0.150
5784.71899 20.060 0.259
5785.51857 19.870 0.165
5785.57893 20.757 0.359
5785.62547 19.909 0.165
5785.66781 20.034 0.157
5785.70968 20.155 0.208
5786.49204 19.678 0.172
5786.56907 19.726 0.147
5786.61350 20.535 0.293
5786.65613 20.788 0.339
5786.71147 19.868 0.142
5787.47664 20.185 0.185
5787.54777 20.055 0.129
5787.58987 20.492 0.184
5787.63530 20.247 0.134
5787.67424 20.516 0.220
5787.71993 20.306 0.196
5788.49178 20.020 0.155
5788.55544 20.092 0.172
5788.59501 20.174 0.156
5788.63580 20.104 0.161
5788.67656 20.714 0.317
5788.72032 20.508 0.312
5790.47339 20.239 0.223
5790.52083 20.180 0.178
5790.57293 21.113 0.463
5790.61463 20.358 0.229
5790.65532 20.266 0.176
5790.69550 20.706 0.263
5790.73371 20.552 0.255
5791.51159 20.149 0.176
5791.61361 20.517 0.201
5793.51488 20.206 0.143
5793.56800 20.115 0.149
5793.61028 20.063 0.133
5793.64884 20.123 0.162
5793.68782 20.200 0.165
5793.73204 20.745 0.358
5794.50655 20.188 0.182
5794.57380 20.103 0.144
5794.61493 20.288 0.198
5794.65684 20.252 0.177
5794.70368 20.145 0.136
5795.56710 21.273 0.596
5795.62848 20.183 0.188
5795.71021 20.107 0.157
5796.47671 20.626 0.240
5796.52798 20.369 0.174
5796.59666 20.557 0.221
5796.63561 20.150 0.136
5796.67693 20.894 0.342
5799.49139 19.840 0.131
5801.53186 20.252 0.199
5801.57112 19.889 0.129
5801.60924 20.407 0.229
5801.65050 20.247 0.173
5801.69056 19.880 0.143
5802.56221 20.095 0.167
5802.64196 20.676 0.315
5803.53585 20.258 0.187
5804.47911 20.313 0.164
5804.54326 20.075 0.148
5804.58374 20.169 0.145
5804.62153 20.423 0.171
5804.66078 20.224 0.206
5805.49072 20.353 0.120
5805.54398 20.188 0.130
5805.58197 20.114 0.121
5805.62533 20.585 0.213
5805.68106 20.714 0.315
5806.53929 20.572 0.269
5807.57912 20.480 0.275
5807.62172 19.846 0.117
5807.65949 20.235 0.238
5812.52308 20.097 0.226
5812.56324 19.994 0.209
5812.60391 20.024 0.187
5812.64504 20.026 0.192
5813.47445 19.828 0.183
5813.57655 20.591 0.209
5813.61442 20.346 0.163
5813.65226 20.191 0.162
5815.51759 19.758 0.097
5815.55600 20.042 0.121
5815.60325 20.279 0.155
5815.64101 20.065 0.121
5816.47785 19.390 0.083
5816.53619 19.069 0.064
5816.57436 19.038 0.062
5816.61271 19.229 0.078
5817.48059 19.081 0.054
5817.53743 19.149 0.057
5817.57537 19.283 0.084
5817.61444 19.123 0.074
5817.65518 19.574 0.124
5818.51889 19.450 0.091
5818.55697 19.631 0.107
5818.59533 19.421 0.097
5818.63702 19.102 0.089
5819.51848 19.506 0.074
5819.56532 19.682 0.108
5819.60302 19.481 0.086
5819.64289 19.703 0.103
5820.49619 20.061 0.240
5820.54329 19.727 0.109
5820.58098 19.723 0.108
5820.61886 19.908 0.145
5820.65515 19.926 0.180
5822.53829 20.092 0.177
5822.58327 20.230 0.169
5822.62693 20.427 0.228
5823.51499 19.815 0.181
5823.55834 20.495 0.287
5823.60195 20.368 0.211
5824.48243 20.399 0.299
5824.53891 20.026 0.127
5824.61942 20.030 0.156
5825.49896 20.580 0.300
5825.55693 19.892 0.129
5825.59542 20.309 0.169
5826.47982 20.136 0.237
5826.51969 20.422 0.251
5826.56719 20.638 0.264
5826.60633 20.492 0.293
5827.50616 19.976 0.210
5827.54414 20.551 0.317
5827.58662 20.285 0.221
5827.62418 20.153 0.195
5828.51939 20.210 0.146
5828.55737 20.252 0.146
5828.59493 20.401 0.190
5829.48130 19.750 0.173
5829.53033 20.206 0.149
5829.56802 20.674 0.197
5829.60629 20.203 0.137
5830.50525 20.632 0.198
5830.54340 20.124 0.120
5830.58109 20.352 0.191
5831.48356 20.435 0.199
5831.54210 20.722 0.257
5831.57954 20.250 0.149
5831.61523 20.535 0.262
5832.52553 20.205 0.131
5832.56513 20.140 0.146
5832.60339 20.841 0.337
5833.52341 20.366 0.155
5833.56297 20.011 0.113
5833.60090 20.367 0.200
5834.52262 20.202 0.124
5834.56036 20.234 0.138
5834.59652 20.579 0.204
5835.54378 20.774 0.382
5836.50619 20.423 0.288
5839.49969 19.969 0.213
5839.57593 20.021 0.233
5840.48092 19.843 0.299
5840.52995 20.628 0.277
5840.58240 20.201 0.174
5841.48342 20.026 0.319
5841.52414 20.196 0.246
5841.56745 20.686 0.331
5842.52542 20.138 0.276
5842.57415 20.097 0.227
5843.48343 19.803 0.211
5843.52715 20.217 0.200
5843.56764 20.152 0.220
5843.60866 20.556 0.351
5844.51206 20.143 0.179
5844.55099 20.338 0.235
5844.59057 20.175 0.307
5845.51150 19.918 0.173
5845.55196 20.507 0.301
5845.59220 20.516 0.390
5846.51515 19.641 0.162
5846.55392 20.603 0.380
5847.54211 20.537 0.451
5850.52619 20.279 0.174
5850.56463 20.343 0.191
5851.51518 20.388 0.208
5851.55294 20.681 0.274
5852.50374 20.446 0.331
5852.54627 19.906 0.181
5854.50767 19.859 0.173
5854.54864 19.942 0.172
5855.49024 20.093 0.410
5855.53542 20.027 0.179
5856.49170 20.237 0.325
5856.53996 20.668 0.398
5857.50897 20.615 0.399
5859.50639 20.251 0.256
5859.54236 19.705 0.143
5860.52187 20.806 0.364
5861.51563 20.200 0.194
5862.52305 20.003 0.163
5866.50624 19.761 0.219
5866.53156 19.628 0.227
5867.50941 20.226 0.199
5868.50891 20.001 0.212
5869.50169 19.900 0.198
5870.50631 20.330 0.192
5872.50546 19.691 0.141
5873.50665 20.219 0.242
5875.50149 19.308 0.201
5971.87552 20.164 0.145
5972.89038 20.229 0.184
5976.87959 20.203 0.141
5977.84068 20.310 0.200
5977.87709 19.971 0.131
5978.84281 20.013 0.155
5978.88738 19.968 0.124
5979.84083 20.070 0.181
5979.87930 19.798 0.169
5980.86069 19.867 0.150
5982.82192 20.142 0.218
5982.86526 20.024 0.170
5983.82663 20.868 0.361
5983.85698 20.079 0.111
5983.90464 20.467 0.228
5984.83918 20.160 0.134
5984.88649 19.912 0.090
5985.82480 20.616 0.297
5985.86141 20.065 0.133
5986.81898 20.239 0.195
5986.83946 20.104 0.147
5986.88739 20.176 0.122
5987.81768 20.158 0.208
5987.85423 20.490 0.192
5987.90420 19.985 0.155
5988.83329 20.148 0.179
5988.88059 19.982 0.098
5989.81080 20.456 0.221
5989.84089 20.644 0.247
5989.88271 19.553 0.096
5990.80914 20.431 0.282
5990.84689 20.331 0.157
5990.88832 19.753 0.086
5991.82197 20.028 0.137
5991.86235 20.564 0.182
5992.81626 19.801 0.120
5992.83896 19.882 0.103
5992.88102 20.290 0.132
5993.80682 19.909 0.166
5993.84601 19.880 0.134
5993.88913 20.778 0.250
5994.80833 19.741 0.130
5994.84009 20.900 0.278
5994.89100 19.848 0.106
5995.80026 20.098 0.139
5995.81978 19.868 0.109
5995.86538 19.720 0.086
5995.90355 19.843 0.112
5996.80799 19.614 0.089
5996.84557 19.910 0.100
5996.89231 19.564 0.060
5997.80140 19.542 0.097
5997.84010 19.573 0.084
5997.88773 19.481 0.068
5998.78829 19.347 0.086
5998.81628 19.418 0.071
5998.86786 19.418 0.065
5998.90558 19.297 0.055
5999.80014 19.217 0.071
5999.84871 19.340 0.066
5999.88691 19.434 0.067
6002.90828 19.710 0.142
6003.86512 19.592 0.099
6004.76562 19.433 0.104
6004.79780 20.084 0.146
6004.85567 19.868 0.108
6004.89329 20.216 0.122
6005.76106 20.851 0.300
6005.80211 20.448 0.175
6005.85067 20.356 0.157
6005.90745 19.990 0.078
6006.77282 20.161 0.137
6006.82567 19.929 0.088
6006.87661 20.310 0.140
6006.91430 20.120 0.123
6007.77865 20.485 0.167
6007.82556 20.086 0.111
6007.87380 20.097 0.107
6007.91142 20.203 0.113
6008.77040 20.015 0.136
6008.81776 20.046 0.125
6008.86704 20.040 0.117
6008.90452 20.289 0.158
6009.76404 20.187 0.146
6009.80647 19.886 0.088
6009.85489 20.049 0.098
6009.89228 20.082 0.101
6010.74766 20.405 0.201
6010.77623 20.063 0.119
6010.82519 19.785 0.086
6010.87442 20.215 0.097
6010.91268 19.974 0.085
6011.82280 19.808 0.130
6011.88025 20.195 0.169
6011.91842 20.052 0.180
6012.76641 20.152 0.141
6012.80709 20.295 0.131
6012.86542 20.071 0.087
6012.90328 20.152 0.076
6013.76222 20.158 0.137
6013.80100 20.124 0.109
6013.86247 20.069 0.112
6013.90372 19.962 0.089
6014.73844 20.346 0.180
6014.77731 20.114 0.112
6014.83668 19.946 0.111
6014.87611 20.050 0.131
6014.91577 20.730 0.305
6015.75527 20.279 0.133
6015.79413 19.974 0.081
6015.83258 19.928 0.072
6015.88279 19.929 0.079
6015.92417 20.061 0.220
6016.73174 20.013 0.112
6016.74823 19.936 0.093
6016.76556 20.149 0.110
6016.78801 19.916 0.093
6016.80590 19.886 0.085
6016.82810 20.232 0.111
6016.86864 19.745 0.069
6016.89144 20.053 0.089
6016.90904 20.018 0.083
6017.74087 20.037 0.107
6017.77901 19.736 0.066
6017.81729 19.771 0.065
6017.87575 19.945 0.074
6017.91628 20.022 0.090
6018.76737 19.725 0.108
6018.80623 19.975 0.149
6018.84614 19.779 0.070
6018.91145 19.903 0.069
6019.74293 20.387 0.214
6019.78233 19.907 0.104
6019.83957 19.556 0.063
6019.87738 19.729 0.059
6019.91731 19.560 0.063
6020.72641 19.584 0.088
6020.76493 19.849 0.098
6020.82107 19.753 0.067
6020.85989 19.764 0.066
6020.89950 19.877 0.117
6021.71580 19.875 0.205
6021.74769 19.668 0.099
6021.78668 19.839 0.104
6021.82534 19.654 0.064
6021.88371 19.810 0.081
6021.92413 19.797 0.117
6022.73524 19.474 0.082
6022.77350 19.844 0.091
6022.81176 19.993 0.098
6022.86925 19.767 0.084
6022.91150 19.930 0.109
6023.72925 19.798 0.132
6023.76915 20.031 0.114
6023.80975 19.972 0.113
6023.84988 19.823 0.093
6023.91438 20.009 0.117
6024.72276 19.912 0.151
6024.76373 20.067 0.159
6024.82430 19.681 0.079
6024.86486 19.769 0.084
6024.91513 19.530 0.089
6025.71246 19.391 0.115
6025.75294 19.422 0.097
6025.79276 19.554 0.109
6025.84599 19.481 0.099
6025.89826 19.189 0.066
6026.72649 18.969 0.132
6029.84336 19.691 0.102
6031.76593 19.838 0.115
6031.80537 19.902 0.097
6031.84633 19.834 0.091
6031.88712 20.065 0.162
6032.68226 20.000 0.168
6032.72227 20.039 0.115
6032.77012 20.172 0.113
6032.81855 20.165 0.117
6032.85888 20.061 0.113
6032.90264 20.289 0.120
6033.69432 20.052 0.166
6033.74105 19.842 0.117
6033.78266 20.078 0.145
6033.85370 19.952 0.089
6033.89528 20.131 0.130
6034.69016 20.099 0.132
6034.73683 20.116 0.116
6034.78258 20.248 0.105
6034.83670 19.928 0.099
6034.92494 19.551 0.091
6035.86873 20.226 0.136
6035.93324 19.878 0.215
6036.72726 20.061 0.099
6036.77127 20.434 0.129
6036.84763 19.973 0.073
6036.90208 20.204 0.120
6037.71314 20.199 0.182
6037.75375 20.123 0.157
6037.79745 19.965 0.109
6037.86857 19.997 0.089
6037.90907 20.748 0.273
6038.72205 20.193 0.176
6038.76365 19.980 0.129
6038.82889 20.223 0.117
6038.87399 20.055 0.102
6038.92461 20.657 0.216
6039.74515 19.812 0.153
6039.79139 20.184 0.168
6039.85155 20.191 0.135
6039.89597 20.326 0.148
6039.93423 20.567 0.364
6040.76246 20.042 0.155
6040.80438 20.153 0.135
6040.86744 20.210 0.140
6040.90860 20.203 0.135
6041.71043 19.894 0.135
6041.75518 20.485 0.241
6041.79937 20.185 0.124
6041.86114 20.074 0.104
6041.90146 19.823 0.087
6045.89599 19.743 0.080
6045.93363 19.655 0.111
6046.90722 19.590 0.073
6047.68024 19.818 0.127
6047.71939 19.517 0.083
6047.75889 19.712 0.074
6047.79846 19.747 0.077
6047.87159 19.790 0.100
6047.91292 19.992 0.120
6048.69668 19.793 0.102
6048.73697 19.640 0.075
6048.79804 20.133 0.115
6048.84251 19.831 0.084
6048.88578 19.707 0.081
6048.92687 20.141 0.119
6049.70535 19.967 0.108
6049.75900 19.557 0.057
6049.81760 20.136 0.093
6049.85826 19.831 0.091
6049.89941 20.256 0.132
6050.65752 19.784 0.147
6050.69470 19.779 0.121
6050.73381 19.911 0.118
6050.80417 20.278 0.149
6050.84407 20.270 0.159
6050.88294 19.860 0.107
6050.92167 19.994 0.132
6051.66384 19.684 0.115
6051.75317 20.084 0.109
6052.67908 19.844 0.145
6052.72702 19.973 0.132
6052.77522 19.954 0.118
6052.81431 20.448 0.195
6052.85526 20.254 0.145
6052.89405 20.164 0.135
6052.93259 20.196 0.160
6053.67070 19.859 0.152
6053.71074 19.877 0.129
6053.75822 20.162 0.138
6053.80613 19.898 0.097
6053.86151 20.278 0.155
6054.86568 19.740 0.099
6054.89883 20.191 0.162
6057.87757 19.739 0.096
6057.92556 19.945 0.154
6058.71736 20.541 0.228
6058.75670 19.808 0.090
6058.80075 20.275 0.139
6058.84740 19.994 0.127
6058.88903 20.436 0.161
6058.92752 20.103 0.156
6059.69487 20.153 0.158
6059.73350 19.847 0.112
6059.77195 19.911 0.102
6059.83210 20.055 0.106
6059.87092 19.878 0.088
6059.90980 19.835 0.092
6060.77757 19.950 0.104
6061.67136 19.870 0.128
6061.71025 20.811 0.298
6061.76032 19.988 0.096
6061.81087 20.149 0.137
6061.84978 20.236 0.137
6061.88803 20.440 0.210
6061.92659 20.253 0.175
6062.66592 20.208 0.169
6062.70876 20.128 0.158
6062.74778 19.890 0.125
6062.79739 20.146 0.145
6062.84857 20.126 0.127
6062.88687 20.073 0.120
6062.92486 19.983 0.132
6063.77661 19.920 0.148
6063.81772 20.159 0.151
6063.86631 20.166 0.178
6063.91355 20.193 0.142
6064.66419 20.380 0.165
6064.74033 20.163 0.093
6064.80205 20.048 0.091
6064.84378 19.996 0.102
6064.88627 20.345 0.159
6064.92472 20.075 0.137
6065.63522 20.166 0.147
6065.67336 20.524 0.173
6065.71186 20.220 0.115
6065.77260 20.132 0.100
6065.81399 19.774 0.098
6065.86111 20.314 0.152
6066.63767 19.952 0.123
6066.67561 20.112 0.118
6066.71363 19.797 0.084
6066.76403 20.112 0.091
6066.81805 20.137 0.124
6066.85866 19.936 0.103
6066.89888 19.862 0.091
6066.93706 20.275 0.134
6067.62193 20.264 0.148
6067.66257 19.787 0.091
6067.70065 20.222 0.118
6067.74958 20.018 0.087
6067.80084 20.092 0.118
6067.83976 20.184 0.113
6067.87863 19.891 0.098
6067.91644 20.085 0.106
6068.61679 20.285 0.173
6068.66578 19.727 0.081
6068.71252 20.268 0.126
6068.76468 20.402 0.134
6068.84041 19.918 0.077
6068.88516 20.088 0.092
6068.93185 19.925 0.091
6069.66499 20.336 0.150
6069.70489 19.758 0.075
6069.74437 20.385 0.124
6069.81155 19.957 0.098
6069.85323 19.949 0.081
6069.89378 20.059 0.089
6069.93190 20.301 0.129
6070.61413 20.788 0.361
6070.65228 20.189 0.182
6070.69204 20.080 0.107
6070.73029 20.160 0.111
6070.77909 20.049 0.109
6070.82911 19.930 0.096
6070.86901 20.123 0.124
6070.90750 20.103 0.132
6070.94666 20.007 0.241
6071.61412 19.927 0.107
6071.65333 20.242 0.140
6071.69296 20.414 0.151
6071.73170 19.988 0.087
6071.79508 20.066 0.136
6071.83492 20.002 0.106
6071.87300 20.104 0.121
6071.91097 20.018 0.191
6075.60812 19.878 0.091
6075.64625 19.784 0.078
6075.68452 20.127 0.092
6075.73533 20.164 0.113
6075.79012 20.086 0.089
6075.82964 20.047 0.092
6075.87408 20.170 0.113
6076.59924 20.246 0.165
6076.64087 19.940 0.126
6076.68764 19.825 0.111
6076.73487 20.209 0.109
6076.78389 20.038 0.109
6076.82261 20.113 0.125
6076.87193 20.099 0.143
6076.91763 20.386 0.217
6077.69976 20.155 0.132
6077.75887 20.132 0.141
6077.81785 20.335 0.148
6077.85887 20.095 0.102
6077.90025 20.376 0.162
6077.93889 20.166 0.162
6078.62078 19.839 0.099
6078.65888 19.885 0.119
6078.69735 20.063 0.115
6078.76016 20.251 0.131
6078.80130 20.197 0.104
6078.83950 19.950 0.091
6078.88366 19.827 0.088
6078.92316 20.320 0.142
6079.58600 19.789 0.096
6079.62525 19.932 0.104
6079.66321 20.116 0.110
6079.71658 20.127 0.105
6079.77685 20.168 0.135
6079.81601 20.096 0.123
6079.86665 19.935 0.075
6079.90653 19.954 0.112
6079.94529 19.885 0.153
6080.59570 19.980 0.170
6080.63382 19.637 0.101
6080.67683 19.781 0.093
6080.72215 19.678 0.081
6080.76224 19.742 0.108
6080.80155 19.884 0.097
6080.85886 20.182 0.137
6080.89979 19.393 0.065
6080.94159 19.612 0.089
6081.59143 19.609 0.109
6081.62922 19.577 0.091
6081.67027 19.673 0.095
6081.71565 19.674 0.083
6081.75495 19.518 0.094
6081.80967 19.539 0.070
6081.85291 19.303 0.070
6081.89155 19.711 0.123
6081.93955 18.655 0.057
6082.62322 19.496 0.145
6082.66236 19.342 0.146
6082.71309 19.553 0.140
6082.78439 19.531 0.132
6082.82876 19.376 0.113
6082.86577 19.773 0.159
6082.91045 19.417 0.141
6085.58653 19.249 0.089
6085.63643 18.943 0.055
6085.67270 19.169 0.066
6085.71662 19.025 0.073
6085.75953 19.069 0.059
6085.79833 19.086 0.058
6085.83717 19.048 0.070
6085.87700 19.057 0.111
6085.91735 19.132 0.081
6086.56991 19.029 0.060
6086.61032 18.960 0.057
6086.65345 19.188 0.057
6086.69243 19.051 0.044
6086.75554 19.097 0.046
6086.79383 19.109 0.059
6086.83923 18.934 0.044
6086.88572 18.978 0.059
6086.92710 19.130 0.087
6087.58939 18.907 0.046
6087.72639 19.195 0.071
6087.78275 19.163 0.052
6087.83377 19.182 0.067
6088.56163 19.319 0.081
6088.59946 19.195 0.057
6088.63785 19.228 0.053
6088.67565 19.117 0.038
6089.64169 19.316 0.059
6089.68048 19.069 0.045
6089.74162 19.294 0.061
6089.79200 19.292 0.065
6089.85314 19.346 0.069
6089.92818 19.150 0.077
6092.59782 19.909 0.110
6092.63590 18.879 0.073
6092.67625 19.774 0.105
6092.80568 19.955 0.106
6092.87525 20.175 0.166
6093.55061 19.638 0.105
6093.59217 19.764 0.100
6093.63023 20.111 0.118
6093.66823 19.782 0.104
6093.72870 19.831 0.083
6093.79067 20.138 0.158
6093.83066 20.013 0.143
6093.87116 19.956 0.163
6094.60416 20.361 0.239
6094.64165 20.236 0.175
6094.67915 20.498 0.213
6094.72897 19.989 0.126
6094.77616 20.104 0.147
6094.81518 20.096 0.138
6094.85444 20.152 0.167
6094.90441 20.896 0.454
6096.60290 20.097 0.149
6096.64848 20.294 0.147
6096.68780 20.429 0.190
6096.76243 19.871 0.118
6096.80176 19.864 0.128
6096.84265 20.225 0.165
6096.88475 19.984 0.184
6097.67659 19.930 0.122
6097.74925 20.395 0.251
6097.78798 20.442 0.211
6097.82562 19.920 0.126
6097.86528 20.431 0.203
6097.90396 19.794 0.143
6098.58302 20.145 0.181
6098.62270 20.035 0.140
6098.66030 20.375 0.198
6098.71191 20.695 0.265
6098.76196 20.416 0.154
6098.80246 20.299 0.158
6098.84120 19.916 0.125
6098.87914 20.084 0.152
6099.63924 20.046 0.203
6099.75012 20.267 0.217
6100.51400 20.164 0.204
6100.56995 19.913 0.155
6100.60988 20.090 0.140
6100.64753 19.893 0.106
6100.70750 20.000 0.097
6100.74675 20.041 0.112
6100.78453 20.208 0.212
6100.83495 19.962 0.124
6100.87266 19.987 0.167
6101.51096 19.594 0.108
6101.54900 20.103 0.149
6101.58656 19.852 0.108
6101.62470 20.113 0.120
6101.66433 20.393 0.131
6101.72609 20.303 0.132
6101.76504 20.279 0.142
6101.80402 20.051 0.126
6101.85156 19.707 0.130
6102.51191 19.394 0.140
6102.55085 19.914 0.149
6102.59929 19.962 0.128
6102.64651 20.132 0.131
6102.68607 20.159 0.139
6102.72615 20.270 0.123
6102.76508 20.277 0.123
6102.80488 20.112 0.125
6102.84482 20.127 0.138
6102.88409 20.645 0.277
6103.51697 19.839 0.131
6103.55631 20.203 0.147
6103.59746 20.089 0.113
6103.64685 20.179 0.105
6103.69586 20.959 0.283
6103.73670 19.823 0.096
6103.80218 20.094 0.118
6103.85038 20.046 0.137
6104.51834 19.656 0.094
6104.55625 20.111 0.106
6104.59384 20.040 0.099
6104.62987 20.301 0.118
6104.67935 20.225 0.092
6104.72140 19.956 0.084
6104.76017 20.171 0.110
6104.79981 20.427 0.151
6104.84583 20.240 0.135
6105.50069 19.957 0.158
6105.52869 20.188 0.166
6105.56633 19.945 0.132
6105.62444 19.965 0.105
6105.67944 19.834 0.085
6105.71847 19.890 0.087
6105.75831 19.617 0.099
6106.62427 20.238 0.182
6106.69266 19.465 0.121
6108.52845 20.459 0.230
6108.56733 20.046 0.130
6108.61994 19.861 0.129
6108.67096 20.253 0.134
6108.71358 20.347 0.140
6108.75315 19.954 0.100
6108.79201 20.490 0.196
6108.83395 20.077 0.115
6108.87058 20.295 0.167
6109.68201 21.092 0.431
6109.71840 19.847 0.124
6109.75628 19.858 0.141
6109.79913 19.738 0.128
6109.83929 19.728 0.126
6113.53552 20.661 0.358
6113.57778 20.770 0.322
6113.61542 19.979 0.139
6113.65657 20.391 0.226
6113.69733 20.032 0.152
6113.73627 19.816 0.139
6113.77402 19.833 0.112
6113.81188 20.693 0.275
6113.85050 20.440 0.263
6113.86145 20.620 0.457
6114.58608 19.986 0.188
6114.62209 19.847 0.139
6114.67149 20.154 0.187
6114.71989 20.071 0.130
6114.75750 20.223 0.179
6114.79654 20.106 0.151
6114.83805 19.808 0.144
6115.48331 20.115 0.174
6115.52253 20.428 0.193
6115.55983 20.057 0.129
6115.61002 19.836 0.094
6115.66658 19.658 0.103
6115.71047 19.794 0.146
6115.77564 20.364 0.230
6116.48141 19.828 0.113
6116.52300 19.970 0.098
6116.56308 19.920 0.093
6116.61122 19.884 0.082
6116.65983 19.879 0.088
6116.69784 19.891 0.101
6116.74510 19.854 0.100
6116.78385 19.891 0.109
6116.82584 19.877 0.108
6117.50334 19.614 0.098
6117.54079 19.837 0.103
6117.57813 19.623 0.079
6117.63006 19.833 0.086
6117.68082 19.633 0.074
6117.71966 19.692 0.084
6117.75883 19.900 0.103
6117.79633 19.640 0.089
6117.83433 19.304 0.077
6118.49337 20.349 0.184
6118.53162 19.718 0.084
6118.57192 19.919 0.090
6118.62224 20.123 0.103
6118.67785 19.922 0.099
6118.71983 20.017 0.094
6118.75861 19.792 0.087
6118.79583 19.856 0.104
6118.83349 20.458 0.184
6119.48165 19.915 0.150
6119.52083 20.080 0.149
6119.56103 20.040 0.139
6119.60836 19.871 0.118
6119.66038 19.689 0.081
6119.69914 20.206 0.115
6119.72650 19.912 0.100
6119.76605 20.205 0.158
6119.80433 20.227 0.187
6120.50974 19.802 0.134
6120.54925 19.700 0.115
6120.60424 20.127 0.119
6120.66531 19.987 0.101
6120.70451 20.404 0.187
6120.74593 19.842 0.090
6120.79165 20.112 0.140
6120.83139 20.041 0.175
6121.50157 19.858 0.088
6121.53931 20.109 0.118
6121.57688 20.248 0.097
6121.64419 20.099 0.097
6121.68224 20.044 0.083
6121.70841 20.430 0.131
6121.74648 20.016 0.082
6121.78600 19.988 0.085
6123.51425 19.791 0.125
6123.55266 20.232 0.154
6123.59977 19.980 0.112
6123.65068 20.061 0.122
6123.69023 20.231 0.127
6123.72797 19.777 0.093
6123.76921 20.162 0.161
6123.80820 20.240 0.171
6124.49816 20.012 0.165
6124.53786 19.821 0.097
6124.59886 19.918 0.104
6124.66884 19.966 0.112
6124.70857 20.263 0.138
6124.74918 19.955 0.115
6124.78947 19.501 0.096
6124.82933 19.875 0.116
6125.55334 19.675 0.088
6125.61512 20.041 0.126
6125.67016 19.840 0.111
6125.71271 20.027 0.123
6125.75799 20.310 0.143
6125.79864 19.831 0.102
6126.49092 19.896 0.125
6126.54229 19.807 0.098
6126.58766 19.968 0.137
6126.64678 19.912 0.112
6126.70548 20.016 0.113
6126.74982 20.040 0.105
6127.49123 19.923 0.132
6127.53316 19.806 0.118
6127.61774 19.972 0.139
6127.72000 20.082 0.127
6127.78819 20.608 0.181
6128.54232 20.431 0.139
6128.58174 20.150 0.118
6128.63066 20.331 0.130
6128.68117 20.084 0.120
6129.66050 20.060 0.093
6130.71633 19.804 0.107
6131.51731 20.114 0.151
6131.56503 20.389 0.167
6131.63117 19.746 0.086
6131.67643 19.964 0.099
6131.74593 19.794 0.103
6132.49787 20.656 0.266
6132.56758 19.787 0.164
6132.65419 20.125 0.161
6132.74059 20.297 0.138
6132.77712 20.407 0.183
6133.55127 20.254 0.168
6133.59972 19.958 0.114
6133.66179 20.270 0.147
6133.70493 20.526 0.202
6133.75358 20.785 0.247
6134.51983 20.477 0.249
6134.56294 20.674 0.365
6134.60641 20.952 0.415
6134.67326 19.893 0.133
6135.50371 20.357 0.208
6135.54542 20.013 0.168
6135.60574 20.175 0.167
6135.67267 20.266 0.191
6135.72523 20.479 0.180
6135.76718 20.412 0.175
6135.80867 20.855 0.323
6136.59524 20.654 0.341
6136.62140 19.998 0.193
6136.65188 19.882 0.157
6136.73010 21.117 0.612
6140.50600 20.180 0.220
6140.55434 19.839 0.153
6140.60735 19.902 0.182
6140.64521 20.438 0.291
6140.68436 20.337 0.251
6140.72752 20.550 0.382
6141.49363 20.030 0.152
6141.53130 20.207 0.173
6141.57957 19.772 0.137
6141.62913 19.895 0.140
6141.66679 20.100 0.157
6141.70771 20.085 0.169
6141.74625 20.330 0.206
6141.78272 19.678 0.134
6142.53487 20.252 0.232
6142.57738 19.940 0.210
6142.68403 19.714 0.180
6143.71781 19.936 0.189
6147.50472 19.666 0.115
6147.56518 19.261 0.069
6147.60739 18.976 0.068
6147.64868 19.705 0.123
6147.70253 19.767 0.141
6148.49671 19.478 0.060
6148.53490 19.310 0.049
6148.59490 19.500 0.069
6148.63871 19.454 0.054
6148.68062 19.470 0.062
6149.55993 19.669 0.093
6149.60523 19.539 0.090
6150.48298 19.571 0.119
6150.53595 19.698 0.100
6150.58830 19.613 0.106
6150.63848 19.641 0.087
6150.67839 19.751 0.101
6151.53980 19.816 0.161
6151.58090 19.548 0.094
6151.62131 19.874 0.127
6151.66081 19.748 0.107
6151.70221 19.942 0.162
6151.74030 20.450 0.200
6152.51151 20.275 0.161
6152.54985 19.832 0.105
6152.60450 19.914 0.107
6152.65448 20.652 0.197
6153.69330 20.028 0.152
6154.50008 20.103 0.134
6154.54008 19.947 0.117
6154.60938 20.347 0.189
6154.69280 19.891 0.122
6157.64766 19.720 0.118
6157.69099 20.137 0.178
6158.48786 20.200 0.125
6158.53829 20.268 0.129
6158.58877 20.070 0.133
6158.63061 19.991 0.119
6158.67004 20.675 0.261
6158.70949 21.054 0.310
6159.49534 20.764 0.320
6159.55035 19.905 0.125
6159.59126 19.955 0.127
6159.66231 20.307 0.191
6159.71853 20.790 0.325
6160.51911 20.166 0.117
6160.59091 20.826 0.213
6160.63246 19.994 0.112
6160.67257 20.340 0.167
6160.72541 20.615 0.201
6161.51495 20.542 0.273
6161.55642 20.055 0.153
6161.60709 19.865 0.119
6161.67958 20.074 0.168
6164.49238 20.190 0.132
6164.55538 19.980 0.169
6164.59410 20.484 0.252
6164.65118 20.133 0.184
6167.53673 19.578 0.149
6167.58686 20.091 0.247
6167.63933 20.777 0.440
6167.68178 20.486 0.372
6168.53884 20.146 0.124
6168.60346 20.027 0.121
6168.65981 20.214 0.138
6168.69722 20.284 0.154
6168.70440 20.051 0.135
6169.53094 20.092 0.153
6169.58134 20.604 0.202
6169.62179 20.045 0.133
6169.66164 20.093 0.137
6169.69941 20.075 0.186
6171.53515 20.067 0.126
6171.58418 19.973 0.125
6171.62583 20.615 0.257
6171.67292 20.031 0.161
6172.49410 20.026 0.070
6172.54541 20.087 0.114
6172.59445 20.243 0.129
6172.63435 20.123 0.108
6172.67636 19.890 0.136
6174.60012 19.544 0.128
6174.63398 20.016 0.204
6175.49723 20.056 0.110
6175.54558 19.819 0.096
6175.58386 21.024 0.321
6175.62220 20.306 0.184
6175.66870 20.185 0.181
6179.50000 19.971 0.172
6179.55892 19.878 0.137
6179.60067 20.214 0.211
6179.64149 20.421 0.254
6180.48740 19.686 0.176
6180.54684 19.829 0.128
6180.58469 19.827 0.149
6180.62584 20.083 0.170
6180.66122 21.001 0.437
6181.49182 19.780 0.114
6181.54584 20.781 0.228
6181.58754 20.669 0.201
6181.62661 20.470 0.183
6182.49220 20.096 0.142
6182.54709 20.090 0.135
6182.59529 20.106 0.120
6182.64041 20.165 0.179
6183.48933 20.252 0.210
6183.59232 19.942 0.097
6183.63141 20.247 0.133
6184.52719 20.298 0.134
6184.58566 20.297 0.125
6184.63147 20.039 0.111
6185.49404 20.048 0.104
6185.55289 20.353 0.134
6185.59221 20.025 0.095
6185.64254 20.665 0.229
6186.50685 20.042 0.171
6186.56390 20.279 0.177
6186.60959 20.624 0.216
6190.50386 20.916 0.337
6190.56077 20.282 0.139
6190.60125 20.485 0.168
6191.50079 20.088 0.183
6191.55657 19.950 0.128
6191.59929 20.346 0.184
6191.64253 20.306 0.152
6195.51789 20.723 0.247
6195.55853 20.063 0.148
6195.59721 20.043 0.130
6195.63505 20.130 0.157
6196.51698 20.124 0.179
6196.55555 20.647 0.281
6196.59631 19.962 0.146
6196.63212 20.902 0.361
6197.51866 20.163 0.178
6197.55730 19.752 0.132
6197.59805 19.934 0.168
6198.56370 19.851 0.151
6199.52771 20.336 0.273
6200.59710 19.973 0.213
6200.62024 19.944 0.186
6202.57682 20.298 0.281
6203.51642 20.855 0.368
6203.56720 20.371 0.249
6203.60787 20.592 0.438
6204.52068 20.883 0.309
6204.55931 20.423 0.207
6204.59713 20.070 0.149
6205.50061 20.214 0.181
6205.54355 20.340 0.152
6205.58162 19.763 0.095
6208.51319 20.083 0.161
6209.57699 20.584 0.313
6210.51454 20.045 0.142
6210.55271 20.189 0.169
6210.59184 20.612 0.270
6211.51611 20.959 0.279
6211.59674 20.949 0.360
6212.51550 20.351 0.179
6212.55430 20.691 0.234
6213.49052 19.867 0.168
6213.53067 20.750 0.246
6213.56917 19.966 0.164
6214.52352 20.553 0.273
6214.55914 20.177 0.185
6215.53499 19.565 0.139
6216.56512 20.534 0.211
6217.52084 20.767 0.224
6217.55892 20.863 0.251
6218.49579 20.205 0.168
6218.53426 19.864 0.177
6218.57244 19.677 0.120
6219.52861 20.148 0.142
6219.56727 20.714 0.315
6223.50915 20.218 0.237
6223.56015 20.378 0.270
6224.49617 19.744 0.197
6226.49933 20.551 0.326
6227.51558 20.149 0.200
6231.51852 20.076 0.213
6233.49943 19.687 0.206
6233.54899 20.245 0.194
6234.53673 19.987 0.189
6242.51164 19.828 0.212
6326.88207 20.611 0.477
6329.88112 19.604 0.154
6334.87640 19.533 0.080
6335.85670 20.048 0.182
6337.86779 20.300 0.217
6338.84630 20.283 0.195
6338.88989 19.985 0.148
6339.87262 20.440 0.164
6340.85244 20.302 0.161
6340.88276 19.900 0.101
6341.89118 20.614 0.280
6343.85548 19.962 0.147
6343.89102 19.914 0.131
6344.85473 20.081 0.106
6344.89828 19.662 0.158
6345.86349 20.127 0.138
6347.82677 19.913 0.143
6347.86673 20.019 0.115
6348.81880 20.188 0.175
6348.86031 20.390 0.160
6349.83020 20.663 0.313
6349.86576 20.286 0.203
6350.81937 19.566 0.106
6350.86585 20.000 0.151
6351.81797 20.275 0.220
6351.86628 19.731 0.119
6352.81573 20.073 0.161
6352.86215 20.032 0.111
6353.79693 19.771 0.114
6353.83753 19.798 0.112
6353.89357 19.809 0.094
6354.87025 19.581 0.079
6355.85539 19.343 0.096
6358.82579 19.455 0.067
6358.87022 19.926 0.104
6360.79223 19.901 0.091
6360.82962 19.795 0.073
6360.87722 19.744 0.083
6361.81525 19.960 0.108
6361.85258 19.877 0.102
6361.89571 19.900 0.119
6362.80064 20.158 0.172
6362.83803 19.791 0.085
6362.88936 20.151 0.135
6363.80698 20.667 0.240
6363.86195 20.368 0.145
6367.81721 20.117 0.110
6367.86557 20.163 0.099
6367.90400 20.293 0.114
6368.80228 20.302 0.148
6368.85539 20.741 0.195
6368.89544 20.166 0.117
6369.78294 20.178 0.155
6369.82254 20.691 0.197
6369.87745 20.241 0.111
6370.81260 20.433 0.143
6370.85592 20.000 0.103
6370.89520 20.121 0.108
6371.77725 20.117 0.119
6371.82625 20.370 0.138
6371.86502 20.365 0.123
6371.90845 20.262 0.133
6372.76999 20.483 0.182
6372.81871 20.181 0.109
6372.85856 20.155 0.107
6372.90118 20.194 0.120
6373.77009 20.323 0.236
6373.82428 20.367 0.149
6373.86373 20.309 0.156
6373.90333 19.749 0.099
6374.76914 20.834 0.323
6374.81867 20.093 0.111
6374.85905 20.439 0.156
6374.89992 20.251 0.127
6375.76680 20.623 0.204
6375.81565 20.212 0.118
6375.83392 20.260 0.136
6375.87396 20.516 0.150
6375.91464 19.978 0.098
6376.77759 20.075 0.134
6376.82996 20.282 0.120
6376.86912 19.889 0.094
6376.91171 20.204 0.108
6377.79213 20.116 0.107
6377.84187 19.820 0.072
6377.88269 20.555 0.131
6378.74929 20.486 0.233
6378.78843 20.150 0.128
6378.83714 20.312 0.127
6378.87848 19.948 0.079
6378.91825 20.114 0.127
6379.77306 20.573 0.199
6379.82224 19.822 0.095
6379.86176 20.018 0.116
6379.90757 20.227 0.105
6380.76272 20.410 0.151
6380.80116 20.033 0.101
6380.82475 19.644 0.072
6380.86547 20.193 0.117
6380.91148 20.052 0.089
6381.77038 20.315 0.163
6381.81949 20.138 0.099
6381.85826 20.064 0.087
6381.89816 20.512 0.154
6382.76480 19.912 0.152
6382.80319 20.050 0.129
6382.84239 19.599 0.089
6382.88307 19.783 0.117
6386.80891 20.079 0.123
6386.85521 20.341 0.158
6386.90640 20.258 0.194
6387.72871 19.785 0.126
6387.77084 20.260 0.122
6387.81517 20.077 0.120
6387.85414 20.262 0.129
6387.89589 20.225 0.164
6388.73076 19.895 0.123
6388.79325 20.063 0.117
6388.83240 20.437 0.148
6388.90639 20.405 0.151
6389.72908 20.186 0.177
6389.77008 20.281 0.147
6389.81131 19.853 0.088
6389.84978 20.620 0.203
6389.88931 20.375 0.158
6390.71406 20.518 0.219
6390.79600 20.047 0.114
6390.84045 20.030 0.102
6390.88534 20.238 0.128
6390.92589 20.791 0.414
6391.78150 19.501 0.110
6391.82141 19.767 0.119
6391.87432 20.367 0.215
6393.71878 20.370 0.198
6393.76464 20.542 0.222
6393.80390 19.951 0.116
6393.85627 20.020 0.116
6393.89957 19.819 0.123
6394.71910 20.582 0.280
6394.77173 20.391 0.201
6394.81919 19.902 0.134
6394.85827 19.856 0.099
6394.92292 20.320 0.166
6395.72280 20.221 0.148
6395.77141 20.250 0.129
6395.82107 20.173 0.102
6395.86009 20.089 0.088
6395.90412 20.166 0.108
6396.70828 20.356 0.154
6396.75516 20.078 0.090
6396.80495 20.101 0.092
6396.84765 20.356 0.105
6396.88864 20.121 0.108
6396.92821 19.993 0.152
6397.72131 20.159 0.113
6397.77213 20.888 0.191
6397.82103 20.219 0.103
6397.85890 19.907 0.083
6397.89762 20.087 0.101
6398.68980 19.568 0.086
6398.72874 20.294 0.124
6398.79055 19.640 0.067
6398.82856 20.362 0.138
6398.86890 20.536 0.181
6398.90955 19.966 0.101
6399.69562 20.220 0.158
6399.73443 20.133 0.142
6399.78328 20.243 0.123
6399.83111 20.074 0.112
6399.86968 20.812 0.241
6400.68184 19.788 0.128
6400.73050 20.092 0.121
6400.79509 19.995 0.108
6400.85095 20.589 0.181
6400.89889 20.274 0.142
6401.69969 19.788 0.123
6401.74381 20.556 0.156
6401.78542 20.071 0.098
6401.83271 20.011 0.093
6401.87441 20.237 0.111
6401.91276 20.050 0.100
6402.70603 19.775 0.112
6402.74389 20.294 0.189
6402.79106 20.020 0.137
6402.83977 20.243 0.177
6402.87981 20.291 0.167
6402.92149 20.038 0.215
6403.70943 20.437 0.137
6403.74701 20.196 0.116
6403.78631 20.214 0.098
6403.83326 20.397 0.127
6403.87317 19.775 0.085
6403.92988 20.033 0.143
6404.72910 20.287 0.132
6404.76853 19.905 0.101
6404.81776 19.871 0.093
6404.85691 19.748 0.078
6404.90575 19.794 0.105
6405.81317 19.658 0.115
6405.86074 19.913 0.085
6405.90282 19.830 0.074
6406.76030 19.623 0.107
6406.82118 20.327 0.257
6406.87644 19.895 0.158
6406.92263 19.958 0.095
6407.70035 19.872 0.159
6407.73817 19.936 0.140
6407.77637 20.168 0.130
6407.81584 20.403 0.192
6407.86574 19.501 0.086
6407.91392 19.804 0.116
6408.72815 19.625 0.254
6408.76902 20.018 0.182
6408.80888 20.209 0.189
6409.78406 19.999 0.182
6409.82785 20.066 0.184
6409.88364 20.078 0.180
6409.92178 20.044 0.142
6415.70707 20.070 0.200
6415.76210 19.982 0.122
6415.80274 19.968 0.162
6415.84614 20.096 0.217
6415.90405 20.016 0.109
6416.64436 19.713 0.115
6416.68910 19.957 0.152
6416.75239 19.900 0.083
6416.79055 19.956 0.088
6416.84089 19.887 0.089
6416.90604 20.394 0.135
6417.67732 19.889 0.162
6417.71480 20.367 0.176
6417.75300 19.846 0.111
6417.79988 20.190 0.146
6417.84067 19.928 0.117
6417.88865 20.278 0.155
6417.92805 20.081 0.127
6418.66050 19.943 0.125
6418.69806 20.546 0.210
6418.73556 19.928 0.104
6418.77315 20.229 0.127
6418.82178 20.029 0.104
6418.86219 19.924 0.092
6418.90953 20.448 0.159
6419.65866 20.971 0.433
6419.70938 20.017 0.107
6419.74743 20.203 0.121
6419.78632 20.095 0.128
6419.83752 20.002 0.121
6419.88514 20.106 0.116
6419.92316 20.057 0.112
6420.65157 20.012 0.108
6420.68917 20.332 0.115
6420.72702 20.057 0.086
6420.76290 20.100 0.086
6420.82250 20.087 0.089
6420.86136 20.330 0.120
6420.91034 20.489 0.135
6421.79077 19.904 0.095
6421.83148 20.314 0.132
6421.89005 19.817 0.121
6422.68292 20.129 0.122
6422.73514 20.015 0.097
6422.77299 19.815 0.075
6422.88457 19.773 0.158
6423.64514 19.857 0.125
6423.69284 19.868 0.110
6423.75005 20.024 0.134
6423.81413 20.657 0.183
6423.85265 20.583 0.205
6423.89133 20.233 0.151
6423.92935 19.644 0.101
6424.65287 19.709 0.092
6424.69334 19.928 0.105
6424.75268 20.551 0.163
6424.80294 20.082 0.086
6424.84701 20.315 0.138
6424.88849 20.630 0.184
6424.94135 20.535 0.266
6426.64089 20.116 0.132
6426.68156 20.960 0.256
6426.77678 20.155 0.119
6426.84008 20.177 0.114
6426.88119 19.867 0.109
6426.92195 20.006 0.101
6427.88465 20.244 0.169
6428.64315 20.607 0.330
6428.69260 20.083 0.163
6428.73410 20.404 0.190
6428.78466 20.606 0.201
6428.83861 20.530 0.208
6428.88118 20.468 0.190
6428.92153 20.341 0.221
6429.94546 20.588 0.320
6431.63499 20.208 0.291
6431.68169 20.737 0.335
6431.73222 20.456 0.165
6431.78379 20.257 0.136
6431.82599 19.949 0.100
6431.86629 20.721 0.226
6431.90700 20.397 0.233
6432.64118 20.553 0.213
6432.66336 20.484 0.225
6432.70631 20.161 0.128
6432.76565 20.696 0.213
6432.80754 20.212 0.137
6432.84758 20.872 0.246
6432.88831 20.107 0.184
6432.92881 20.774 0.254
6433.61183 19.788 0.164
6433.65229 20.118 0.167
6433.69293 20.351 0.191
6433.74281 19.976 0.135
6433.79439 20.726 0.356
6433.84695 20.374 0.145
6434.60344 19.716 0.165
6434.64222 19.812 0.161
6434.68427 19.966 0.144
6434.73371 19.918 0.119
6434.78459 20.406 0.151
6434.82682 19.874 0.123
6434.86703 20.051 0.120
6434.94068 20.234 0.263
6435.63077 20.432 0.226
6435.67283 20.334 0.164
6435.71504 20.169 0.129
6435.77487 20.243 0.119
6435.81729 20.210 0.147
6435.86073 20.059 0.128
6435.90399 20.134 0.122
6435.94410 21.204 0.550
6436.61682 20.236 0.190
6436.65971 19.850 0.124
6436.70175 19.684 0.087
6436.75401 20.430 0.181
6436.80782 19.451 0.085
6436.84921 20.106 0.140
6436.89101 20.178 0.147
6436.93295 19.986 0.152
6437.72341 20.428 0.334
6437.74871 21.076 0.484
6437.82760 20.423 0.325
6437.86339 20.905 0.439
6437.90533 20.724 0.408
6437.94582 21.412 1.244
6441.64061 20.532 0.434
6441.72437 20.185 0.191
6441.77636 20.094 0.189
6441.82925 19.823 0.149
6441.87270 20.134 0.216
6442.57247 20.023 0.130
6442.60931 20.000 0.116
6442.64934 19.981 0.107
6442.68941 20.178 0.122
6442.75093 20.527 0.140
6442.79323 20.262 0.122
6442.83361 20.348 0.142
6442.87344 20.016 0.105
6442.91325 20.196 0.152
6443.59150 20.150 0.220
6443.67045 20.175 0.165
6443.75269 20.345 0.200
6444.68970 20.926 0.496
6444.75933 19.931 0.113
6444.81249 20.061 0.129
6444.85336 20.746 0.221
6444.89516 20.236 0.155
6444.94556 20.252 0.278
6445.61391 19.960 0.132
6445.65852 20.471 0.164
6445.71558 20.067 0.123
6445.76293 20.361 0.154
6445.81993 20.270 0.144
6445.86520 20.371 0.256
6445.91278 20.038 0.164
6446.56078 20.223 0.140
6446.60359 20.179 0.112
6446.64598 20.381 0.137
6446.69562 20.221 0.110
6446.75097 20.366 0.139
6446.79362 20.185 0.102
6446.83574 20.083 0.091
6446.90182 20.445 0.164
6446.94235 20.031 0.135
6447.58088 20.166 0.152
6447.62014 20.245 0.141
6447.65989 20.205 0.128
6447.71014 20.144 0.119
6447.76533 20.109 0.113
6447.80715 20.424 0.145
6447.84722 20.871 0.243
6447.88774 20.582 0.160
6447.92838 19.950 0.098
6448.56812 20.442 0.265
6448.60992 19.964 0.122
6448.65027 19.989 0.127
6448.69141 20.050 0.136
6448.75164 20.513 0.133
6448.79430 20.404 0.143
6448.83618 20.931 0.258
6448.87682 19.804 0.125
6448.91909 20.318 0.234
6449.56660 20.233 0.186
6449.60995 20.470 0.196
6449.65320 20.044 0.141
6449.69348 20.182 0.121
6449.74537 20.295 0.170
6449.79559 20.137 0.141
6449.83690 20.403 0.163
6449.87740 21.222 0.397
6449.92034 20.706 0.355
6450.56046 20.722 0.311
6450.60317 20.463 0.192
6450.64580 20.396 0.140
6450.69556 20.086 0.098
6450.74589 20.276 0.110
6450.78695 20.037 0.104
6450.82800 20.561 0.170
6450.87365 20.384 0.148
6450.91747 20.038 0.127
6451.56320 20.621 0.272
6451.60865 20.048 0.139
6451.64909 19.974 0.113
6451.69159 19.895 0.096
6451.75301 19.728 0.095
6451.79379 20.103 0.121
6451.83453 20.439 0.171
6451.87524 19.706 0.092
6451.91763 20.063 0.158
6452.57032 20.336 0.174
6452.61302 19.942 0.079
6452.65378 20.325 0.116
6452.70886 20.027 0.090
6452.80565 20.141 0.090
6452.84820 19.920 0.077
6452.88948 20.043 0.114
6454.54950 20.374 0.225
6454.58022 20.126 0.141
6454.62278 20.094 0.130
6454.66326 20.182 0.136
6454.71402 20.234 0.110
6454.76648 20.297 0.138
6454.80762 19.976 0.126
6454.84809 20.309 0.169
6454.88915 20.197 0.137
6455.54391 19.843 0.114
6455.57997 19.774 0.105
6455.68619 20.177 0.158
6455.78516 20.185 0.166
6456.54796 19.736 0.087
6456.58889 20.165 0.084
6456.63002 20.011 0.081
6456.68122 20.266 0.091
6456.73370 20.507 0.133
6456.77519 20.147 0.112
6456.81584 19.776 0.089
6456.89175 20.307 0.127
6457.69922 19.931 0.086
6457.76208 20.072 0.098
6457.80321 20.335 0.132
6457.84461 19.951 0.102
6457.88510 20.163 0.136
6458.54649 19.787 0.138
6458.58657 20.425 0.239
6458.62827 20.470 0.247
6458.66888 20.333 0.153
6458.72030 19.951 0.134
6458.77159 20.117 0.117
6458.81266 20.441 0.142
6458.85346 20.362 0.170
6458.89803 20.350 0.181
6459.54051 19.964 0.164
6459.57992 19.721 0.096
6459.62283 19.944 0.111
6459.66489 20.434 0.148
6459.72977 19.770 0.070
6459.77165 19.978 0.093
6459.81263 20.142 0.114
6459.85374 20.035 0.101
6459.89442 20.548 0.212
6460.59263 20.027 0.136
6460.64342 20.054 0.123
6460.71777 19.926 0.101
6460.79238 20.238 0.164
6460.88889 20.093 0.127
6461.56870 20.186 0.139
6461.61041 20.005 0.126
6461.65197 21.326 0.435
6461.70086 20.358 0.198
6461.76933 20.240 0.135
6461.82220 20.447 0.182
6461.87346 20.149 0.128
6462.60849 20.451 0.306
6462.65056 20.252 0.153
6462.70235 20.134 0.159
6462.82958 19.845 0.112
6462.87053 19.766 0.116
6463.52297 19.948 0.220
6463.56446 20.042 0.155
6463.60360 19.876 0.139
6463.64482 20.255 0.163
6463.69935 19.977 0.119
6463.75360 20.300 0.165
6463.79494 20.001 0.129
6463.83612 19.902 0.117
6463.88033 20.275 0.175
6464.57287 19.392 0.116
6464.61238 19.314 0.088
6464.65280 19.262 0.082
6464.69964 19.393 0.066
6464.75263 19.387 0.083
6464.80349 19.269 0.079
6464.84515 19.298 0.084
6464.88759 19.157 0.069
6468.55921 19.374 0.089
6468.60020 19.739 0.116
6468.64116 19.535 0.103
6468.71034 19.532 0.113
6468.75430 19.497 0.102
6468.81409 19.596 0.111
6469.54198 19.649 0.106
6469.58241 19.369 0.085
6469.62251 19.831 0.101
6469.68595 19.467 0.081
6469.72956 19.825 0.106
6469.76988 19.686 0.090
6469.84276 19.338 0.123
6471.60645 20.048 0.166
6471.64800 20.152 0.175
6471.78092 20.548 0.469
6472.60489 20.170 0.191
6472.64391 19.610 0.106
6472.69650 20.128 0.136
6472.74830 20.012 0.125
6472.78889 19.597 0.091
6472.82952 19.796 0.160
6473.54923 19.924 0.136
6473.59150 20.057 0.117
6473.63185 20.270 0.110
6473.68373 20.317 0.150
6473.73477 19.958 0.103
6473.77581 20.020 0.119
6473.81622 20.296 0.169
6473.85684 20.180 0.195
6474.49382 19.967 0.199
6474.53834 20.645 0.322
6474.57853 20.202 0.150
6474.62386 19.623 0.109
6474.66457 20.227 0.143
6474.71941 20.121 0.136
6474.76921 20.439 0.186
6474.80954 20.249 0.190
6474.84976 20.232 0.180
6475.48550 20.197 0.206
6475.52736 19.958 0.134
6475.57042 19.948 0.151
6475.63161 20.110 0.114
6475.68267 19.677 0.086
6475.73185 20.123 0.132
6475.77216 20.040 0.121
6475.81424 20.188 0.153
6475.85711 20.336 0.222
6476.49836 20.772 0.364
6476.53908 20.367 0.186
6476.57990 19.805 0.109
6476.62131 20.299 0.143
6476.68677 19.801 0.101
6476.72761 20.389 0.185
6476.76839 19.980 0.110
6476.80891 20.058 0.113
6477.53242 20.123 0.142
6477.57357 20.279 0.147
6477.61427 20.678 0.250
6477.68011 20.220 0.164
6477.72086 20.341 0.160
6477.76139 20.485 0.242
6477.80251 20.325 0.219
6478.52994 20.174 0.160
6478.57022 20.066 0.146
6478.61042 20.411 0.156
6478.66601 20.105 0.164
6479.56472 20.194 0.166
6479.60564 20.633 0.202
6479.64733 19.983 0.104
6479.70179 20.636 0.271
6479.75968 20.880 0.323
6479.82435 19.901 0.159
6479.85174 20.612 0.342
6480.56177 20.382 0.184
6480.60237 20.334 0.200
6480.65329 20.007 0.106
6480.70523 20.029 0.150
6480.74566 20.218 0.160
6480.78613 20.068 0.132
6480.82787 20.640 0.317
6481.49918 20.308 0.205
6481.54049 20.476 0.182
6481.58407 20.221 0.160
6481.64191 20.039 0.150
6481.74259 20.033 0.146
6481.78513 19.847 0.125
6481.82755 21.191 0.525
6482.80207 20.123 0.243
6483.61136 19.814 0.084
6483.81376 19.648 0.119
6484.49352 20.020 0.145
6484.53400 20.006 0.156
6485.46698 19.829 0.162
6485.51270 19.649 0.104
6485.55947 19.806 0.111
6485.63814 19.997 0.087
6485.70127 19.889 0.091
6485.74408 19.872 0.086
6485.79015 20.230 0.146
6486.47058 21.242 0.508
6486.51306 20.884 0.275
6486.55939 20.197 0.143
6486.60469 20.361 0.165
6486.67052 19.907 0.097
6486.72339 19.802 0.104
6486.76777 20.397 0.155
6486.81050 20.442 0.166
6487.46879 20.132 0.148
6487.51292 20.614 0.204
6487.55905 20.240 0.115
6487.60021 20.143 0.092
6487.67296 20.176 0.100
6487.71377 20.171 0.101
6487.75746 20.171 0.104
6487.80275 20.070 0.096
6489.50912 19.921 0.139
6489.55105 21.167 0.373
6489.59399 20.223 0.135
6489.65349 20.359 0.174
6489.70540 20.619 0.259
6489.74768 20.516 0.212
6489.80885 20.324 0.227
6490.48218 19.786 0.123
6490.52312 19.828 0.104
6490.56377 20.047 0.123
6490.62178 20.020 0.111
6490.66904 20.001 0.109
6490.70974 19.775 0.082
6490.75047 19.975 0.102
6491.46999 20.564 0.302
6491.51303 20.379 0.217
6491.55800 20.170 0.163
6491.61827 20.118 0.168
6491.68996 20.385 0.169
6491.73189 20.165 0.130
6491.77419 20.460 0.179
6492.50201 20.146 0.187
6492.54850 19.932 0.133
6492.59880 20.080 0.142
6492.66371 20.665 0.334
6492.70252 19.997 0.149
6492.73560 20.261 0.193
6492.77937 21.182 0.526
6496.48724 19.831 0.174
6496.52771 19.887 0.167
6496.56769 19.819 0.163
6496.62828 19.768 0.172
6497.58222 19.783 0.152
6497.63467 20.026 0.170
6497.68523 20.328 0.240
6497.72637 20.996 0.429
6497.76711 19.884 0.155
6498.46793 19.919 0.114
6498.51151 19.811 0.081
6498.55642 19.663 0.064
6498.60055 20.012 0.095
6498.64805 20.497 0.225
6498.69095 20.413 0.205
6498.73428 19.926 0.107
6498.77983 19.913 0.137
6499.48215 20.292 0.176
6499.52584 19.787 0.088
6499.56870 19.919 0.095
6500.53798 19.965 0.175
6500.60190 19.914 0.185
6500.67941 20.462 0.247
6500.73045 21.036 0.417
6501.55802 20.293 0.201
6501.61865 20.505 0.174
6501.66409 20.113 0.125
6501.70649 20.300 0.147
6501.74943 20.060 0.159
6501.78787 20.346 0.255
6504.63930 19.940 0.129
6504.68156 20.121 0.127
6504.72403 20.049 0.133
6505.47555 20.248 0.218
6505.53534 20.119 0.140
6505.57990 20.193 0.181
6505.65128 20.198 0.153
6505.69221 20.219 0.156
6505.73510 19.790 0.122
6505.77746 20.291 0.246
6506.56870 20.074 0.167
6506.64910 20.355 0.225
6506.70995 20.781 0.348
6507.63999 19.948 0.144
6507.70897 20.877 0.473
6507.75997 19.791 0.183
6508.51837 20.087 0.132
6508.56972 20.494 0.225
6508.61785 19.963 0.101
6508.65996 20.011 0.108
6508.70158 20.457 0.171
6508.76148 20.636 0.189
6509.52297 20.192 0.115
6509.58369 20.436 0.123
6509.62543 20.373 0.120
6509.66711 20.012 0.094
6509.70843 20.219 0.117
6509.75104 20.676 0.229
6510.48945 19.933 0.098
6510.55221 20.055 0.105
6510.59914 20.019 0.088
6510.64172 20.158 0.102
6510.71162 20.208 0.147
6510.75559 20.179 0.212
6511.52176 19.944 0.126
6511.60024 20.014 0.114
6511.65495 20.345 0.141
6511.70469 20.263 0.138
6511.75747 20.285 0.160
6512.75046 19.743 0.150
6514.52050 19.842 0.134
6514.59319 19.860 0.090
6514.65869 19.685 0.081
6514.71386 19.725 0.084
6515.47734 19.622 0.077
6515.54518 19.956 0.099
6515.61086 19.853 0.085
6515.67472 20.128 0.108
6515.75390 19.558 0.075
6516.52039 19.760 0.124
6516.60272 19.883 0.099
6516.65458 19.773 0.093
6518.49018 19.814 0.097
6518.56212 19.844 0.082
6518.61541 20.257 0.133
6518.66233 20.023 0.101
6518.71050 19.975 0.096
6519.49592 19.866 0.100
6519.56828 19.975 0.108
6519.61676 20.128 0.121
6519.66827 20.069 0.106
6519.71567 19.880 0.104
6523.50405 19.956 0.128
6523.54237 20.300 0.168
6523.57837 20.134 0.137
6523.61745 20.065 0.153
6523.65809 20.472 0.230
6523.69948 19.655 0.131
6524.52092 20.099 0.130
6524.56962 20.138 0.139
6524.61776 20.154 0.146
6524.66636 20.260 0.168
6525.52370 20.056 0.168
6525.57162 20.089 0.187
6525.62375 20.040 0.197
6525.67396 19.890 0.189
6526.66539 20.691 0.274
6526.69613 20.594 0.249
6527.62682 20.535 0.357
6529.55415 20.145 0.200
6529.59729 20.960 0.371
6529.63987 20.909 0.333
6530.67729 20.853 0.447
6531.50681 20.033 0.134
6531.58275 20.150 0.136
6531.63030 20.568 0.229
6531.67834 19.959 0.121
6532.50839 20.021 0.126
6532.61240 20.415 0.162
6532.67377 19.962 0.144
6533.52390 20.317 0.200
6533.59443 20.019 0.113
6533.65553 19.786 0.090
6534.54755 19.978 0.109
6534.59840 20.532 0.182
6534.63865 20.177 0.147
6535.53282 19.802 0.147
6536.47775 19.910 0.150
6536.56959 20.206 0.102
6536.62008 20.274 0.140
6538.51603 19.846 0.090
6538.56870 20.163 0.128
6538.61111 20.673 0.219
6539.51816 20.100 0.122
6539.56403 20.071 0.141
6539.62190 20.002 0.117
6541.51399 19.965 0.118
6541.57379 19.929 0.094
6541.61945 20.006 0.086
6543.53160 20.227 0.157
6543.58308 20.263 0.155
6543.62742 19.783 0.104
6544.51894 20.672 0.225
6544.56954 20.631 0.241
6545.48143 20.449 0.180
6545.52696 20.265 0.119
6545.57205 20.658 0.204
6545.61795 20.569 0.156
6546.48938 20.215 0.218
6546.55711 19.462 0.119
6546.60931 20.001 0.144
6547.56858 20.220 0.232
6547.61571 20.076 0.229
6552.55464 20.831 0.416
6553.58757 21.024 0.701
6555.58594 20.219 0.182
6555.63751 20.265 0.244
6556.64852 20.579 0.315
6558.52624 19.799 0.082
6558.56680 20.392 0.150
6558.61974 20.069 0.146
6559.51210 20.230 0.188
6559.56589 20.301 0.153
6559.61897 19.768 0.115
6560.52653 20.162 0.141
6560.57019 20.578 0.212
6560.62601 19.978 0.157
6561.53060 20.079 0.153
6561.57099 20.102 0.157
6562.52944 20.148 0.143
6562.57655 19.187 0.057
6562.62003 20.084 0.120
6563.54525 19.734 0.144
6563.59122 20.328 0.194
6563.62875 20.814 0.345
6564.52416 19.994 0.142
6564.56570 19.870 0.117
6565.49281 19.463 0.100
6565.53691 19.659 0.113
6565.59091 19.781 0.102
6567.53392 20.433 0.288
6567.57608 19.922 0.169
6568.52987 19.405 0.125
6568.57067 19.800 0.127
6568.61355 19.857 0.140
6569.52109 19.523 0.065
6569.56206 19.604 0.077
6569.60319 19.769 0.110
6570.53961 19.328 0.075
6571.48624 18.942 0.077
6571.54694 19.105 0.069
6571.59613 19.375 0.083
6572.51944 19.220 0.081
6572.57809 19.035 0.062
6573.50000 19.074 0.059
6573.54070 19.038 0.052
6573.58738 19.140 0.059
6577.52390 19.562 0.173
6577.56770 19.188 0.106
6578.50645 19.766 0.131
6578.56144 19.479 0.095
6579.48619 20.247 0.314
6579.54544 19.631 0.122
6580.50343 20.065 0.216
6581.50492 20.002 0.134
6581.56179 19.929 0.143
6582.51659 20.569 0.263
6582.56899 19.835 0.126
6583.52747 19.963 0.202
6584.56663 19.865 0.204
6585.52352 20.179 0.230
6590.52246 19.814 0.178
6590.54360 20.249 0.206
6593.51114 19.841 0.140
