2125.62263 19.159 0.187
2129.69770 19.024 0.086
2132.63925 19.089 0.094
2136.54330 19.490 0.204
2141.55508 19.059 0.092
2144.64466 19.014 0.090
2160.61281 19.012 0.147
2169.52663 19.281 0.202
2175.65087 19.168 0.176
2211.50713 19.306 0.242
2332.87486 19.128 0.178
2347.83874 19.150 0.106
2357.86625 19.140 0.104
2372.85416 19.145 0.121
2383.82603 19.216 0.096
2388.79677 19.182 0.146
2390.82616 18.981 0.098
2397.70641 19.091 0.104
2401.83554 19.106 0.108
2403.91251 19.158 0.101
2405.89994 19.227 0.125
2411.74022 19.480 0.128
2414.90496 19.276 0.145
2416.85729 19.153 0.128
2424.82468 18.735 0.091
2428.85327 18.896 0.100
2434.75162 19.119 0.092
2436.80037 19.192 0.117
2438.76112 19.135 0.099
2441.73886 19.143 0.100
2445.64470 19.102 0.099
2448.66638 19.037 0.126
2455.70304 19.660 0.192
2459.62312 19.573 0.146
2463.55442 18.930 0.097
2466.65358 19.080 0.108
2468.68380 19.036 0.083
2470.66625 19.240 0.100
2472.69436 19.148 0.093
2481.57086 19.154 0.158
2484.63340 19.165 0.123
2486.72545 19.179 0.153
2490.69366 19.315 0.144
2493.65520 19.182 0.120
2495.75710 19.086 0.133
2498.52064 19.194 0.086
2500.56515 18.951 0.078
2502.57635 19.151 0.100
2508.67673 19.063 0.137
2512.62308 18.564 0.072
2517.57694 18.698 0.079
2520.59229 19.061 0.106
2528.49757 19.132 0.137
2538.50401 19.083 0.120
2542.53128 19.190 0.144
2552.50525 19.400 0.165
2556.58935 19.001 0.131
2563.50378 19.334 0.137
2575.53194 19.805 0.271
2707.87662 19.135 0.099
2714.91200 19.312 0.121
2729.84592 19.039 0.132
2733.92607 19.031 0.185
2744.92390 19.020 0.091
2753.89807 19.116 0.120
2757.81008 19.016 0.106
2761.82718 19.056 0.086
2767.80529 19.049 0.142
2775.73162 18.764 0.135
2783.83563 19.012 0.084
2785.76127 19.031 0.098
2787.61160 19.013 0.117
2789.76832 19.015 0.086
2791.72473 19.083 0.094
2794.93915 19.195 0.147
2796.83848 19.085 0.086
2797.89970 19.043 0.116
2809.72762 19.087 0.117
2811.65470 18.855 0.135
2812.72646 19.025 0.124
2813.83573 19.079 0.112
2814.75931 19.107 0.109
2816.62400 19.016 0.082
2818.59527 19.037 0.094
2820.80194 19.208 0.113
2826.76543 19.226 0.152
2835.64959 19.141 0.145
2837.64635 19.346 0.225
2839.71885 19.101 0.112
2841.72816 19.044 0.095
2843.65470 19.016 0.107
2845.66532 19.154 0.116
2850.53334 19.080 0.097
2852.54574 19.098 0.155
2854.54947 19.099 0.102
2856.73981 19.200 0.185
2858.69246 19.076 0.105
2862.60517 18.973 0.134
2865.70875 18.521 0.076
2868.59495 18.462 0.049
2876.59127 18.940 0.085
2879.64154 19.083 0.103
2884.67190 19.290 0.181
2892.66027 19.327 0.225
2895.63398 19.035 0.089
2900.56220 19.108 0.127
2906.51410 18.888 0.113
2911.53826 19.147 0.133
2918.56228 19.027 0.134
2930.58327 19.099 0.145
3059.81875 19.057 0.129
3064.83557 19.160 0.163
3068.78945 19.262 0.184
3070.86804 19.170 0.142
3073.82413 19.076 0.107
3075.86221 19.207 0.123
3079.90709 18.992 0.103
3082.89011 19.173 0.096
3085.82473 19.138 0.101
3086.89711 19.026 0.091
3088.81732 19.069 0.083
3090.73042 19.096 0.096
3096.88561 18.468 0.071
3098.90550 18.478 0.043
3099.91888 18.510 0.079
3101.75755 18.451 0.084
3103.79049 18.641 0.071
3104.84913 18.737 0.202
3106.86242 18.832 0.094
3108.78243 19.026 0.081
3109.84188 19.030 0.082
3110.84823 19.132 0.097
3112.83354 19.120 0.097
3114.79814 19.033 0.079
3116.88608 19.144 0.111
3122.92412 19.026 0.110
3125.88464 18.873 0.118
3127.82792 19.089 0.113
3128.83407 19.043 0.087
3130.71526 19.082 0.116
3131.68181 19.495 0.226
3134.82925 19.121 0.120
3135.91339 19.143 0.100
3138.66768 19.197 0.114
3139.89287 19.196 0.115
3140.89245 19.292 0.127
3142.78144 18.962 0.079
3144.80154 18.698 0.066
3146.83062 18.741 0.070
3151.76440 19.235 0.131
3151.92037 19.223 0.150
3152.76933 18.968 0.089
3153.77267 19.090 0.120
3156.87776 19.255 0.125
3162.58200 19.169 0.174
3163.76858 18.930 0.086
3164.75083 19.022 0.089
3164.88384 18.956 0.113
3165.72439 19.121 0.077
3167.61071 18.996 0.126
3168.87260 19.206 0.119
3169.74055 19.057 0.094
3170.82548 19.079 0.082
3171.79678 19.034 0.067
3172.76774 18.892 0.078
3173.86572 18.984 0.115
3174.72454 19.004 0.075
3175.73326 19.083 0.082
3177.77376 19.041 0.128
3179.51852 19.173 0.114
3179.89780 18.870 0.108
3180.73560 19.070 0.072
3182.80023 19.018 0.091
3183.75518 19.191 0.122
3184.71621 19.153 0.090
3185.71976 19.075 0.100
3193.55117 18.702 0.064
3194.56283 18.537 0.088
3195.69437 18.619 0.054
3195.81493 18.632 0.064
3196.61580 18.570 0.062
3197.53874 18.692 0.070
3197.84400 18.603 0.084
3199.63772 18.810 0.068
3202.53200 19.118 0.095
3202.82178 18.696 0.108
3203.67362 19.037 0.081
3204.66801 19.073 0.082
3205.52694 19.254 0.104
3206.73225 19.122 0.106
3209.65225 19.025 0.086
3210.65231 18.957 0.089
3211.62274 19.080 0.108
3217.66696 18.975 0.125
3218.66525 19.075 0.133
3223.66647 19.112 0.135
3224.71457 18.987 0.094
3226.63646 19.067 0.114
3228.61575 19.214 0.129
3229.64823 19.033 0.088
3230.68173 19.114 0.096
3231.58577 19.225 0.108
3232.62222 19.379 0.169
3238.63407 19.086 0.117
3239.71308 19.067 0.138
3240.48620 19.048 0.098
3245.57006 18.949 0.182
3246.67577 18.692 0.124
3247.59492 19.160 0.119
3249.54245 19.240 0.122
3250.67339 19.175 0.148
3253.64265 18.813 0.113
3256.65261 18.975 0.121
3260.56236 19.206 0.118
3265.49287 18.615 0.097
3267.54650 18.654 0.071
3272.60446 18.793 0.098
3275.49855 18.927 0.126
3278.61438 18.983 0.119
3282.49389 19.000 0.096
3288.56024 19.431 0.153
3293.53082 19.527 0.130
3300.52462 19.252 0.162
3314.52591 18.871 0.156
3417.85975 19.002 0.083
3422.88609 18.950 0.086
3426.87713 19.087 0.102
3429.86217 19.016 0.095
3432.90249 19.033 0.090
3442.90499 19.154 0.099
3445.81800 19.120 0.090
3447.86833 19.132 0.113
3449.88517 18.991 0.082
3452.90234 18.868 0.060
3453.77422 18.817 0.109
3455.84484 19.170 0.143
3456.85594 19.071 0.082
3457.77361 19.156 0.117
3458.81720 19.186 0.103
3459.79177 19.253 0.117
3467.89454 19.237 0.101
3469.80420 19.025 0.077
3470.84430 19.267 0.089
3472.77556 19.099 0.085
3473.87058 19.041 0.108
3474.84182 18.949 0.081
3477.77954 18.548 0.058
3478.89383 18.685 0.065
3480.84579 18.584 0.057
3481.84569 18.631 0.046
3483.79010 18.774 0.064
3496.74398 18.961 0.089
3497.81172 19.053 0.097
3498.93293 19.601 0.163
3499.74040 19.320 0.106
3500.74499 19.078 0.099
3501.83571 19.331 0.092
3502.69132 19.335 0.100
3503.70416 18.936 0.070
3504.71852 19.150 0.108
3506.80393 19.129 0.095
3508.80036 19.289 0.114
3509.70377 19.059 0.099
3511.69048 19.039 0.091
3512.75366 18.995 0.091
3517.79985 19.249 0.109
3520.83510 19.162 0.114
3521.65426 19.139 0.078
3522.76380 18.932 0.077
3523.79913 19.078 0.076
3524.78684 18.967 0.089
3525.76649 19.075 0.088
3526.85182 19.010 0.079
3528.57043 19.118 0.114
3530.79587 19.120 0.075
3537.76371 19.060 0.082
3538.69320 19.197 0.087
3540.66712 19.027 0.083
3544.74139 19.138 0.112
3546.86526 18.937 0.144
3547.82554 18.936 0.116
3550.65195 19.069 0.076
3551.65519 19.158 0.061
3552.68876 18.889 0.068
3553.69150 19.095 0.101
3554.68001 18.973 0.100
3555.71016 19.262 0.103
3556.73846 19.163 0.111
3558.57425 19.099 0.092
3558.85157 18.857 0.089
3559.67014 19.078 0.091
3560.62326 19.111 0.075
3561.56356 18.942 0.078
3561.83012 19.004 0.102
3562.60767 18.923 0.101
3562.83055 19.167 0.116
3563.65715 19.071 0.088
3564.55074 19.189 0.115
3569.60946 19.035 0.110
3573.67810 19.183 0.139
3573.70503 19.075 0.105
3574.70604 18.917 0.097
3575.64492 18.979 0.071
3575.79008 19.008 0.104
3576.70739 19.215 0.097
3577.75566 18.848 0.079
3578.69235 19.090 0.081
3579.63765 19.188 0.088
3580.67420 19.021 0.092
3581.69060 18.940 0.068
3582.61636 18.981 0.066
3583.65294 19.101 0.102
3584.66169 19.073 0.085
3585.65979 19.016 0.070
3586.68418 18.874 0.060
3588.74228 18.958 0.094
3589.70362 19.224 0.095
3590.69969 18.985 0.079
3591.49363 18.939 0.075
3591.63914 19.079 0.069
3591.72133 19.318 0.101
3592.65615 19.014 0.060
3592.71053 19.060 0.076
3597.62977 19.169 0.099
3599.64660 18.683 0.105
3601.67604 19.053 0.097
3602.67624 19.131 0.117
3603.65634 18.920 0.094
3607.65481 19.093 0.097
3608.67075 19.132 0.100
3615.59807 19.025 0.085
3618.60161 19.149 0.094
3620.56488 18.796 0.068
3628.56691 19.193 0.123
3630.58093 19.061 0.114
3632.60841 18.949 0.122
3634.51180 19.330 0.114
3639.51760 18.443 0.044
3641.56433 18.243 0.062
3644.52913 18.572 0.059
3649.50976 19.369 0.153
3651.57063 18.995 0.141
3654.56029 18.920 0.167
3655.53579 19.059 0.105
3657.52897 19.198 0.137
3659.53076 19.275 0.184
3662.53530 19.178 0.148
3665.49272 18.891 0.112
3671.50869 19.141 0.164
3777.84027 18.936 0.129
3782.87626 19.113 0.088
3785.83792 19.090 0.109
3788.85807 19.080 0.116
3791.82557 18.989 0.105
3793.86771 19.024 0.076
3795.85514 18.968 0.121
3798.81833 19.132 0.096
3799.84249 18.848 0.105
3800.83740 19.112 0.128
3801.89691 19.088 0.099
3802.86247 19.038 0.096
3803.89775 18.959 0.078
3805.81420 19.264 0.110
3806.78047 19.100 0.119
3806.79367 19.119 0.101
3806.88222 19.251 0.093
3807.79958 19.432 0.191
3807.86713 19.152 0.099
3808.80726 19.073 0.102
3808.84446 19.131 0.107
3808.90204 19.077 0.095
3809.77007 18.970 0.110
3809.89236 19.107 0.090
3810.76412 18.988 0.105
3810.85897 19.029 0.084
3810.91506 19.008 0.133
3811.78785 18.934 0.105
3811.85057 19.143 0.100
3812.75641 18.717 0.104
3812.82916 19.436 0.165
3812.84665 19.079 0.123
3812.91573 19.189 0.136
3813.75714 18.769 0.095
3813.77514 19.053 0.108
3813.78118 19.034 0.087
3813.79266 19.170 0.098
3813.80688 18.995 0.077
3813.81303 19.013 0.080
3813.81581 19.203 0.102
3813.82813 18.991 0.081
3813.83961 19.206 0.103
3813.87748 18.972 0.079
3813.90909 19.208 0.112
3814.75236 19.168 0.122
3814.76029 19.084 0.106
3814.83848 19.093 0.084
3814.87020 19.338 0.130
3814.90664 19.140 0.097
3815.75305 19.340 0.326
3815.79587 18.949 0.088
3815.81519 19.225 0.105
3815.82551 19.122 0.092
3815.83626 19.056 0.084
3815.84334 18.997 0.081
3815.85012 19.132 0.084
3815.86152 19.027 0.075
3815.86919 19.061 0.079
3815.87896 19.132 0.081
3815.88977 19.132 0.076
3815.89730 19.013 0.075
3815.90460 19.048 0.076
3815.91107 18.840 0.080
3815.91756 19.194 0.125
3815.92052 19.190 0.152
3815.92364 19.099 0.204
3817.80260 18.979 0.110
3817.83822 19.121 0.111
3817.87175 19.086 0.099
3817.91256 19.072 0.100
3817.91996 19.068 0.161
3818.75690 19.022 0.107
3818.82141 19.120 0.092
3818.92013 19.074 0.130
3819.75507 19.116 0.095
3819.79929 18.969 0.061
3820.78349 19.190 0.084
3821.78664 19.024 0.084
3822.82601 19.347 0.122
3823.78620 19.148 0.109
3824.75239 19.128 0.120
3825.81729 19.306 0.142
3826.74578 18.988 0.093
3827.81356 19.235 0.093
3828.78819 18.720 0.091
3829.77034 19.259 0.119
3830.75087 19.237 0.105
3832.75726 19.074 0.081
3833.77043 19.003 0.075
3834.75621 19.087 0.095
3835.74527 19.082 0.106
3836.77633 19.146 0.107
3837.74368 19.040 0.118
3837.91561 19.199 0.100
3838.75546 18.954 0.134
3839.75125 19.084 0.116
3840.71723 19.047 0.108
3840.92221 19.115 0.104
3841.75579 19.170 0.113
3841.90647 19.135 0.097
3842.86041 19.050 0.082
3845.73130 19.112 0.263
3845.92305 19.241 0.140
3846.74202 18.990 0.075
3847.80809 18.947 0.112
3848.76304 18.871 0.078
3849.76221 19.172 0.096
3850.70687 19.009 0.084
3850.88027 19.227 0.121
3851.72150 19.107 0.103
3851.88626 19.111 0.114
3851.93237 19.007 0.102
3852.70998 19.283 0.138
3852.89225 19.317 0.124
3853.69837 19.199 0.082
3853.86669 19.058 0.074
3856.68844 19.030 0.091
3856.85519 19.033 0.074
3857.92612 19.023 0.093
3858.77480 19.283 0.106
3859.81300 19.145 0.088
3860.68250 19.406 0.161
3860.92136 18.970 0.096
3861.68059 19.230 0.114
3861.78421 18.967 0.068
3862.71386 19.127 0.088
3862.87632 19.142 0.100
3863.65134 18.993 0.093
3863.87219 19.140 0.072
3864.68828 18.788 0.075
3864.87832 19.135 0.074
3864.93726 19.008 0.087
3865.69910 19.037 0.098
3865.83582 19.129 0.086
3865.91258 19.002 0.070
3866.69755 19.091 0.084
3866.83705 19.225 0.099
3866.91598 19.032 0.070
3867.64039 18.949 0.097
3867.82795 18.996 0.091
3867.89916 19.056 0.087
3868.72350 19.076 0.111
3868.87518 19.039 0.110
3869.70335 19.063 0.096
3869.88430 18.977 0.109
3872.90828 19.169 0.098
3873.65686 19.027 0.090
3873.79903 19.177 0.085
3873.87165 18.967 0.081
3874.75530 19.007 0.095
3875.66900 19.095 0.066
3875.82487 19.026 0.077
3875.91538 19.080 0.088
3876.64621 19.116 0.080
3877.64436 19.012 0.089
3877.79566 19.018 0.065
3877.86957 18.955 0.073
3880.63512 18.419 0.049
3880.84523 18.576 0.068
3880.92405 18.517 0.060
3881.67445 18.460 0.050
3881.88589 18.395 0.046
3882.58645 18.595 0.070
3882.76274 18.423 0.050
3882.83697 18.537 0.053
3882.90576 18.549 0.049
3883.65212 18.505 0.067
3883.85264 18.613 0.051
3886.61423 18.490 0.057
3886.80702 18.581 0.046
3886.87887 18.725 0.080
3887.58757 18.642 0.074
3887.79017 18.621 0.056
3887.88971 18.652 0.067
3888.60365 18.700 0.074
3889.67001 18.694 0.055
3889.94824 18.755 0.094
3890.65515 18.856 0.067
3891.67967 19.117 0.103
3891.80789 19.005 0.083
3891.88987 19.111 0.095
3892.60487 19.299 0.187
3893.63350 19.069 0.105
3894.68386 19.023 0.109
3894.90665 19.084 0.126
3896.62454 19.084 0.142
3900.54280 18.456 0.114
3900.72919 19.028 0.079
3900.80785 19.151 0.100
3900.87649 19.263 0.131
3901.55296 19.332 0.165
3901.73429 18.954 0.093
3901.81154 18.923 0.096
3901.88048 19.103 0.123
3902.57718 19.073 0.094
3902.75513 18.935 0.082
3902.87798 19.126 0.156
3903.66677 18.995 0.090
3904.56398 19.095 0.081
3904.72695 19.071 0.078
3904.79605 19.021 0.078
3904.89819 19.207 0.117
3905.56071 19.134 0.094
3905.73742 19.146 0.076
3905.80745 19.141 0.069
3905.87600 18.950 0.077
3906.57523 19.016 0.097
3906.71586 19.044 0.083
3906.78820 19.079 0.091
3906.87130 18.956 0.105
3907.60601 19.110 0.108
3907.79643 18.639 0.096
3907.87279 18.798 0.130
3908.54214 19.047 0.107
3908.72777 19.226 0.107
3908.80783 19.187 0.095
3908.89092 19.002 0.095
3909.54401 18.983 0.103
3909.72667 19.278 0.084
3909.81717 19.167 0.090
3910.58894 18.902 0.088
3912.54311 19.069 0.068
3912.73047 19.110 0.064
3912.82440 19.120 0.077
3913.53462 18.899 0.062
3913.74007 19.147 0.097
3913.82895 19.202 0.080
3914.55841 19.180 0.120
3915.53612 19.370 0.136
3915.73812 19.050 0.083
3915.83631 19.229 0.121
3916.57482 19.106 0.107
3916.81875 18.998 0.087
3917.62999 18.995 0.102
3917.82934 19.114 0.122
3918.61690 19.082 0.111
3918.82702 19.090 0.123
3919.55519 19.060 0.150
3919.77379 19.067 0.080
3920.52151 19.185 0.116
3920.71759 19.104 0.105
3920.80302 19.089 0.075
3921.51767 19.433 0.143
3921.73144 19.040 0.139
3922.73361 19.043 0.121
3930.56225 18.887 0.082
3930.79923 19.042 0.160
3931.51028 18.986 0.112
3932.53787 18.849 0.079
3932.80962 19.079 0.102
3933.52428 18.865 0.071
3933.70878 19.122 0.076
3933.78075 18.913 0.085
3934.49825 19.038 0.093
3934.66822 19.256 0.091
3934.73808 19.131 0.084
3935.54806 19.271 0.118
3935.71946 19.450 0.159
3935.81697 19.015 0.095
3936.50149 18.751 0.089
3936.66697 18.981 0.081
3936.74335 19.195 0.125
3937.56968 18.955 0.113
3938.50921 19.248 0.140
3938.70426 19.772 0.181
3938.80942 19.373 0.176
3940.59390 19.126 0.075
3941.72284 18.992 0.121
3944.56183 19.167 0.100
3944.76220 19.292 0.137
3946.52099 19.091 0.120
3946.71318 18.944 0.103
3950.52964 19.070 0.076
3950.74470 19.300 0.119
3950.75217 19.105 0.107
3951.52238 19.261 0.117
3951.75367 18.823 0.125
3956.57559 18.968 0.127
3957.51400 19.282 0.153
3958.58567 19.186 0.113
3959.51759 19.076 0.105
3959.69201 19.072 0.127
3960.50682 19.190 0.103
3960.68593 19.110 0.079
3961.58248 19.214 0.147
3963.53948 19.348 0.108
3963.71684 19.341 0.145
3964.53459 19.176 0.089
3965.51902 19.014 0.073
3965.71791 19.054 0.088
3966.49419 19.205 0.114
3966.69591 19.172 0.109
3967.53262 18.852 0.102
3967.72134 19.123 0.103
3968.50669 19.293 0.129
3968.67665 18.880 0.094
3969.48832 19.087 0.105
3969.68896 19.006 0.095
3970.52255 19.019 0.098
3970.69603 19.090 0.085
3971.56126 19.278 0.144
3973.58751 19.145 0.096
3974.51678 19.020 0.102
3975.51966 19.096 0.084
3975.69635 18.994 0.112
3976.51447 18.973 0.078
3976.69430 19.367 0.180
3979.51649 18.980 0.127
3982.57714 18.984 0.098
3983.53476 18.965 0.132
3986.59159 19.153 0.131
3987.51393 19.348 0.148
3988.52685 19.068 0.079
3989.53746 19.421 0.141
3990.55427 19.047 0.103
3991.51005 19.194 0.131
3993.56173 18.929 0.093
3994.57242 19.727 0.196
3995.58000 19.133 0.092
3999.61735 19.080 0.101
4002.50675 19.203 0.128
4003.50099 19.119 0.087
4004.53506 19.075 0.093
4006.52802 18.955 0.082
4012.50792 19.043 0.127
4016.52356 19.303 0.163
4018.56204 19.168 0.140
4020.54655 19.282 0.137
4023.54692 19.386 0.167
4025.56626 19.131 0.140
4028.50569 18.835 0.105
4031.50579 18.806 0.100
4038.51111 18.991 0.139
4041.51014 19.239 0.170
4043.51790 18.980 0.155
4141.88520 19.295 0.152
4151.86635 19.057 0.115
4153.88827 19.077 0.099
4156.86666 19.068 0.124
4158.88776 19.082 0.103
4161.85420 19.114 0.150
4163.83708 19.081 0.113
4165.83215 19.447 0.252
4168.81566 18.835 0.095
4170.80759 18.761 0.129
4175.79821 18.603 0.079
4176.90957 18.680 0.073
4178.81764 18.762 0.078
4179.85759 18.959 0.079
4181.79403 18.978 0.108
4182.84253 19.082 0.088
4183.87511 19.036 0.105
4184.91934 19.052 0.127
4189.87026 19.119 0.119
4191.82063 19.168 0.182
4193.76666 19.080 0.136
4194.79597 19.112 0.105
4196.78602 19.158 0.140
4202.76760 19.021 0.087
4203.75561 19.027 0.077
4204.74789 19.043 0.106
4204.93018 19.031 0.135
4205.74443 19.018 0.088
4207.73388 19.140 0.111
4208.75600 19.111 0.091
4211.80015 19.001 0.106
4212.88152 18.903 0.127
4213.72050 19.330 0.140
4213.92409 19.054 0.089
4215.75319 19.140 0.131
4216.71099 18.926 0.090
4217.71845 18.970 0.078
4217.92790 19.008 0.084
4218.76808 19.122 0.134
4219.76899 19.116 0.135
4220.71372 19.027 0.125
4222.68245 19.080 0.147
4224.79317 18.931 0.101
4228.68861 19.073 0.123
4228.92218 19.188 0.143
4229.68229 18.931 0.137
4229.87924 19.111 0.107
4230.69201 19.135 0.106
4230.88005 19.093 0.114
4231.63433 18.865 0.095
4231.77856 19.023 0.090
4231.90275 19.031 0.111
4232.68642 19.199 0.150
4232.84741 18.942 0.134
4233.82448 19.106 0.141
4234.72261 18.955 0.093
4235.64788 19.032 0.098
4235.80913 19.124 0.085
4235.90156 19.092 0.097
4238.63382 18.994 0.147
4238.88624 19.056 0.119
4239.64859 18.985 0.105
4240.68797 19.069 0.090
4240.82804 19.081 0.103
4243.65377 19.000 0.118
4243.74651 19.094 0.112
4243.84022 18.953 0.100
4244.62611 18.925 0.114
4244.72237 19.082 0.097
4244.81518 19.097 0.099
4245.61920 19.068 0.102
4245.71314 19.021 0.076
4245.80894 19.196 0.102
4246.67751 19.055 0.100
4246.77039 18.973 0.091
4246.86374 19.170 0.106
4247.69275 19.038 0.102
4250.74093 19.166 0.111
4251.81250 18.735 0.129
4256.62864 18.851 0.124
4256.77469 19.051 0.125
4257.66030 18.892 0.116
4258.64332 18.920 0.098
4258.76583 19.051 0.095
4258.85993 19.022 0.122
4267.60399 18.843 0.100
4268.56717 19.057 0.121
4268.85007 19.102 0.114
4269.58640 19.075 0.101
4269.70693 18.922 0.086
4269.81627 19.215 0.096
4270.57994 19.118 0.122
4272.60828 19.070 0.096
4272.75746 19.093 0.100
4272.81667 18.947 0.097
4273.62540 18.979 0.122
4273.80606 19.137 0.135
4273.86723 19.000 0.172
4274.55809 18.987 0.126
4274.71182 18.964 0.117
4274.77294 18.905 0.096
4274.83135 18.942 0.117
4275.61051 19.089 0.136
4275.78587 19.045 0.117
4275.84697 19.051 0.150
4276.59531 19.170 0.130
4277.53911 18.869 0.129
4277.71607 19.057 0.105
4277.77473 18.923 0.114
4277.84486 18.876 0.129
4278.58398 18.891 0.119
4278.76015 18.929 0.127
4283.51857 19.236 0.147
4283.73886 18.920 0.105
4284.51350 18.837 0.112
4284.70410 19.020 0.104
4284.76640 19.030 0.107
4284.83126 18.904 0.130
4285.51662 18.921 0.143
4285.71006 19.271 0.138
4285.77116 19.320 0.133
4285.83645 18.984 0.117
4286.51631 19.095 0.139
4286.82123 19.105 0.174
4289.52412 19.069 0.123
4289.74266 18.907 0.103
4289.80778 19.281 0.136
4290.57042 19.009 0.133
4291.63305 19.013 0.087
4292.49867 19.156 0.097
4292.67788 19.016 0.079
4292.73648 19.096 0.082
4292.79497 19.055 0.093
4293.49903 19.005 0.099
4293.72365 19.033 0.080
4293.78244 19.120 0.095
4294.49821 19.059 0.113
4295.50532 19.112 0.125
4295.70337 19.281 0.093
4295.76195 18.980 0.081
4296.50235 19.156 0.125
4296.69891 19.060 0.081
4296.83425 19.117 0.130
4297.52192 18.937 0.106
4297.72352 19.039 0.080
4298.55680 19.045 0.109
4298.66253 19.050 0.099
4298.76840 19.276 0.151
4299.53984 18.980 0.075
4299.63329 19.097 0.089
4299.72502 19.180 0.095
4300.53552 19.109 0.102
4300.65557 19.111 0.091
4300.75109 19.071 0.091
4301.52638 19.055 0.083
4301.62213 18.962 0.082
4301.72391 19.017 0.080
4301.82113 19.142 0.107
4302.59938 18.975 0.106
4302.69955 19.189 0.111
4303.68538 19.205 0.130
4304.55951 18.924 0.118
4304.67762 19.026 0.132
4306.64347 19.107 0.112
4306.70042 19.152 0.131
4310.62270 19.097 0.150
4312.55498 18.976 0.110
4312.75342 19.052 0.128
4315.64597 18.979 0.122
4316.71917 19.069 0.119
4317.56725 19.162 0.095
4319.52451 19.066 0.122
4320.55130 19.049 0.103
4326.51858 19.272 0.120
4326.71576 19.201 0.142
4327.59758 18.882 0.099
4328.52438 18.937 0.113
4328.70240 19.126 0.123
4329.53376 18.986 0.112
4329.68164 19.103 0.117
4330.50526 19.096 0.095
4330.69856 18.993 0.101
4331.48540 19.189 0.143
4331.69427 19.156 0.129
4332.51521 19.123 0.089
4333.53629 19.002 0.109
4333.69738 18.896 0.128
4334.50967 19.084 0.179
4334.63788 19.087 0.160
4338.50951 18.940 0.111
4339.48685 19.140 0.135
4339.70331 18.965 0.116
4340.60714 19.087 0.114
4341.51015 18.988 0.149
4342.53935 19.065 0.111
4343.51817 18.826 0.060
4344.54644 18.493 0.082
4345.51163 18.517 0.054
4346.52432 18.476 0.074
4347.53904 18.565 0.067
4349.50068 18.701 0.075
4350.54731 18.614 0.061
4351.51321 18.705 0.068
4352.56374 18.920 0.134
4353.51711 18.793 0.082
4354.54582 19.008 0.090
4355.54918 19.131 0.125
4356.51381 19.058 0.107
4357.54293 19.090 0.131
4358.50595 18.896 0.112
4359.54347 18.991 0.098
4360.57284 19.034 0.116
4361.57629 19.102 0.144
4365.56888 18.890 0.120
4367.50215 19.172 0.116
4368.53853 19.090 0.143
4370.50259 19.146 0.112
4371.54100 19.043 0.091
4372.52675 19.010 0.081
4373.51291 19.031 0.129
4376.57765 19.650 0.266
4377.61486 19.053 0.153
4378.52543 19.369 0.150
4379.54047 19.063 0.142
4380.55196 19.164 0.115
4381.53066 19.052 0.143
4382.57319 19.105 0.162
4383.56372 18.964 0.112
4384.53792 19.119 0.134
4388.50106 19.080 0.138
4388.53666 19.262 0.180
4388.54985 19.117 0.173
4388.55740 19.196 0.170
4388.56998 19.045 0.142
4388.58036 19.115 0.158
4388.59449 18.996 0.153
4388.60085 18.958 0.148
4391.49015 18.999 0.128
4392.49944 18.975 0.145
4393.53772 19.097 0.114
4394.55306 19.123 0.171
4395.52449 19.028 0.126
4395.55275 19.163 0.150
4395.57549 19.288 0.161
4396.51652 19.048 0.157
4397.54081 19.145 0.134
4398.54570 19.113 0.138
4399.53841 19.262 0.176
4400.54047 19.150 0.189
4402.55688 19.112 0.168
4403.55594 19.245 0.185
4408.54670 19.200 0.198
4507.87062 18.785 0.109
4510.86713 19.281 0.128
4513.86824 19.128 0.100
4517.86738 19.011 0.158
4519.88831 19.071 0.098
4522.88223 19.039 0.128
4524.81805 19.211 0.142
4530.82570 19.030 0.084
4533.86154 18.858 0.089
4535.84432 19.044 0.125
4536.90196 19.063 0.104
4537.88760 19.093 0.080
4538.82269 19.316 0.141
4539.86078 19.055 0.099
4540.80696 19.072 0.091
4541.79969 19.059 0.085
4542.79438 19.091 0.117
4543.78993 19.078 0.106
4544.78677 18.950 0.102
4545.79311 18.960 0.100
4546.80025 19.001 0.104
4547.79420 18.978 0.088
4548.80515 19.286 0.133
4550.74820 18.950 0.129
4551.77139 19.103 0.106
4552.76736 19.225 0.205
4556.76348 19.030 0.090
4557.78067 18.933 0.095
4558.75761 19.080 0.081
4559.75554 19.129 0.102
4560.75568 18.912 0.092
4561.74572 18.793 0.080
4564.73590 18.490 0.059
4565.73393 18.559 0.048
4565.92485 18.561 0.058
4566.73348 18.621 0.062
4567.72649 18.670 0.064
4568.73505 18.516 0.058
4569.74416 18.707 0.073
4570.73478 18.670 0.083
4571.72945 18.861 0.108
4571.91796 18.808 0.077
4572.75693 18.953 0.085
4573.74533 19.022 0.102
4573.91167 18.993 0.076
4574.74769 19.003 0.101
4575.75678 18.986 0.097
4576.76329 19.160 0.104
4577.84500 18.961 0.103
4578.79605 18.865 0.108
4579.87296 19.056 0.175
4583.73976 19.089 0.130
4583.93255 18.960 0.114
4585.76348 19.315 0.166
4586.79244 18.898 0.121
4587.77642 18.942 0.109
4587.93495 18.707 0.107
4588.69956 19.002 0.111
4588.93315 19.143 0.132
4589.68178 19.092 0.110
4589.83722 18.982 0.094
4589.89921 18.878 0.117
4590.70754 18.999 0.085
4590.90923 19.100 0.098
4590.91789 19.082 0.101
4591.71307 19.046 0.101
4591.83853 18.910 0.096
4591.90511 19.021 0.096
4592.67173 18.991 0.105
4592.86096 18.918 0.105
4593.66086 19.032 0.096
4593.87056 18.861 0.080
4594.68188 19.027 0.103
4594.87689 18.926 0.092
4595.67140 19.175 0.116
4595.86582 19.164 0.103
4595.92767 18.891 0.099
4596.66664 19.007 0.113
4597.69106 19.087 0.096
4597.88257 18.980 0.099
4598.66732 19.062 0.080
4599.63984 19.074 0.114
4600.64908 19.149 0.092
4600.85782 18.947 0.084
4601.65467 19.066 0.087
4601.87093 19.048 0.080
4601.93277 19.074 0.101
4602.64728 18.976 0.080
4602.85672 18.922 0.075
4603.88983 19.167 0.109
4606.60247 18.825 0.116
4606.62862 19.132 0.143
4606.64859 19.020 0.101
4606.71751 19.011 0.094
4606.90693 19.081 0.106
4607.77729 19.120 0.119
4610.74476 18.975 0.081
4611.63407 19.035 0.122
4611.82494 19.029 0.086
4612.65545 18.910 0.087
4615.79721 19.004 0.108
4616.60623 18.995 0.103
4616.82275 18.934 0.087
4616.89272 18.978 0.106
4617.67800 18.986 0.092
4618.61802 18.779 0.083
4621.91972 18.656 0.056
4622.81645 18.892 0.095
4622.93262 18.780 0.118
4623.67377 18.698 0.078
4623.87555 19.062 0.134
4624.59553 18.797 0.102
4624.81968 19.006 0.095
4624.88603 18.920 0.097
4625.60966 18.834 0.105
4625.82906 19.075 0.135
4625.91793 18.903 0.109
4626.60816 18.888 0.101
4626.87884 18.900 0.120
4627.56860 19.118 0.104
4627.85791 18.994 0.073
4627.92516 18.865 0.085
4628.55590 19.028 0.102
4628.76217 18.901 0.094
4628.82760 19.166 0.122
4628.89748 19.034 0.105
4629.63329 19.055 0.080
4629.83592 18.992 0.085
4629.91393 19.012 0.092
4630.56925 18.939 0.104
4630.77507 19.055 0.088
4630.85845 19.113 0.115
4630.92120 18.881 0.092
4631.57062 19.092 0.084
4631.78636 18.928 0.072
4631.87305 18.919 0.094
4632.57443 18.937 0.082
4632.86118 18.965 0.108
4633.57441 19.010 0.096
4633.68591 18.964 0.074
4633.80165 18.952 0.086
4638.75951 19.106 0.122
4638.86969 19.784 0.448
4639.58204 19.135 0.127
4639.67985 19.041 0.100
4640.60153 19.179 0.104
4640.73368 19.101 0.103
4640.83874 18.842 0.112
4641.67554 19.012 0.101
4641.78550 19.118 0.109
4642.59945 18.991 0.104
4642.76198 19.050 0.105
4642.83707 18.916 0.100
4643.55725 18.961 0.100
4644.60461 19.086 0.132
4644.86632 18.817 0.085
4645.52771 19.085 0.133
4645.77615 19.088 0.108
4645.85088 19.153 0.143
4646.52573 19.001 0.088
4646.85811 19.126 0.120
4647.52210 19.010 0.117
4647.74517 19.117 0.112
4647.85617 19.008 0.131
4648.50525 18.920 0.098
4648.72447 18.963 0.092
4648.82277 18.936 0.097
4649.53138 18.938 0.115
4649.81021 19.052 0.104
4649.86646 18.981 0.131
4650.51734 18.917 0.128
4650.78126 18.824 0.082
4650.87498 18.906 0.112
4651.52075 18.986 0.131
4651.81585 18.934 0.110
4652.51172 18.981 0.105
4652.72489 19.127 0.099
4652.79974 19.193 0.146
4652.84947 18.847 0.113
4653.50810 19.085 0.143
4653.72725 19.115 0.106
4654.54690 19.155 0.120
4654.75838 19.018 0.105
4655.50798 19.000 0.146
4655.73243 19.134 0.091
4655.79421 18.931 0.094
4656.50988 19.162 0.090
4656.69968 18.954 0.102
4656.81890 19.060 0.122
4657.73650 18.898 0.107
4658.66839 19.194 0.117
4659.60934 19.123 0.142
4660.62074 19.034 0.123
4661.49798 18.836 0.110
4661.69864 18.971 0.110
4661.76014 18.757 0.094
4661.82734 19.123 0.136
4665.66548 19.206 0.158
4666.57090 19.013 0.108
4666.71396 18.907 0.101
4666.75614 19.062 0.143
4670.65558 19.458 0.160
4671.59116 19.006 0.081
4672.51667 18.942 0.073
4672.70907 19.057 0.089
4672.73138 19.066 0.113
4674.51973 19.063 0.121
4674.71288 18.993 0.103
4675.75755 19.246 0.135
4677.49637 19.180 0.106
4677.64276 19.427 0.163
4678.70532 19.151 0.103
4679.50203 19.149 0.164
4681.53778 19.027 0.099
4681.63779 19.012 0.102
4681.77001 18.735 0.076
4682.50879 19.133 0.094
4682.66613 19.064 0.086
4682.76130 19.034 0.089
4683.52728 18.955 0.121
4683.71423 19.080 0.108
4684.51982 19.197 0.119
4684.73353 19.229 0.104
4685.50482 19.178 0.158
4685.73978 19.058 0.104
4686.50855 19.091 0.101
4687.49232 19.082 0.113
4687.74784 19.288 0.136
4688.50524 18.977 0.104
4688.69509 19.055 0.095
4688.75684 19.119 0.112
4693.55301 19.200 0.148
4694.61419 19.017 0.150
4697.50876 19.089 0.097
4698.51428 19.004 0.084
4699.51042 19.029 0.102
4700.51670 18.996 0.082
4701.51198 18.991 0.096
4702.51052 19.031 0.106
4703.58103 19.164 0.107
4704.65074 19.085 0.106
4705.51416 19.001 0.083
4707.64452 19.247 0.120
4708.54740 19.009 0.126
4709.52354 19.005 0.128
4710.55312 19.153 0.109
4715.59247 19.046 0.133
4716.59487 19.004 0.119
4720.56202 19.156 0.124
4721.49449 19.133 0.173
4722.60689 19.022 0.126
4724.51593 18.942 0.129
4725.49476 19.239 0.165
4726.55567 19.274 0.186
4728.60081 19.338 0.169
4729.55628 18.920 0.126
4730.57498 19.084 0.108
4731.57956 19.019 0.112
4733.53121 19.202 0.122
4734.56057 19.039 0.127
4737.55149 19.106 0.126
4740.56200 18.980 0.113
4741.56971 19.049 0.100
4743.57534 19.092 0.123
4753.55550 18.810 0.111
4756.53436 18.314 0.078
4758.51721 18.474 0.083
4774.51084 19.015 0.140
4775.50824 19.485 0.261
4776.50570 18.859 0.153
4778.49924 19.145 0.333
4779.51305 18.936 0.114
4868.88721 19.128 0.171
4873.85990 18.888 0.100
4874.85437 18.985 0.140
4877.85419 19.032 0.095
4884.86172 19.004 0.089
4887.83383 19.142 0.103
4890.88980 19.190 0.106
4896.87801 19.171 0.095
4899.84892 19.084 0.099
4900.89033 19.018 0.085
4901.88873 19.033 0.079
4902.88744 19.055 0.084
4904.81156 18.974 0.088
4910.81752 19.018 0.111
4911.78804 19.184 0.080
4912.78501 19.071 0.068
4914.80205 19.129 0.091
4915.86276 19.070 0.084
4915.89598 19.121 0.088
4915.91943 19.109 0.112
4916.75750 19.063 0.099
4916.77967 19.091 0.090
4916.82001 19.162 0.088
4916.86271 19.130 0.081
4916.90033 18.919 0.067
4917.72379 19.241 0.130
4917.74615 19.090 0.092
4917.76308 18.704 0.068
4917.77166 18.945 0.075
4917.78727 19.008 0.084
4917.88284 18.981 0.080
4917.90189 18.987 0.093
4917.91916 19.070 0.134
4918.72993 19.182 0.113
4918.74682 19.271 0.106
4918.77083 19.069 0.084
4918.81565 19.059 0.098
4918.84593 19.171 0.098
4918.91860 19.070 0.140
4919.72386 19.084 0.096
4919.85445 19.138 0.088
4919.91801 19.002 0.087
4920.72671 19.088 0.084
4920.74279 19.094 0.079
4921.75024 19.093 0.088
4924.88172 18.905 0.088
4925.82374 19.025 0.080
4925.91081 19.014 0.068
4925.92238 18.907 0.097
4927.72349 18.846 0.110
4927.87796 18.797 0.088
4928.73995 19.006 0.109
4929.79623 19.126 0.089
4930.71071 19.251 0.134
4930.82965 18.998 0.116
4931.72556 19.105 0.132
4931.87121 19.125 0.102
4932.72859 19.037 0.101
4932.82927 19.183 0.096
4933.77693 19.097 0.117
4934.77534 18.931 0.102
4934.88014 19.066 0.132
4938.68592 18.498 0.065
4938.89056 18.631 0.081
4939.70483 18.579 0.067
4940.70485 18.599 0.065
4941.68359 18.634 0.069
4941.78159 18.661 0.073
4942.72139 18.608 0.056
4943.67544 18.626 0.059
4943.81492 18.651 0.072
4944.67223 18.733 0.068
4944.82769 18.649 0.061
4945.72072 18.655 0.056
4945.77716 18.679 0.055
4946.67035 18.828 0.080
4947.66406 18.922 0.066
4947.86227 18.791 0.071
4948.84460 18.737 0.056
4950.66682 19.059 0.088
4951.65275 19.089 0.117
4952.65101 18.988 0.098
4953.64462 19.285 0.121
4953.81921 19.020 0.095
4954.64617 18.829 0.083
4954.83904 19.205 0.104
4955.64688 19.146 0.122
4955.78022 18.972 0.091
5260.88127 18.917 0.044
5261.81224 18.887 0.044
5262.84981 18.997 0.155
5265.86672 18.926 0.043
5266.81307 18.996 0.055
5267.84030 18.893 0.046
5268.84273 18.947 0.044
5269.80640 18.938 0.042
5270.81208 18.935 0.042
5271.80759 18.852 0.041
5272.81275 18.973 0.061
5273.79776 18.926 0.044
5274.81625 18.905 0.046
5275.80260 18.915 0.064
5276.78076 18.914 0.047
5276.90824 18.941 0.046
5277.81730 18.815 0.070
5278.81287 18.964 0.050
5279.81414 18.923 0.057
5280.82075 18.945 0.044
5281.80067 18.894 0.039
5282.82340 18.921 0.042
5283.78350 18.994 0.063
5283.87482 18.984 0.048
5284.78910 18.890 0.078
5285.77995 18.895 0.059
5285.90993 18.935 0.046
5286.79556 19.011 0.083
5287.84873 18.923 0.042
5288.77411 18.958 0.054
5289.82598 18.966 0.062
5293.85390 18.931 0.048
5294.78803 18.926 0.044
5295.79001 18.872 0.035
5296.83036 18.824 0.031
5297.86502 18.855 0.032
5298.90532 18.944 0.036
5299.88920 18.818 0.035
5301.81634 18.930 0.040
5304.77869 18.962 0.049
5306.77615 18.930 0.041
5307.80148 18.929 0.036
5308.79159 18.879 0.037
5309.83942 18.987 0.043
5311.92358 18.901 0.045
5312.91301 19.006 0.047
5314.67284 18.728 0.072
5314.88746 18.568 0.040
5315.81352 18.358 0.031
5316.77166 18.465 0.059
5320.80723 18.511 0.035
5321.75407 18.481 0.035
5322.70949 18.522 0.036
5322.92267 18.564 0.037
5323.86696 18.582 0.036
5324.79712 18.606 0.050
5325.71323 18.690 0.033
5325.91418 18.729 0.047
5326.83916 18.714 0.035
5327.78682 18.888 0.045
5328.68607 18.788 0.038
5328.90956 18.965 0.046
5334.83901 18.970 0.047
5335.80348 18.876 0.042
5336.90010 19.000 0.059
5339.65932 18.894 0.067
5339.93469 18.873 0.058
5340.87658 18.841 0.053
5341.80741 18.944 0.048
5342.63533 18.801 0.079
5342.83119 19.025 0.068
5343.65546 18.946 0.067
5343.84862 18.931 0.055
5348.79575 18.857 0.048
5349.67608 18.946 0.055
5350.68449 18.941 0.066
5351.80540 18.895 0.052
5353.77276 18.940 0.041
5354.73979 18.905 0.049
5355.67516 18.963 0.044
5357.67372 18.923 0.063
5358.84213 18.920 0.050
5359.67853 18.890 0.043
5359.90096 18.888 0.107
5362.88340 19.034 0.077
5365.54390 18.796 0.067
5365.87202 18.985 0.071
5369.82904 18.828 0.054
5376.80277 19.043 0.102
5377.73526 18.908 0.048
5378.59709 18.839 0.038
5378.85669 19.064 0.063
5379.77097 18.848 0.042
5380.61601 18.949 0.043
5380.85330 18.988 0.083
5381.72832 18.864 0.071
5382.60364 18.790 0.068
5382.81096 18.851 0.073
5385.81358 18.993 0.042
5386.51649 19.055 0.063
5386.59856 18.885 0.050
5386.68306 18.910 0.049
5386.82788 18.876 0.038
5387.81093 18.804 0.044
5388.76748 18.869 0.044
5389.65513 18.905 0.050
5390.60106 18.976 0.053
5391.50642 18.817 0.056
5391.83592 18.912 0.046
5392.77578 18.729 0.034
5393.75194 18.598 0.057
5396.66572 18.594 0.039
5397.70390 18.615 0.052
5403.48397 18.870 0.047
5403.67656 18.881 0.052
5404.54761 18.956 0.053
5404.74646 18.952 0.058
5405.76020 18.965 0.059
5407.61637 18.952 0.070
5408.53494 18.909 0.074
5408.73698 18.891 0.073
5409.73903 18.907 0.049
5410.74271 18.917 0.051
5412.67616 18.930 0.082
5413.74810 18.877 0.064
5414.77115 18.812 0.037
5418.65128 18.904 0.047
5421.67114 18.862 0.054
5423.48781 18.819 0.036
5426.50679 18.972 0.058
5430.57738 19.100 0.072
5431.57262 19.054 0.066
5434.53766 19.028 0.106
5435.50864 18.964 0.063
5436.50720 18.956 0.058
5438.54178 18.884 0.057
5439.60963 18.940 0.069
5443.62393 18.881 0.051
5444.64956 18.841 0.043
5446.53859 18.860 0.046
5447.54877 19.017 0.051
5449.48160 18.925 0.078
5450.55972 18.855 0.061
5453.49822 18.892 0.059
5457.59193 18.999 0.051
5459.48166 18.963 0.054
5460.49822 19.047 0.079
5461.52963 18.962 0.097
5462.56810 18.969 0.059
5465.53924 18.854 0.071
5467.52096 18.952 0.043
5469.51905 18.992 0.045
5470.54327 18.944 0.054
5471.54877 18.998 0.058
5472.49117 18.832 0.058
5472.58583 18.984 0.056
5473.53188 18.942 0.053
5476.53218 18.943 0.077
5478.51108 18.877 0.047
5479.54028 18.771 0.071
5480.53147 18.892 0.055
5481.50042 18.800 0.090
5485.54742 19.049 0.068
5486.53366 18.951 0.070
5487.51679 18.862 0.046
5488.50405 18.790 0.052
5489.49022 18.918 0.096
5490.49031 18.689 0.103
5490.54736 18.596 0.060
5493.51796 18.423 0.063
5495.50727 18.409 0.032
5497.50677 18.449 0.045
5499.50966 18.617 0.061
5504.50220 18.751 0.074
5598.88437 18.699 0.069
5600.88047 18.368 0.035
5616.89910 18.912 0.071
5622.89836 18.950 0.043
5625.83207 18.939 0.054
5627.82540 18.855 0.045
5628.90814 18.900 0.068
5629.83551 18.981 0.055
5631.86418 18.868 0.046
5633.81928 18.901 0.042
5634.81304 18.817 0.050
5637.84932 19.088 0.075
5639.80794 18.936 0.057
5639.88345 18.842 0.047
5640.79040 18.994 0.076
5640.87641 18.864 0.047
5641.78472 19.006 0.061
5641.91002 18.926 0.067
5642.84606 19.011 0.050
5643.77282 18.913 0.052
5643.87086 18.920 0.041
5644.78054 18.703 0.051
5644.89185 18.973 0.049
5648.76242 18.946 0.059
5648.86998 18.947 0.042
5649.76884 19.008 0.052
5649.87523 19.070 0.047
5650.76062 18.864 0.055
5650.86720 18.856 0.041
5651.78124 18.994 0.049
5651.90076 18.939 0.040
5652.82465 18.887 0.037
5653.79144 18.932 0.039
5654.79920 18.905 0.047
5654.88702 18.987 0.048
5655.79523 18.941 0.044
5655.87992 18.892 0.038
5656.83144 18.892 0.033
5657.79187 18.901 0.043
5657.87830 18.993 0.041
5658.78871 18.980 0.058
5658.88431 18.880 0.043
5659.74039 18.938 0.042
5659.81729 18.955 0.051
5659.90801 18.884 0.040
5660.79186 18.898 0.041
5660.90565 19.057 0.058
5662.78285 18.979 0.056
5662.88279 18.939 0.046
5664.74477 18.986 0.075
5664.84944 18.934 0.051
5665.72368 18.888 0.068
5665.83939 18.922 0.041
5665.92641 19.041 0.054
5667.91102 18.942 0.034
5668.91485 18.931 0.056
5669.90465 18.955 0.094
5670.88438 18.922 0.052
5675.76134 18.947 0.051
5676.68761 19.090 0.036
5676.86565 18.882 0.035
5677.80490 18.830 0.043
5679.72677 19.063 0.052
5679.91019 18.978 0.045
5680.80050 18.974 0.048
5681.70194 18.858 0.046
5681.88815 18.854 0.040
5682.78044 18.966 0.041
5683.73541 19.039 0.065
5684.65614 18.862 0.045
5684.87993 18.871 0.041
5685.84708 18.935 0.033
5686.74412 18.882 0.041
5686.93050 18.861 0.049
5687.83459 18.888 0.037
5689.75425 18.960 0.048
5690.75051 19.152 0.083
5691.66341 18.940 0.054
5691.86689 19.006 0.050
5692.76899 18.864 0.041
5692.92370 19.063 0.059
5693.79253 18.951 0.034
5694.61224 19.002 0.065
5694.80122 18.896 0.040
5695.61606 19.054 0.073
5695.84144 18.948 0.040
5696.64695 19.001 0.059
5696.82753 18.909 0.047
5697.66435 19.019 0.048
5697.83184 18.855 0.057
5698.66980 18.910 0.063
5698.83131 18.886 0.052
5703.76477 19.149 0.084
5705.79957 18.954 0.077
5706.74215 18.855 0.068
5707.62985 18.875 0.050
5707.80407 18.832 0.040
5708.61073 18.891 0.067
5708.80654 19.137 0.077
5709.65404 18.781 0.038
5712.71039 18.955 0.044
5712.87939 18.902 0.048
5714.58807 18.764 0.067
5715.65716 18.875 0.041
5715.83598 19.110 0.052
5716.73205 18.885 0.044
5716.89436 18.960 0.074
5721.80674 18.375 0.030
5722.63289 18.385 0.027
5722.83420 18.391 0.029
5723.71152 18.444 0.030
5723.86926 18.430 0.035
5724.75269 18.393 0.053
5725.68640 18.523 0.029
5726.58028 18.577 0.052
5726.75468 18.564 0.038
5734.73954 18.960 0.080
5735.66646 18.931 0.056
5735.86889 18.967 0.060
5736.60753 18.865 0.034
5736.82018 18.988 0.039
5737.61624 18.881 0.039
5737.79293 18.925 0.039
5738.63317 18.862 0.038
5739.53113 18.892 0.053
5739.71660 18.904 0.044
5740.50458 19.098 0.081
5740.71360 18.913 0.047
5740.88445 19.099 0.081
5741.64515 18.943 0.055
5741.82450 18.937 0.047
5742.58042 18.901 0.048
5742.75759 18.905 0.034
5743.63000 18.829 0.057
5743.80701 18.971 0.054
5744.56503 18.794 0.057
5744.78156 19.016 0.056
5745.56158 18.847 0.074
5745.74007 18.938 0.049
5746.58622 19.051 0.051
5746.76813 18.931 0.054
5747.66206 18.943 0.062
5748.63335 18.964 0.041
5749.60590 18.889 0.049
5749.77151 18.959 0.063
5753.55661 19.010 0.140
5759.81033 18.960 0.078
5760.56261 18.922 0.062
5760.75177 18.973 0.050
5761.56587 19.017 0.031
5762.60757 18.817 0.045
5763.47787 18.912 0.053
5763.66440 18.970 0.046
5764.48232 18.902 0.050
5764.65644 18.936 0.038
5765.52777 18.823 0.048
5765.72380 18.953 0.050
5766.60117 18.905 0.032
5767.47449 18.985 0.079
5767.67337 18.962 0.064
5768.51557 18.998 0.047
5768.71552 18.989 0.039
5769.54187 18.827 0.038
5769.75617 18.671 0.035
5775.62272 18.909 0.060
5776.70551 19.123 0.063
5777.63589 18.954 0.045
5778.54549 19.044 0.082
5779.68560 19.009 0.050
5785.49108 18.851 0.073
5785.69992 18.820 0.058
5786.64455 18.980 0.055
5787.47963 18.888 0.050
5787.67725 19.065 0.057
5788.59801 18.830 0.043
5790.47639 19.101 0.071
5790.65830 18.849 0.050
5793.47779 18.849 0.063
5793.66464 19.001 0.054
5794.57681 18.990 0.059
5795.57009 18.791 0.065
5796.53100 18.881 0.045
5798.67709 18.911 0.078
5801.63759 19.062 0.079
5803.52601 18.909 0.057
5804.62304 19.017 0.053
5805.58497 18.948 0.042
5806.62724 19.143 0.077
5812.52607 18.360 0.056
5813.50638 18.552 0.037
5813.66387 18.448 0.031
5815.64403 18.535 0.036
5816.61570 18.642 0.053
5817.61745 18.583 0.043
5818.59837 18.628 0.051
5819.60605 18.511 0.033
5820.58399 18.685 0.043
5822.54283 18.702 0.058
5822.63149 18.750 0.046
5823.56291 18.996 0.068
5824.48703 18.794 0.064
5824.58403 18.879 0.045
5825.50351 18.891 0.066
5825.59999 18.899 0.047
5826.52425 18.864 0.054
5826.61086 18.897 0.068
5827.54870 18.840 0.064
5827.62875 18.851 0.067
5828.56193 18.943 0.046
5829.48591 18.863 0.066
5829.57260 18.945 0.044
5830.50983 19.023 0.041
5830.58566 18.883 0.045
5831.55766 18.860 0.041
5832.49034 19.044 0.043
5832.58233 18.961 0.057
5833.53898 19.039 0.049
5834.48785 18.995 0.046
5834.57605 18.946 0.045
5835.56914 19.005 0.082
5836.55372 18.895 0.065
5839.50502 19.038 0.075
5839.58049 18.842 0.074
5840.53601 19.065 0.069
5840.62136 18.857 0.062
5841.55467 18.962 0.069
5842.51708 18.666 0.074
5842.61266 18.798 0.077
5843.55946 19.058 0.077
5844.50293 18.953 0.065
5844.58326 18.965 0.093
5845.54312 18.895 0.068
5846.50714 19.097 0.102
5846.58404 18.861 0.104
5847.55987 18.788 0.087
5850.53076 18.956 0.051
5851.49239 19.053 0.063
5851.57031 19.035 0.064
5852.52194 18.930 0.076
5854.51223 19.089 0.080
5855.49632 18.935 0.117
5856.49930 18.881 0.069
5857.51485 19.094 0.108
5859.52198 18.935 0.057
5860.53508 18.877 0.057
5862.50001 19.015 0.067
5866.51536 18.834 0.095
5867.51886 18.860 0.055
5868.51985 18.730 0.082
5869.51078 18.910 0.069
5870.51644 18.929 0.055
5971.86297 18.873 0.047
5976.86995 19.047 0.052
5977.86887 18.869 0.049
5978.87936 18.935 0.045
5979.88385 18.892 0.059
5982.82647 19.006 0.057
5983.83457 19.037 0.059
5984.83115 19.001 0.055
5985.81667 18.807 0.060
5985.89380 18.857 0.046
5986.86978 18.825 0.040
5987.84620 18.918 0.046
5988.83629 18.803 0.055
5989.81713 18.938 0.050
5989.89688 18.916 0.052
5990.86458 18.728 0.040
5991.83908 18.956 0.041
5992.81021 19.027 0.059
5993.87628 18.886 0.052
5994.84466 19.055 0.061
5995.79724 18.932 0.052
5995.86990 18.873 0.080
5996.81256 18.854 0.044
5996.89688 18.899 0.036
5997.84464 18.844 0.046
5998.79468 18.985 0.057
5998.88515 18.792 0.036
5999.81743 18.862 0.045
5999.90419 18.866 0.039
6003.90086 18.962 0.054
6004.83559 18.933 0.044
6005.76259 18.930 0.048
6005.85217 18.896 0.043
6006.77588 19.032 0.046
6006.87967 18.827 0.037
6007.78322 18.894 0.040
6007.87836 18.836 0.036
6008.77651 18.982 0.045
6008.87317 18.901 0.045
6009.77819 18.926 0.042
6009.87353 18.960 0.040
6010.76910 18.912 0.048
6010.86812 18.959 0.034
6011.74954 19.052 0.062
6011.87366 18.942 0.060
6012.77253 18.930 0.046
6012.87148 18.924 0.032
6013.76825 18.934 0.047
6013.86857 18.934 0.054
6014.74455 18.871 0.046
6014.84276 18.941 0.042
6014.92210 18.822 0.114
6015.80024 18.939 0.033
6015.88974 18.966 0.036
6016.78126 18.939 0.035
6016.88428 19.018 0.044
6017.76931 18.889 0.034
6017.84691 18.906 0.031
6018.83608 18.995 0.038
6019.73592 18.815 0.050
6019.83308 18.878 0.041
6019.90977 18.921 0.034
6020.76797 18.919 0.039
6020.86293 18.897 0.030
6021.72380 18.975 0.068
6021.80081 18.909 0.040
6021.89775 18.974 0.039
6022.74940 18.974 0.051
6022.82664 18.724 0.046
6022.92573 18.740 0.051
6023.78354 18.427 0.028
6023.86555 18.465 0.025
6024.74083 18.613 0.045
6024.84151 18.463 0.026
6025.71550 18.424 0.047
6025.79581 18.579 0.050
6025.90208 18.447 0.034
6031.79591 18.619 0.047
6032.72551 18.776 0.036
6032.90573 18.779 0.031
6033.85678 18.769 0.032
6034.78566 18.814 0.032
6036.70116 18.880 0.044
6036.92034 18.953 0.039
6037.88376 18.863 0.045
6038.84561 19.059 0.046
6039.83040 18.950 0.059
6040.80589 18.933 0.046
6041.75668 18.824 0.053
6045.89749 18.870 0.040
6047.72088 18.874 0.045
6047.91442 18.961 0.046
6048.84558 19.083 0.043
6049.76210 18.937 0.033
6050.65901 19.041 0.076
6050.84718 18.870 0.050
6052.65668 18.878 0.064
6052.83184 19.007 0.052
6053.68839 18.857 0.062
6053.87879 18.927 0.059
6058.71884 18.817 0.058
6058.89053 18.847 0.038
6059.77504 19.007 0.042
6060.78111 18.900 0.041
6061.67445 18.920 0.055
6061.85294 18.851 0.045
6062.72329 19.017 0.058
6062.90110 18.908 0.047
6063.88067 18.783 0.042
6064.81915 18.956 0.042
6065.64945 18.803 0.044
6065.82842 18.807 0.039
6066.75257 18.882 0.038
6066.92606 19.008 0.039
6067.72789 18.942 0.049
6067.90545 18.883 0.037
6068.74423 18.884 0.037
6069.70637 18.923 0.036
6069.89528 18.845 0.034
6070.69354 18.852 0.038
6070.87050 18.877 0.044
6071.66936 18.874 0.040
6071.84901 18.921 0.037
6075.64932 18.785 0.039
6075.83273 18.994 0.037
6076.69075 18.965 0.042
6076.87504 18.734 0.042
6077.82097 18.942 0.047
6078.62385 18.827 0.046
6078.80445 18.971 0.035
6079.60167 18.958 0.048
6079.79164 19.005 0.049
6080.57189 18.775 0.056
6080.73655 18.957 0.043
6080.91798 18.885 0.035
6081.68431 18.876 0.051
6081.86742 19.116 0.059
6082.67591 18.849 0.081
6082.87845 18.858 0.098
6085.68544 18.931 0.062
6085.85163 18.644 0.072
6086.62462 18.866 0.045
6086.80992 18.938 0.046
6087.60359 18.687 0.043
6088.57581 18.824 0.040
6089.65629 18.958 0.045
6089.87255 18.958 0.048
6092.76984 18.998 0.043
6093.60644 18.899 0.048
6093.80489 19.110 0.076
6094.65570 18.834 0.042
6094.83029 18.872 0.045
6096.64997 18.888 0.041
6096.84416 18.963 0.055
6097.77839 18.907 0.056
6098.56782 18.962 0.074
6098.75075 19.063 0.050
6099.62971 18.927 0.053
6100.60052 18.864 0.053
6100.77491 18.730 0.059
6101.55207 18.691 0.042
6101.72970 19.141 0.047
6102.51498 18.833 0.075
6102.69024 18.900 0.040
6102.84795 18.881 0.048
6103.59894 18.900 0.042
6103.80367 18.993 0.044
6104.59533 18.861 0.036
6104.76166 18.891 0.037
6105.51904 18.963 0.066
6105.70908 18.909 0.047
6108.51901 18.980 0.073
6108.70409 18.970 0.042
6108.86338 18.830 0.041
6109.69436 18.689 0.061
6109.85170 18.863 0.059
6113.65805 18.880 0.057
6113.81336 18.919 0.056
6114.67298 18.994 0.066
6114.83954 19.050 0.070
6115.61150 18.897 0.043
6116.48291 18.810 0.042
6116.66131 18.913 0.038
6116.82733 18.778 0.039
6117.63154 18.867 0.039
6117.79781 18.847 0.041
6118.57340 18.823 0.034
6118.76011 18.911 0.043
6119.53710 18.906 0.053
6119.71325 18.915 0.043
6120.55075 18.850 0.054
6120.74742 18.809 0.037
6121.54081 18.830 0.038
6121.70990 18.936 0.035
6123.57904 18.847 0.043
6123.75523 18.850 0.058
6124.56063 18.924 0.043
6124.76672 19.099 0.057
6125.57371 18.887 0.042
6125.77476 18.927 0.047
6126.60631 18.892 0.049
6127.50729 18.989 0.058
6128.53090 18.798 0.032
6128.76640 18.944 0.049
6132.62537 19.023 0.062
6133.56777 18.530 0.034
6133.77411 18.425 0.038
6134.69015 18.330 0.035
6135.67579 18.485 0.037
6136.47954 18.349 0.045
6136.49520 18.252 0.042
6136.56164 18.298 0.047
6136.59221 18.396 0.045
6136.60347 18.353 0.047
6136.61838 18.405 0.048
6136.62290 18.357 0.046
6136.63013 18.256 0.041
6136.65337 18.391 0.037
6136.66252 18.371 0.031
6136.67752 18.410 0.032
6136.69772 18.345 0.026
6136.71429 18.385 0.037
6136.72403 18.465 0.052
6136.75073 18.501 0.046
6136.76375 18.508 0.054
6136.76604 18.537 0.050
6136.76995 18.673 0.057
6136.78207 18.465 0.053
6140.49993 18.507 0.052
6140.64831 18.479 0.047
6140.69238 18.482 0.046
6141.49672 18.475 0.037
6141.66989 18.431 0.035
6142.53635 18.581 0.046
6147.54219 18.756 0.043
6148.48391 18.817 0.032
6148.66657 18.775 0.034
6150.52477 19.080 0.069
6151.52860 18.922 0.067
6151.69102 18.853 0.052
6152.56637 18.967 0.056
6154.51449 19.001 0.054
6157.66353 19.022 0.053
6158.60540 18.854 0.045
6159.50991 18.773 0.056
6160.49150 19.003 0.052
6160.68692 18.927 0.043
6160.69966 18.935 0.044
6161.59581 18.925 0.063
6164.58329 18.845 0.055
6166.64233 18.898 0.060
6167.57681 18.981 0.081
6168.57996 19.025 0.043
6169.58285 19.008 0.049
6171.53664 18.935 0.044
6172.49561 19.021 0.032
6172.67788 19.083 0.065
6174.63549 18.966 0.077
6175.62371 18.942 0.051
6179.61641 18.780 0.065
6180.60372 18.926 0.072
6181.56160 18.986 0.051
6182.56959 18.898 0.042
6183.62055 18.889 0.043
6185.56875 18.895 0.036
6186.57836 19.019 0.055
6190.61584 18.845 0.047
6195.48074 18.591 0.054
6195.57299 19.024 0.056
6196.48345 18.940 0.062
6196.57049 18.928 0.054
6197.48389 18.797 0.072
6197.57188 19.127 0.062
6198.59143 18.958 0.087
6200.61158 18.802 0.072
6203.54621 18.954 0.066
6204.49311 18.945 0.059
6204.57642 19.116 0.058
6205.51935 19.059 0.055
6205.59962 18.946 0.045
6208.54027 18.888 0.067
6210.49377 18.854 0.055
6210.57080 18.822 0.043
6211.52075 18.912 0.046
6212.52011 18.525 0.033
6212.58964 18.641 0.038
6213.54926 18.508 0.039
6214.52964 18.582 0.040
6216.52929 18.779 0.047
6217.56195 18.895 0.042
6218.53736 19.109 0.073
6224.50069 18.871 0.088
6226.53466 18.753 0.082
6231.53586 18.942 0.097
6234.50992 18.933 0.062
6238.53860 18.875 0.055
6334.89040 18.777 0.059
6335.86782 18.786 0.040
6337.88015 18.950 0.064
6338.85772 19.025 0.073
6339.86418 19.087 0.046
6345.83399 18.966 0.043
6347.84275 18.780 0.048
6348.83672 19.077 0.057
6349.84889 18.927 0.057
6350.84921 18.824 0.052
6351.85244 18.722 0.044
6352.85214 18.901 0.042
6353.82719 19.025 0.052
6354.84306 18.847 0.037
6358.84554 18.819 0.037
6360.83570 19.003 0.039
6361.82132 18.929 0.041
6361.90174 18.825 0.042
6362.84413 18.965 0.044
6363.81306 19.053 0.052
6367.82345 18.870 0.035
6367.91028 18.934 0.050
6368.86161 18.886 0.036
6369.80081 18.946 0.042
6369.89862 18.949 0.037
6370.84385 18.832 0.055
6371.76877 18.878 0.048
6371.85693 18.990 0.038
6372.76166 18.931 0.047
6372.85025 18.926 0.038
6373.77846 18.909 0.052
6373.86717 18.917 0.051
6374.78231 18.810 0.046
6374.87352 18.959 0.043
6375.78141 18.911 0.038
6375.88877 18.880 0.037
6376.79552 18.919 0.042
6376.88688 18.933 0.031
6377.81691 18.946 0.036
6377.89729 18.857 0.030
6378.81249 19.018 0.040
6378.89298 18.863 0.031
6379.78914 19.048 0.054
6379.88019 18.957 0.047
6380.78987 19.060 0.092
6380.89421 19.015 0.045
6381.82102 18.943 0.038
6381.90007 19.129 0.046
6382.80475 19.050 0.093
6382.88462 18.969 0.056
6386.79639 18.937 0.044
6386.80485 18.821 0.037
6386.81044 18.810 0.043
6386.81924 18.896 0.049
6386.82585 18.830 0.043
6386.84329 18.939 0.046
6386.85694 18.969 0.049
6386.86687 19.110 0.059
6386.87511 18.964 0.050
6386.88359 18.801 0.050
6386.89188 18.926 0.050
6386.90127 18.930 0.078
6386.90794 19.189 0.076
6386.91318 18.886 0.064
6386.92167 19.073 0.070
6386.92875 18.724 0.111
6387.70548 18.914 0.061
6387.70856 18.901 0.059
6387.72367 19.027 0.067
6387.74043 18.916 0.045
6387.78103 18.929 0.039
6387.80505 19.011 0.046
6387.88895 18.984 0.053
6387.92378 18.937 0.086
6388.71427 18.919 0.055
6388.77639 19.004 0.042
6388.80471 18.839 0.037
6388.86626 19.033 0.049
6388.91364 18.938 0.047
6389.72438 18.923 0.057
6389.78349 18.812 0.038
6389.88592 18.931 0.044
6390.74583 18.812 0.040
6390.77985 18.942 0.040
6390.87966 18.969 0.043
6391.70425 18.664 0.057
6391.77323 18.949 0.058
6393.74662 19.081 0.055
6393.88635 18.931 0.061
6394.76520 18.982 0.045
6394.84819 18.934 0.053
6395.81135 18.673 0.031
6395.89738 18.667 0.029
6396.75831 18.375 0.022
6396.79829 18.331 0.019
6397.69931 18.410 0.027
6397.74381 18.445 0.023
6397.87459 18.367 0.023
6398.77488 18.355 0.025
6398.80622 18.361 0.026
6399.71253 18.386 0.030
6399.89455 18.536 0.034
6400.68488 18.584 0.042
6400.73674 18.425 0.026
6400.76687 18.459 0.030
6400.88628 18.362 0.027
6401.82138 18.374 0.023
6402.73278 18.491 0.035
6402.90822 18.614 0.051
6403.82211 18.422 0.023
6404.75737 18.459 0.031
6405.82766 18.521 0.038
6406.76180 18.631 0.042
6407.71447 19.013 0.067
6407.88005 18.809 0.045
6408.82488 18.901 0.058
6415.71263 18.985 0.076
6415.90556 19.089 0.048
6416.79206 18.885 0.034
6417.71629 18.870 0.047
6417.89017 18.791 0.039
6418.73866 18.867 0.039
6418.91267 18.975 0.041
6419.78939 18.923 0.048
6420.65468 18.900 0.037
6420.82572 18.824 0.030
6421.83459 18.827 0.039
6422.77608 18.836 0.036
6423.75315 18.986 0.061
6423.93250 18.970 0.050
6424.80747 18.947 0.034
6426.65593 18.930 0.042
6426.89643 18.977 0.043
6427.90021 18.844 0.048
6428.69593 18.872 0.068
6428.88451 18.839 0.047
6431.68499 18.872 0.087
6431.86963 19.064 0.054
6432.70968 18.902 0.047
6432.89164 18.819 0.051
6432.93769 19.078 0.060
6433.69621 18.797 0.041
6434.61700 19.067 0.082
6434.80065 18.933 0.047
6435.64766 18.893 0.065
6435.83326 19.027 0.056
6436.63366 18.924 0.051
6436.82287 18.966 0.052
6437.76669 18.815 0.054
6437.92076 18.824 0.075
6441.70392 18.755 0.057
6441.86087 18.939 0.071
6442.63923 18.948 0.041
6442.82366 18.824 0.035
6443.63469 19.032 0.063
6444.71119 18.946 0.053
6444.84325 18.925 0.044
6445.64530 18.979 0.046
6445.85167 18.985 0.056
6446.63340 19.035 0.038
6446.82397 18.922 0.033
6447.60992 18.946 0.041
6447.79388 18.916 0.037
6448.56095 18.999 0.072
6448.73976 18.912 0.044
6448.90547 18.819 0.054
6449.68171 18.989 0.052
6449.86547 19.016 0.047
6450.63392 18.817 0.036
6450.81617 18.966 0.040
6451.58161 18.949 0.062
6451.76848 18.928 0.046
6452.54650 18.899 0.042
6452.76013 18.987 0.038
6454.55438 18.848 0.061
6454.74026 18.949 0.040
6454.90430 18.853 0.043
6455.80612 18.864 0.048
6456.69683 18.823 0.027
6456.90685 19.076 0.046
6457.84621 18.877 0.038
6458.62988 18.952 0.051
6458.81424 18.867 0.034
6459.58315 18.959 0.047
6459.77326 18.944 0.037
6460.59423 18.916 0.051
6460.89131 18.893 0.047
6461.70248 18.845 0.047
6462.59025 19.000 0.080
6462.86033 18.934 0.054
6463.63428 18.978 0.054
6463.82590 18.898 0.044
6464.64257 18.917 0.055
6464.83470 19.116 0.064
6468.62932 18.812 0.054
6469.53016 18.800 0.056
6469.71753 18.853 0.051
6471.63706 19.019 0.061
6472.69811 18.961 0.055
6473.64858 18.875 0.033
6473.83300 18.932 0.043
6474.60030 18.844 0.052
6474.78598 18.840 0.045
6475.56028 18.940 0.089
6475.76195 18.939 0.047
6476.52880 18.890 0.062
6476.71749 18.909 0.043
6477.52221 19.017 0.052
6477.71058 18.858 0.043
6478.56011 18.908 0.058
6479.62228 18.903 0.060
6480.53359 18.933 0.063
6480.72028 18.977 0.055
6481.52852 18.904 0.051
6481.77273 19.067 0.058
6485.50028 18.888 0.046
6485.73217 18.916 0.040
6486.47389 18.973 0.057
6486.67385 18.977 0.048
6487.47209 18.860 0.047
6487.67631 18.857 0.035
6489.51071 19.025 0.056
6489.70698 19.053 0.066
6490.53825 19.033 0.053
6490.72520 19.065 0.045
6491.59004 18.875 0.052
6491.78942 18.965 0.053
6492.61393 18.900 0.043
6492.79471 18.911 0.079
6496.78105 18.758 0.082
6497.72971 19.045 0.069
6498.56015 18.790 0.031
6498.73771 18.831 0.043
6499.57216 18.874 0.042
6500.73421 18.895 0.058
6501.70984 18.706 0.036
6504.72565 18.319 0.027
6505.65288 18.358 0.029
6506.48872 18.453 0.051
6506.76733 18.363 0.047
6508.54278 18.483 0.035
6508.73605 18.413 0.029
6509.64138 18.473 0.023
6510.51692 18.526 0.027
6510.72757 18.487 0.030
6511.67246 18.559 0.036
6514.54145 18.813 0.046
6515.49462 18.769 0.039
6516.48219 18.820 0.061
6518.51750 18.981 0.047
6518.72599 18.936 0.042
6519.68585 18.930 0.041
6523.59366 18.952 0.046
6524.52255 18.771 0.040
6525.52532 19.021 0.064
6526.66702 18.956 0.056
6531.58439 19.005 0.046
6533.59604 18.924 0.044
6534.64026 19.017 0.052
6536.53382 18.755 0.034
6536.62169 18.893 0.041
6539.51977 18.805 0.039
6541.51560 19.022 0.056
6543.58645 18.883 0.040
6545.48484 18.910 0.046
6546.49481 18.910 0.077
6551.48807 18.871 0.082
6555.60103 19.003 0.066
6558.56843 18.941 0.040
6559.62060 18.883 0.052
6561.53221 18.813 0.051
6562.62164 18.892 0.040
6563.61832 18.896 0.054
6564.55338 18.942 0.045
6565.52484 18.817 0.055
6565.61512 18.851 0.043
6568.50214 18.760 0.083
6568.59243 18.962 0.059
6569.55027 19.006 0.049
6570.52778 18.953 0.057
6571.53464 18.929 0.058
6572.59545 18.918 0.053
6573.54563 18.984 0.053
6577.52719 18.889 0.081
6578.50973 19.058 0.067
6581.52096 18.932 0.060
6582.54190 18.840 0.049
6583.52911 18.905 0.069
6584.52549 18.780 0.061
6585.52871 18.958 0.077
6590.52399 19.062 0.068
6590.55612 18.725 0.052
6599.50923 18.590 0.056
