5260.85336 20.670 0.249
5260.90029 20.091 0.127
5261.79151 20.455 0.225
5262.82995 20.358 0.448
5264.81438 20.615 0.256
5264.86760 20.305 0.170
5264.88488 20.863 0.267
5265.79053 20.561 0.197
5266.77867 20.172 0.182
5267.82049 20.487 0.181
5268.79175 20.400 0.195
5269.78659 20.177 0.125
5270.83098 20.423 0.152
5271.78606 20.507 0.190
5272.79290 20.172 0.167
5273.84752 20.758 0.215
5274.79627 20.250 0.174
5275.78200 20.659 0.273
5275.91321 20.214 0.197
5276.81684 20.544 0.164
5277.78307 20.300 0.154
5277.91208 20.821 0.291
5278.79310 20.227 0.156
5279.79365 20.637 0.322
5279.91738 20.189 0.176
5280.84534 20.308 0.120
5281.78084 20.493 0.174
5281.91750 20.308 0.185
5282.76133 20.345 0.192
5282.90601 20.330 0.135
5283.76251 20.962 0.434
5284.76449 20.183 0.178
5285.76013 20.654 0.330
5285.88949 20.129 0.135
5286.75136 21.653 0.769
5287.82101 20.579 0.185
5288.75436 19.881 0.133
5292.82453 21.707 0.939
5293.83250 20.156 0.131
5294.73371 20.282 0.150
5294.77287 20.291 0.115
5294.80994 20.367 0.108
5294.87767 20.276 0.085
5294.91964 20.378 0.149
5295.77456 20.475 0.145
5295.81298 20.415 0.133
5295.85088 20.399 0.114
5295.88972 20.478 0.147
5296.77747 20.344 0.133
5296.81499 20.446 0.125
5296.85240 20.581 0.130
5296.89087 20.252 0.103
5297.77338 20.427 0.142
5297.81144 20.215 0.115
5297.84931 20.538 0.125
5297.88800 20.209 0.110
5298.77428 20.231 0.127
5298.81220 20.402 0.136
5298.84997 20.251 0.118
5298.88952 20.337 0.110
5298.92302 20.027 0.109
5299.75899 20.521 0.147
5299.83442 19.816 0.075
5299.87276 20.407 0.128
5299.91351 20.469 0.152
5300.86771 20.312 0.108
5300.90848 20.266 0.129
5301.76353 20.424 0.155
5301.80103 20.283 0.135
5301.83849 20.480 0.181
5301.87720 20.420 0.155
5301.91698 20.552 0.290
5303.92484 20.404 0.183
5304.76317 20.401 0.172
5306.69682 20.550 0.201
5306.75956 20.173 0.112
5306.79853 20.368 0.116
5306.86215 20.235 0.111
5306.90174 20.080 0.088
5307.68653 20.233 0.146
5307.74961 20.414 0.157
5307.81109 20.377 0.118
5307.84957 20.401 0.128
5307.89046 20.346 0.124
5307.92789 20.163 0.152
5308.73973 21.106 0.351
5308.80123 20.266 0.113
5308.83870 20.398 0.129
5308.88659 20.248 0.114
5309.74043 20.418 0.154
5309.81092 20.376 0.142
5309.85465 20.376 0.138
5309.89362 20.297 0.123
5309.93089 20.541 0.219
5310.72128 20.370 0.175
5310.77757 20.236 0.154
5310.85893 20.830 0.179
5310.89089 20.320 0.122
5310.92835 20.433 0.170
5311.82141 20.827 0.222
5311.87745 20.321 0.143
5311.92227 20.601 0.192
5312.74745 20.694 0.252
5312.78983 20.707 0.252
5312.82786 20.226 0.183
5312.87211 20.496 0.212
5312.91171 20.523 0.200
5313.78387 20.613 0.317
5313.82273 20.235 0.200
5313.86240 20.495 0.284
5313.90063 20.262 0.174
5314.67151 20.803 0.410
5314.71197 20.064 0.198
5314.75125 20.290 0.196
5314.79119 20.983 0.416
5314.84872 20.380 0.213
5314.88614 20.520 0.218
5314.92359 20.263 0.179
5315.68901 20.601 0.334
5315.73693 20.358 0.274
5315.77446 20.177 0.216
5315.81220 20.722 0.281
5315.85238 20.486 0.268
5315.89451 20.600 0.287
5316.68015 20.612 0.379
5316.72730 20.585 0.308
5316.77034 20.348 0.296
5316.80769 20.824 0.478
5316.86456 21.632 0.964
5319.82469 20.110 0.372
5319.86767 19.923 0.279
5319.91182 21.058 0.752
5320.64247 20.168 0.163
5320.68704 20.571 0.234
5320.73097 20.965 0.306
5320.76818 20.332 0.173
5320.80590 21.071 0.418
5320.84912 20.406 0.185
5320.88751 20.317 0.152
5320.92908 20.542 0.267
5321.71528 20.390 0.180
5321.75273 20.384 0.175
5321.79238 20.899 0.319
5321.83078 21.186 0.529
5321.87208 20.191 0.162
5321.90947 20.531 0.233
5322.69576 20.500 0.171
5322.83835 20.389 0.173
5323.66592 20.412 0.217
5323.73217 20.161 0.161
5323.77046 20.551 0.186
5323.81056 20.528 0.196
5323.85184 20.115 0.128
5323.89043 20.499 0.190
5323.92789 20.234 0.149
5324.70432 20.063 0.160
5324.74345 20.574 0.187
5324.78085 20.252 0.167
5324.82098 20.326 0.175
5324.85991 20.296 0.160
5324.89727 20.243 0.151
5324.93783 20.247 0.249
5325.68754 20.298 0.149
5325.72404 20.210 0.119
5325.76221 20.384 0.149
5325.79950 20.341 0.134
5325.84775 20.387 0.173
5325.88781 20.705 0.235
5326.63560 20.178 0.182
5326.72205 20.436 0.181
5326.76011 20.359 0.151
5326.79851 20.217 0.111
5326.83783 20.441 0.158
5326.87648 20.530 0.199
5326.91372 19.944 0.120
5327.64480 20.442 0.137
5327.74700 20.401 0.142
5327.78549 20.328 0.157
5327.82433 20.765 0.248
5327.86320 20.325 0.161
5327.90138 19.955 0.109
5327.93912 20.511 0.350
5328.67215 20.437 0.157
5328.74072 20.152 0.125
5328.77930 20.211 0.133
5328.81926 20.479 0.186
5328.85785 20.138 0.134
5328.89553 20.025 0.125
5328.93302 20.654 0.299
5334.61842 20.477 0.239
5334.68455 20.593 0.380
5334.76488 20.248 0.124
5334.82221 20.105 0.128
5334.86276 20.543 0.210
5334.90329 20.377 0.211
5334.94124 20.298 0.308
5335.74763 20.494 0.156
5335.78679 20.523 0.170
5335.82682 20.478 0.172
5335.86466 20.247 0.144
5335.90218 20.722 0.314
5335.94126 20.564 0.397
5336.84609 20.423 0.170
5336.91133 20.723 0.247
5337.75771 20.301 0.136
5337.79713 20.411 0.163
5337.83554 20.237 0.178
5337.87389 20.516 0.287
5337.91252 21.233 0.511
5338.75498 20.164 0.157
5338.79417 21.179 0.491
5338.83580 21.148 0.596
5338.89540 20.813 0.487
5339.67063 21.550 0.722
5339.70836 20.456 0.230
5339.80198 20.277 0.183
5339.86775 21.802 0.919
5339.90795 21.750 1.172
5339.94580 21.463 0.939
5340.65453 20.741 0.370
5340.69390 20.404 0.203
5340.78121 20.676 0.271
5340.83677 20.567 0.209
5340.87518 20.304 0.222
5340.91296 20.142 0.282
5341.58699 20.011 0.184
5341.62522 20.341 0.185
5341.73171 20.590 0.169
5341.80601 20.065 0.126
5341.84420 20.506 0.201
5341.88200 20.386 0.170
5341.92239 20.554 0.212
5342.59661 19.863 0.203
5342.63395 20.686 0.434
5342.67157 20.256 0.204
5342.70902 20.561 0.235
5342.74756 20.954 0.339
5342.79172 21.055 0.469
5342.82977 20.751 0.287
5342.86773 20.600 0.319
5342.90552 20.676 0.359
5342.94339 20.125 0.338
5343.61482 20.861 0.467
5343.65250 20.680 0.354
5343.69023 20.119 0.171
5343.72831 20.201 0.171
5343.76714 20.368 0.211
5343.80713 20.509 0.230
5343.84565 20.462 0.226
5343.89645 20.666 0.307
5343.93429 20.437 0.302
5348.66221 20.474 0.191
5348.72743 20.585 0.253
5348.79271 20.292 0.173
5348.83103 20.181 0.148
5348.87487 20.762 0.378
5348.91518 20.084 0.161
5349.59049 20.680 0.331
5349.67309 20.250 0.200
5349.74127 20.205 0.195
5349.80624 20.804 0.296
5349.84401 20.919 0.374
5350.64374 21.489 0.780
5350.68146 20.341 0.204
5350.71996 20.132 0.211
5351.57996 20.587 0.269
5351.63742 20.361 0.161
5351.71571 20.349 0.146
5351.80032 20.208 0.185
5351.87843 20.808 0.379
5351.91640 21.406 0.611
5352.64101 20.365 0.173
5352.73195 20.152 0.112
5352.88458 20.557 0.230
5352.92220 20.372 0.206
5353.61966 20.353 0.165
5353.69977 20.183 0.112
5353.76962 20.100 0.128
5353.80768 20.550 0.161
5353.85218 20.236 0.151
5353.89646 20.224 0.169
5354.64458 20.142 0.134
5354.73275 20.517 0.195
5354.82850 20.410 0.174
5354.86886 20.293 0.177
5354.90744 20.532 0.288
5355.58542 20.347 0.144
5355.66915 20.211 0.127
5355.75734 20.579 0.195
5355.81297 20.622 0.265
5355.86121 20.722 0.374
5355.89897 20.728 0.327
5357.66794 20.479 0.185
5357.75786 20.716 0.276
5357.87092 20.133 0.234
5358.63614 20.548 0.177
5358.73111 20.209 0.156
5358.83225 20.193 0.158
5359.57655 21.159 0.510
5359.62076 20.350 0.237
5359.67390 20.607 0.214
5359.72111 20.420 0.222
5359.77126 20.250 0.170
5359.81140 20.360 0.168
5359.85711 19.999 0.165
5359.89637 20.493 0.280
5361.66898 20.665 0.292
5362.58360 20.364 0.249
5362.65108 20.473 0.160
5362.74408 20.432 0.160
5362.86208 20.296 0.201
5362.90712 20.337 0.285
5364.55285 20.023 0.149
5364.62513 20.460 0.167
5364.71963 20.693 0.247
5364.78082 20.575 0.294
5364.82026 20.258 0.198
5364.86035 20.485 0.192
5364.89846 20.274 0.217
5365.57055 20.312 0.203
5365.64537 20.726 0.235
5365.74048 20.759 0.247
5365.82874 20.426 0.213
5365.86739 20.153 0.181
5365.90473 19.952 0.189
5368.64642 19.612 0.119
5369.72858 19.614 0.131
5369.77391 19.871 0.186
5369.81188 20.287 0.234
5369.85266 21.009 0.472
5376.65853 20.219 0.267
5376.69891 20.544 0.261
5376.73714 19.877 0.141
5376.77595 20.212 0.184
5376.81410 20.430 0.301
5376.85206 20.988 0.522
5377.54863 20.061 0.146
5377.59134 20.522 0.288
5377.62954 20.363 0.173
5377.70322 20.284 0.159
5377.74667 20.298 0.188
5377.78939 20.106 0.161
5377.82710 20.404 0.240
5377.86528 20.302 0.224
5378.54904 20.148 0.134
5378.63370 20.226 0.134
5378.72268 20.153 0.107
5378.76098 20.076 0.104
5378.79951 20.147 0.139
5378.83939 20.487 0.230
5378.87711 20.411 0.255
5379.51614 20.205 0.167
5379.58578 20.837 0.255
5379.67183 20.318 0.185
5379.74434 20.250 0.140
5379.78200 20.173 0.147
5379.81992 20.695 0.282
5379.86049 20.673 0.360
5380.52762 20.281 0.153
5380.56812 20.464 0.165
5380.65217 20.430 0.173
5380.72337 20.327 0.135
5380.76161 20.239 0.146
5380.79947 20.427 0.223
5380.83740 20.236 0.260
5381.53714 20.244 0.189
5381.57471 20.735 0.385
5381.61486 21.060 0.515
5381.67421 20.480 0.238
5381.71252 20.479 0.272
5381.79758 20.055 0.178
5381.83571 20.452 0.292
5382.52592 20.933 0.403
5382.56350 20.155 0.255
5382.61292 20.308 0.192
5382.65083 20.233 0.150
5382.69261 20.107 0.152
5382.73245 20.390 0.253
5382.77025 20.724 0.464
5382.82095 21.145 0.582
5383.77655 20.589 0.298
5384.80008 20.468 0.318
5385.47067 20.214 0.222
5385.50989 20.309 0.150
5385.81040 20.078 0.108
5385.84797 20.308 0.159
5386.47831 19.965 0.139
5386.56051 20.546 0.213
5386.60757 20.155 0.118
5386.64396 20.277 0.163
5386.74341 20.069 0.102
5386.78168 20.100 0.111
5386.82469 20.029 0.119
5387.50393 20.221 0.117
5387.61293 20.398 0.102
5387.64770 20.259 0.078
5387.68716 20.261 0.119
5387.72579 20.146 0.092
5387.76655 20.213 0.126
5387.80776 20.378 0.165
5388.46773 21.306 0.651
5388.50533 20.180 0.153
5388.56524 20.213 0.140
5388.67765 20.150 0.130
5388.76433 20.377 0.173
5388.80758 20.157 0.158
5388.84645 20.115 0.179
5389.49504 20.690 0.267
5389.53318 20.599 0.219
5389.61851 20.457 0.155
5389.72375 20.682 0.249
5389.78412 20.366 0.218
5389.82465 20.561 0.207
5390.46950 20.387 0.283
5390.52432 20.279 0.262
5390.56634 20.219 0.162
5390.65192 20.555 0.228
5390.69816 20.013 0.125
5390.74762 20.108 0.117
5390.78557 20.285 0.152
5390.82325 20.535 0.221
5391.51830 20.445 0.235
5391.55708 20.188 0.247
5391.61665 20.555 0.168
5391.72592 20.441 0.189
5391.80920 20.592 0.219
5391.84666 20.370 0.239
5392.49444 20.550 0.254
5392.53316 20.326 0.191
5392.59460 20.288 0.138
5392.70472 20.390 0.178
5392.78668 20.188 0.124
5392.82431 20.771 0.288
5393.63967 20.687 0.274
5393.67939 20.445 0.212
5393.71757 20.385 0.235
5393.76293 20.077 0.196
5393.80104 19.895 0.162
5395.80807 20.331 0.213
5396.52509 20.970 0.490
5396.59938 20.385 0.200
5396.66249 21.198 0.437
5396.76953 20.252 0.146
5396.80769 20.372 0.265
5397.61758 20.357 0.281
5397.66292 20.729 0.284
5397.70073 20.139 0.197
5402.61969 20.789 0.823
5402.67286 19.741 0.166
5403.48232 20.032 0.134
5403.51993 20.261 0.149
5403.55707 20.539 0.217
5403.59579 20.351 0.193
5403.63664 20.174 0.156
5403.67492 20.230 0.173
5403.71577 20.556 0.233
5403.75368 20.205 0.190
5403.79151 20.226 0.249
5404.49543 20.208 0.174
5404.53323 20.436 0.188
5404.57095 20.372 0.192
5404.61112 20.653 0.274
5404.65290 19.909 0.121
5404.69277 20.467 0.218
5404.73219 20.318 0.227
5404.77597 20.335 0.203
5405.63079 21.637 0.897
5405.67035 20.482 0.239
5405.70844 20.601 0.246
5405.74592 20.123 0.158
5405.78352 20.167 0.153
5407.48529 20.487 0.247
5407.52317 20.852 0.332
5407.56145 20.339 0.198
5407.60051 20.856 0.412
5407.64009 20.356 0.246
5407.67814 20.441 0.241
5407.71732 20.333 0.203
5407.75527 20.137 0.165
5408.51417 21.040 0.547
5408.56585 20.185 0.229
5408.60618 20.521 0.214
5408.64456 20.259 0.185
5408.68328 20.244 0.204
5408.72117 21.068 0.465
5408.75888 20.377 0.242
5409.46896 20.560 0.349
5409.50675 20.289 0.181
5409.59348 20.455 0.152
5409.69993 20.588 0.200
5409.76108 20.388 0.228
5410.46985 21.066 0.492
5410.51145 20.303 0.164
5410.59656 20.307 0.152
5410.70344 20.260 0.174
5410.76535 20.115 0.139
5411.48767 20.313 0.135
5411.52559 20.390 0.141
5411.63244 20.534 0.157
5411.74032 20.070 0.133
5411.77808 20.794 0.350
5412.53990 20.071 0.138
5412.57980 20.322 0.197
5412.61856 20.998 0.357
5412.65633 20.386 0.243
5412.70071 20.589 0.301
5413.48009 20.165 0.216
5413.51947 20.382 0.152
5413.62630 20.350 0.142
5413.73377 21.007 0.305
5413.77155 20.015 0.188
5414.49975 20.602 0.169
5414.56100 20.091 0.105
5414.67097 20.274 0.118
5414.75812 20.068 0.128
5416.61677 20.469 0.243
5416.67350 20.609 0.222
5418.53578 20.365 0.131
5418.58231 20.531 0.177
5418.63248 20.250 0.130
5418.68402 20.825 0.323
5421.49127 20.609 0.207
5421.53534 20.236 0.144
5421.59495 20.250 0.152
5421.64113 20.721 0.226
5421.68343 20.433 0.242
5421.72782 20.456 0.195
5422.51714 20.305 0.161
5422.56319 20.870 0.288
5422.71719 20.175 0.120
5423.50111 20.453 0.158
5423.54343 20.390 0.119
5423.67714 20.075 0.172
5425.50857 20.098 0.134
5425.55026 20.633 0.191
5426.51650 20.376 0.344
5426.59550 20.680 0.514
5426.73601 20.316 0.396
5430.50206 20.095 0.205
5430.54852 20.065 0.167
5430.58679 19.844 0.128
5430.62576 20.208 0.180
5430.66689 20.316 0.282
5431.50323 20.186 0.161
5431.54376 20.432 0.202
5431.58179 20.206 0.156
5431.62318 21.037 0.427
5431.66081 20.095 0.202
5432.52772 20.995 0.674
5432.64023 20.492 0.299
5433.53811 20.368 0.271
5433.66352 20.607 0.318
5434.48922 20.391 0.230
5434.53429 20.054 0.161
5434.57867 20.904 0.332
5434.62102 20.347 0.178
5434.66576 20.407 0.220
5434.70583 20.053 0.170
5435.50528 20.656 0.274
5435.54809 20.394 0.173
5435.61801 20.228 0.150
5435.67147 20.604 0.202
5435.71042 20.162 0.164
5436.50374 20.438 0.201
5436.64769 20.508 0.208
5437.48634 19.983 0.098
5437.58326 20.650 0.199
5438.49893 20.163 0.186
5438.53838 20.418 0.224
5438.63982 20.161 0.134
5438.67785 20.326 0.148
5439.49128 20.834 0.366
5439.55632 20.673 0.306
5439.59369 21.088 0.406
5439.63171 20.639 0.287
5439.67750 21.126 0.484
5443.52400 20.370 0.187
5443.57011 20.884 0.354
5443.60793 20.691 0.291
5443.65046 20.332 0.196
5444.48256 20.770 0.340
5444.53326 20.131 0.199
5444.58987 20.778 0.259
5444.63189 20.243 0.174
5444.67000 20.380 0.206
5445.53578 20.498 0.217
5445.63973 20.401 0.167
5445.67877 20.491 0.184
5446.51423 20.152 0.142
5446.56003 20.403 0.193
5446.59988 20.533 0.204
5446.63901 20.532 0.208
5447.48634 20.140 0.127
5447.52984 20.446 0.162
5447.56904 20.378 0.182
5447.63446 20.144 0.147
5448.50711 20.111 0.134
5448.54581 20.658 0.252
5448.56056 20.382 0.193
5448.66177 20.090 0.160
5449.50187 21.115 0.458
5449.61606 20.430 0.200
5450.50481 20.854 0.318
5450.54242 20.125 0.196
5450.58573 21.092 0.364
5450.63065 20.390 0.236
5451.49257 21.064 0.596
5451.54791 21.456 0.673
5451.66117 20.107 0.156
5453.54007 20.660 0.388
5453.65727 20.253 0.165
5457.47328 20.097 0.229
5457.54105 20.226 0.127
5457.58859 20.006 0.141
5458.47478 19.870 0.243
5458.52356 20.509 0.329
5458.57380 20.530 0.284
5459.49042 20.162 0.165
5459.53685 20.265 0.184
5459.58899 20.345 0.187
5460.48028 20.606 0.429
5460.52638 20.742 0.324
5460.57543 21.047 0.592
5461.48053 19.986 0.439
5461.53615 21.060 0.597
5461.57851 20.056 0.312
5462.52930 20.350 0.175
5462.60665 20.261 0.197
5463.50070 20.619 0.232
5463.54275 20.750 0.257
5464.49099 20.451 0.210
5464.53278 20.362 0.192
5465.48411 20.754 0.382
5466.54073 21.307 0.658
5468.53590 20.334 0.216
5469.55190 20.512 0.179
5470.59049 20.964 0.313
5471.57456 20.127 0.147
5472.53071 20.390 0.258
5473.48976 20.706 0.389
5473.58302 20.471 0.215
5477.52107 20.522 0.285
5478.54425 20.349 0.220
5480.48722 20.177 0.280
5480.55625 20.165 0.191
5481.52695 21.351 0.792
5485.49798 20.272 0.320
5486.49533 20.802 0.471
5486.55726 20.647 0.392
5487.54174 20.357 0.193
5488.52890 20.090 0.169
5489.51528 20.268 0.233
5490.51544 20.783 0.492
5492.50065 20.196 0.298
5494.52553 20.956 0.532
5495.52928 20.470 0.248
5497.52854 20.117 0.176
5499.53086 20.818 0.447
5507.50520 20.534 0.550
5596.87523 20.417 0.213
5597.88166 20.260 0.311
5598.86375 20.838 0.294
5600.87007 20.617 0.220
5602.86448 20.396 0.228
5604.87269 20.252 0.190
5605.87077 20.477 0.163
5606.86851 20.292 0.174
5607.87282 20.257 0.164
5608.86771 20.481 0.243
5610.89296 20.631 0.299
5612.86736 20.878 0.421
5614.85282 20.477 0.223
5615.86110 20.451 0.199
5616.85383 20.842 0.377
5620.84220 20.493 0.206
5621.84503 19.957 0.107
5622.87928 20.609 0.166
5624.83769 20.323 0.167
5625.81687 20.146 0.182
5626.81212 20.974 0.685
5627.84112 20.432 0.186
5628.85186 20.704 0.228
5629.82005 20.311 0.177
5630.79747 20.282 0.178
5631.82352 20.720 0.433
5632.83251 20.449 0.182
5633.78974 20.334 0.160
5634.84460 20.354 0.188
5635.85292 20.147 0.185
5637.81281 20.551 0.299
5638.79195 20.642 0.319
5639.77992 20.170 0.198
5639.85565 20.447 0.155
5640.78760 20.264 0.240
5640.82592 20.721 0.285
5640.87361 20.053 0.129
5640.91449 20.487 0.313
5641.78042 20.102 0.147
5641.82280 20.186 0.154
5641.86099 20.003 0.129
5641.90569 21.255 0.494
5642.78273 20.067 0.161
5642.84177 20.483 0.192
5642.90161 20.708 0.311
5643.75726 19.868 0.142
5643.79548 20.477 0.230
5643.85532 20.115 0.127
5643.89618 20.473 0.171
5644.76119 20.282 0.389
5644.80182 20.209 0.205
5644.87617 20.341 0.262
5647.80193 20.588 0.327
5647.84581 20.244 0.191
5647.87303 20.419 0.237
5647.88902 20.412 0.266
5647.90739 20.064 0.202
5648.74700 20.754 0.338
5648.80952 20.318 0.157
5648.85353 20.408 0.129
5648.89677 21.235 0.398
5649.75280 20.580 0.240
5649.79198 20.290 0.134
5649.85944 20.210 0.119
5649.89793 20.541 0.170
5650.74318 20.072 0.135
5650.78389 20.215 0.114
5650.84624 20.745 0.189
5650.89041 20.823 0.278
5651.76553 19.963 0.110
5651.80817 20.065 0.120
5651.87882 20.882 0.284
5652.74560 20.575 0.182
5652.80705 20.633 0.155
5652.84936 20.251 0.110
5653.77402 20.077 0.090
5653.90312 20.237 0.092
5654.77590 20.331 0.152
5654.82565 20.332 0.131
5654.86720 20.664 0.186
5654.92023 20.535 0.262
5655.76699 20.137 0.144
5655.80502 19.965 0.101
5655.84316 20.366 0.121
5655.89016 20.664 0.187
5656.78503 20.684 0.209
5656.82865 19.985 0.082
5656.87301 20.319 0.128
5657.77632 20.260 0.107
5657.81502 20.496 0.135
5657.86043 20.738 0.184
5657.90507 20.612 0.175
5658.77057 20.368 0.228
5658.81137 20.323 0.185
5658.86829 20.126 0.123
5658.90978 20.536 0.227
5659.72511 20.171 0.139
5659.76265 20.524 0.166
5659.80197 20.556 0.176
5659.84092 20.641 0.243
5659.89071 20.392 0.139
5660.72419 20.626 0.238
5660.77156 21.111 0.308
5660.81490 20.688 0.199
5660.87047 20.710 0.238
5662.72327 20.299 0.228
5662.76364 20.503 0.243
5662.82537 20.288 0.155
5662.86354 20.094 0.119
5662.90552 20.358 0.152
5663.76622 20.670 0.225
5664.76844 20.186 0.198
5664.80949 20.431 0.178
5664.86990 20.656 0.279
5664.91356 20.188 0.137
5665.73756 20.546 0.216
5665.78337 20.467 0.174
5665.84764 20.479 0.176
5665.89526 20.209 0.108
5667.71946 20.109 0.133
5667.77206 20.243 0.156
5667.82452 20.270 0.133
5667.87722 20.192 0.101
5667.92283 20.447 0.138
5668.76099 20.561 0.295
5668.82847 20.646 0.340
5668.88558 20.691 0.350
5668.92469 20.224 0.178
5669.77430 20.561 0.238
5669.81307 20.204 0.149
5669.87476 20.658 0.225
5669.91810 20.144 0.172
5670.74884 19.809 0.144
5670.80108 20.798 0.291
5670.85325 20.390 0.203
5670.89466 20.379 0.189
5671.73023 20.887 0.316
5671.77068 20.446 0.186
5675.73277 20.182 0.144
5675.77113 20.409 0.194
5675.81047 20.794 0.312
5675.86983 20.191 0.116
5675.92277 20.228 0.173
5676.69772 20.307 0.086
5676.73690 20.290 0.109
5676.77577 20.200 0.117
5676.82079 20.183 0.124
5676.87665 20.090 0.092
5676.92608 20.320 0.147
5677.73186 20.428 0.173
5677.77545 20.488 0.149
5677.82584 20.233 0.147
5677.87782 21.163 0.286
5677.91771 20.250 0.109
5679.69572 20.496 0.198
5679.73762 20.145 0.119
5679.78957 20.486 0.185
5679.84063 19.945 0.106
5679.88199 20.359 0.152
5679.92019 19.993 0.106
5680.68324 20.947 0.337
5680.72164 20.253 0.216
5680.77031 20.367 0.162
5680.82354 20.331 0.164
5680.86651 20.307 0.140
5680.90731 20.303 0.130
5681.67362 20.309 0.197
5681.71183 20.360 0.159
5681.75113 20.382 0.158
5681.80201 20.141 0.125
5681.85709 20.760 0.284
5681.89877 20.274 0.154
5682.66100 20.748 0.294
5682.70179 20.279 0.204
5682.74908 19.993 0.103
5682.79162 20.315 0.143
5682.88166 20.717 0.191
5682.92134 20.322 0.177
5683.68239 20.053 0.122
5683.73256 20.347 0.147
5683.80239 20.405 0.143
5683.86020 20.511 0.184
5683.90239 20.176 0.120
5684.65260 20.113 0.128
5684.70558 20.370 0.148
5684.76473 20.317 0.136
5684.81717 20.112 0.115
5684.87658 19.956 0.108
5684.91681 20.458 0.184
5685.74328 20.273 0.126
5685.79185 20.223 0.108
5685.84406 20.296 0.109
5685.88765 20.396 0.127
5685.92869 20.459 0.199
5686.69253 20.162 0.143
5686.74127 20.316 0.143
5686.79863 20.242 0.112
5686.84596 20.166 0.157
5686.88790 20.238 0.192
5686.92765 20.040 0.139
5687.68435 20.169 0.191
5687.72767 20.351 0.169
5687.77846 20.016 0.114
5687.83133 20.205 0.125
5688.84455 20.420 0.140
5688.91258 21.067 0.435
5689.67548 20.421 0.153
5689.74007 20.298 0.142
5689.78852 20.336 0.116
5690.62707 20.918 0.281
5690.66618 20.338 0.162
5690.71715 20.317 0.143
5690.77950 20.301 0.163
5690.81934 20.251 0.152
5690.88225 20.489 0.264
5691.62350 20.795 0.443
5691.68831 20.594 0.207
5691.74634 20.301 0.152
5691.79057 20.173 0.164
5691.83994 20.044 0.126
5691.87869 20.594 0.225
5692.63179 21.101 0.671
5692.68334 20.376 0.166
5692.74265 20.421 0.173
5692.78041 20.115 0.134
5692.82092 20.309 0.174
5692.85898 20.150 0.133
5692.89736 20.663 0.227
5692.93715 19.896 0.180
5692.93900 20.737 0.435
5693.64780 20.417 0.203
5693.70727 20.576 0.172
5693.76644 20.335 0.117
5693.80428 20.337 0.125
5693.84298 20.188 0.128
5693.88087 20.116 0.141
5693.92273 20.685 0.272
5694.62541 20.467 0.212
5694.65985 20.059 0.128
5694.71260 20.240 0.151
5694.76701 20.258 0.143
5694.81310 20.322 0.131
5694.85103 20.339 0.137
5694.88861 20.366 0.191
5694.92605 20.257 0.191
5695.62970 21.516 0.737
5695.68239 21.025 0.398
5695.76480 20.968 0.282
5695.81395 20.543 0.165
5695.85290 20.163 0.104
5695.89064 20.285 0.131
5695.92825 20.098 0.135
5696.61868 21.713 0.832
5696.65983 20.569 0.250
5696.71663 20.606 0.210
5696.75597 20.077 0.122
5696.79780 20.023 0.109
5696.84080 20.028 0.121
5696.88269 20.269 0.176
5696.93870 20.236 0.285
5697.62797 20.249 0.179
5697.67537 20.173 0.156
5697.72297 20.662 0.241
5697.76189 19.811 0.105
5697.80530 20.083 0.138
5697.84293 19.976 0.116
5697.88757 20.254 0.170
5697.92831 20.053 0.155
5698.62064 20.911 0.447
5698.66843 20.347 0.240
5698.70884 20.455 0.270
5698.74874 20.018 0.171
5698.78879 19.860 0.144
5698.82992 20.184 0.163
5698.86778 20.760 0.316
5698.90935 19.956 0.210
5702.62816 19.390 0.239
5702.66225 20.424 0.538
5702.69872 20.599 0.786
5702.75072 20.639 0.529
5702.91486 19.991 0.295
5703.74436 20.324 0.255
5703.81527 20.513 0.429
5703.86493 21.352 0.901
5705.73722 20.277 0.198
5705.78006 20.006 0.141
5705.83153 20.886 0.333
5705.88530 21.024 0.586
5705.93443 20.219 0.310
5706.71345 20.392 0.241
5706.76912 20.231 0.177
5706.84135 20.163 0.222
5707.57676 20.035 0.173
5707.61422 20.698 0.288
5707.66127 20.275 0.168
5707.70902 20.393 0.180
5707.74752 20.459 0.181
5707.78828 20.062 0.111
5707.82802 20.193 0.150
5707.86779 20.221 0.173
5707.90814 19.890 0.162
5708.57343 20.463 0.299
5708.62309 20.433 0.322
5708.67922 21.131 0.375
5708.72848 20.312 0.146
5708.76947 21.138 0.418
5708.81815 20.214 0.181
5708.92206 20.450 0.411
5709.59753 20.537 0.204
5709.65262 19.882 0.095
5709.83600 20.322 0.158
5712.57106 20.750 0.508
5712.63388 20.286 0.166
5712.64641 20.889 0.314
5712.70745 20.183 0.123
5712.74826 20.374 0.144
5712.78997 20.228 0.132
5712.82903 20.236 0.136
5712.87645 19.941 0.131
5713.75680 20.322 0.141
5713.79293 20.403 0.161
5713.80540 20.460 0.162
5713.84379 20.318 0.163
5714.57976 20.031 0.187
5714.65363 20.122 0.135
5714.66660 20.494 0.154
5714.86817 21.365 0.678
5715.65422 20.317 0.138
5715.69887 20.168 0.112
5715.74387 20.466 0.144
5715.79047 20.393 0.152
5715.83303 20.077 0.136
5715.88820 20.721 0.269
5716.57749 20.817 0.327
5716.66363 20.228 0.143
5716.67638 20.768 0.285
5716.72911 20.052 0.112
5716.77256 20.124 0.143
5716.81242 20.011 0.122
5716.85198 20.155 0.218
5716.89139 19.903 0.134
5721.59403 20.322 0.181
5721.60651 20.454 0.221
5721.61894 20.377 0.181
5721.67129 20.346 0.166
5721.68386 20.668 0.228
5721.69638 20.006 0.115
5721.76422 20.558 0.165
5721.80377 21.686 0.508
5721.84488 20.235 0.173
5721.89478 20.471 0.243
5722.58924 20.379 0.159
5722.64367 20.319 0.150
5722.69829 20.612 0.191
5722.76376 20.350 0.159
5722.80351 20.526 0.193
5723.54475 20.421 0.281
5723.58422 20.371 0.177
5723.63234 20.287 0.160
5723.68231 20.406 0.179
5723.72233 20.420 0.149
5723.76188 19.978 0.106
5723.80047 20.243 0.122
5723.84010 20.456 0.177
5724.54006 19.826 0.189
5724.58314 20.379 0.245
5724.59738 20.809 0.337
5724.60996 20.352 0.220
5724.66065 20.261 0.186
5724.72204 20.252 0.160
5724.77187 20.705 0.244
5724.81292 20.322 0.180
5725.56291 20.727 0.290
5725.63031 20.358 0.154
5725.69694 20.291 0.126
5725.73753 20.323 0.144
5725.77641 20.225 0.150
5726.53945 19.995 0.232
5726.57727 20.354 0.248
5726.62434 20.339 0.206
5726.67167 20.151 0.183
5726.71114 20.167 0.131
5726.75168 20.798 0.293
5726.79714 20.547 0.274
5734.59742 21.396 0.760
5734.67649 20.094 0.149
5734.72189 20.450 0.261
5734.76755 20.613 0.319
5734.81092 20.479 0.274
5734.86123 20.096 0.255
5735.64930 20.010 0.154
5735.69454 20.655 0.284
5735.75686 20.141 0.146
5735.80576 20.475 0.190
5735.85254 20.089 0.180
5736.50981 20.110 0.221
5736.55281 20.794 0.281
5736.59077 20.122 0.115
5736.63509 20.273 0.102
5736.67511 20.514 0.133
5736.74718 20.280 0.124
5736.80281 20.723 0.216
5736.84990 20.297 0.147
5736.89666 20.401 0.220
5737.53601 20.347 0.162
5737.57600 20.146 0.109
5737.63027 20.286 0.105
5737.67103 20.242 0.098
5737.72556 20.306 0.116
5737.76496 20.396 0.141
5737.80566 20.349 0.143
5737.85125 20.361 0.159
5737.89311 20.412 0.194
5738.60426 19.977 0.110
5738.65740 20.511 0.138
5738.71183 20.305 0.127
5738.75137 20.206 0.123
5739.54245 20.041 0.153
5739.58067 20.364 0.182
5739.62126 20.454 0.168
5739.68843 20.334 0.141
5739.72792 20.433 0.164
5739.76688 20.559 0.190
5739.80934 20.679 0.270
5739.86272 20.216 0.200
5740.51662 20.110 0.173
5740.56129 20.140 0.201
5740.62300 20.532 0.344
5740.66491 20.102 0.150
5740.72561 20.139 0.166
5740.76542 20.220 0.137
5740.81005 20.041 0.144
5740.84829 20.236 0.194
5741.49701 20.688 0.326
5741.53525 20.511 0.201
5741.58054 20.529 0.183
5741.61834 19.990 0.118
5741.65639 20.325 0.157
5741.71759 20.175 0.131
5741.75914 20.048 0.109
5741.79757 20.289 0.135
5741.83559 20.284 0.150
5741.87375 20.343 0.149
5742.50743 20.543 0.219
5742.55039 21.211 0.411
5742.59150 20.277 0.162
5742.64007 20.326 0.134
5742.69186 20.154 0.110
5742.73084 20.296 0.120
5742.76886 20.232 0.112
5742.80717 20.475 0.149
5742.84738 20.537 0.171
5743.60264 20.526 0.310
5743.64114 20.322 0.195
5743.68206 20.377 0.172
5743.74184 20.164 0.153
5743.78005 20.596 0.263
5743.81808 20.556 0.214
5743.85580 19.996 0.174
5744.49968 20.745 0.427
5744.53775 20.336 0.210
5744.57623 19.969 0.154
5744.61438 20.476 0.218
5744.67526 20.215 0.137
5744.74866 20.727 0.202
5744.79475 20.749 0.226
5744.83958 20.825 0.332
5745.48880 20.596 0.320
5745.52727 20.834 0.386
5745.57401 20.496 0.220
5745.61424 20.422 0.221
5745.66371 20.259 0.127
5745.71334 20.351 0.154
5745.75132 20.428 0.177
5745.78941 21.536 0.670
5746.54137 20.134 0.206
5746.59557 20.312 0.158
5746.63346 21.126 0.418
5746.70213 20.927 0.283
5746.73989 20.547 0.198
5746.77750 20.354 0.209
5746.81992 21.255 0.526
5747.58732 20.656 0.424
5747.63067 20.413 0.209
5747.67701 21.312 0.568
5747.72001 21.114 0.504
5748.60632 20.045 0.144
5748.65647 20.228 0.146
5749.50179 20.688 0.353
5749.53962 20.078 0.142
5749.57747 20.290 0.172
5749.61699 20.941 0.262
5749.66707 19.975 0.139
5749.70620 20.695 0.307
5749.74441 20.086 0.168
5749.78293 20.373 0.237
5752.54609 21.110 0.534
5752.58395 21.586 0.822
5753.52319 20.762 0.768
5753.57230 20.374 0.391
5753.62556 21.021 0.911
5753.71149 20.725 0.424
5753.78697 20.462 0.423
5759.80870 20.293 0.300
5760.46670 20.410 0.327
5760.50463 20.932 0.446
5760.56098 20.181 0.180
5760.66001 20.211 0.161
5760.70131 21.701 0.678
5760.75014 20.456 0.221
5760.78812 20.013 0.135
5760.82575 20.538 0.294
5761.52105 20.287 0.111
5761.56423 19.965 0.070
5762.48531 20.510 0.238
5762.52593 20.280 0.190
5762.56410 20.082 0.141
5762.60595 20.212 0.149
5762.64491 20.203 0.181
5762.72047 20.395 0.232
5763.47624 20.446 0.231
5763.51887 20.387 0.143
5763.56056 20.575 0.136
5763.61463 20.450 0.203
5763.66276 20.676 0.200
5763.70316 20.754 0.295
5763.74811 20.634 0.242
5763.78611 20.032 0.177
5764.48068 20.538 0.213
5764.52473 20.380 0.155
5764.56446 20.129 0.127
5764.60752 20.078 0.095
5764.65480 20.307 0.123
5764.70292 20.441 0.162
5764.74903 20.041 0.129
5765.48330 20.288 0.160
5765.52612 20.156 0.152
5765.57806 20.333 0.136
5765.63374 20.270 0.131
5765.67718 20.113 0.147
5765.72214 20.158 0.151
5765.76539 21.030 0.451
5766.49572 20.097 0.149
5766.53529 20.147 0.128
5766.59954 20.369 0.119
5766.63899 20.251 0.121
5766.67978 20.224 0.126
5766.72444 20.838 0.326
5767.51667 20.286 0.179
5767.55980 20.512 0.205
5767.60392 20.114 0.147
5767.67170 20.615 0.208
5767.72551 20.500 0.221
5767.76759 20.456 0.251
5768.47206 20.383 0.185
5768.51239 20.238 0.151
5768.57274 20.608 0.177
5768.61554 21.232 0.346
5768.66220 20.435 0.145
5768.71236 20.274 0.122
5768.75265 20.917 0.330
5768.79133 20.498 0.196
5769.49753 20.585 0.214
5769.53871 20.602 0.165
5769.59382 20.154 0.124
5769.66115 20.630 0.168
5769.71065 20.297 0.138
5769.75302 19.980 0.121
5770.65356 20.608 0.272
5770.73827 20.984 0.300
5775.55273 21.106 0.465
5775.61954 20.024 0.164
5775.69676 20.261 0.151
5776.57478 20.775 0.307
5776.62279 20.896 0.329
5776.68862 20.596 0.244
5776.73800 21.393 0.688
5777.49419 20.767 0.229
5777.54432 20.327 0.120
5777.59080 20.275 0.176
5777.67101 20.327 0.137
5777.72159 20.703 0.210
5778.47765 20.217 0.254
5778.52922 20.196 0.198
5778.57567 20.874 0.340
5778.62383 20.410 0.236
5779.61324 20.954 0.237
5779.65953 20.501 0.195
5779.71206 20.184 0.157
5784.51127 20.120 0.227
5784.59747 20.383 0.196
5784.70574 19.918 0.294
5785.47565 20.178 0.242
5785.53962 20.359 0.285
5785.59207 20.163 0.188
5785.64125 21.509 0.813
5785.68222 20.271 0.219
5785.72402 19.838 0.186
5786.52298 21.524 0.831
5786.58523 20.622 0.257
5786.62937 20.203 0.168
5786.67198 20.070 0.184
5786.72893 20.165 0.231
5787.49109 20.071 0.158
5787.56237 20.453 0.185
5787.60651 19.901 0.112
5787.64917 20.289 0.168
5787.69046 21.228 0.427
5787.73757 20.124 0.219
5788.50593 20.191 0.169
5788.57023 21.351 0.512
5788.60889 20.658 0.268
5788.65066 20.156 0.169
5788.69157 20.417 0.319
5788.73309 20.525 0.373
5790.48750 20.359 0.186
5790.53732 20.900 0.303
5790.58930 20.481 0.269
5790.62849 20.345 0.228
5790.66944 20.109 0.153
5790.70971 20.574 0.255
5791.47588 20.528 0.322
5791.52598 20.202 0.196
5793.47605 20.395 0.236
5793.54080 20.426 0.189
5793.58337 20.628 0.229
5793.62420 20.759 0.266
5793.66288 20.526 0.189
5793.70427 20.407 0.197
5794.47807 19.738 0.140
5794.53788 20.501 0.205
5794.59039 20.296 0.173
5794.62907 20.908 0.315
5794.67664 20.324 0.180
5795.52877 20.296 0.241
5795.58587 20.429 0.271
5795.64220 20.057 0.145
5795.72390 20.288 0.201
5796.50208 20.953 0.317
5796.56750 20.727 0.293
5796.61086 20.708 0.244
5796.65090 20.787 0.303
5796.69399 20.137 0.185
5798.67532 19.969 0.188
5801.48139 20.771 0.267
5801.54605 20.436 0.202
5801.58499 20.768 0.279
5801.62312 20.896 0.421
5801.66448 21.058 0.379
5802.52205 20.600 0.286
5802.57890 20.326 0.202
5803.50972 20.777 0.283
5803.59100 20.215 0.213
5804.52873 20.526 0.192
5804.56698 20.239 0.137
5804.60735 20.725 0.263
5804.64526 20.844 0.319
5804.68923 20.115 0.173
5805.50552 20.367 0.139
5805.55801 20.255 0.115
5805.59586 20.485 0.166
5805.64219 20.499 0.254
5806.49857 20.559 0.277
5806.55514 20.527 0.287
5807.55183 20.307 0.241
5807.59339 20.606 0.300
5807.63571 20.206 0.220
5812.49862 21.047 0.571
5812.53892 20.372 0.312
5812.57815 20.023 0.185
5812.61809 20.663 0.348
5812.65778 20.133 0.404
5813.51994 20.579 0.244
5813.56198 20.263 0.165
5813.60020 19.692 0.092
5813.63796 20.581 0.225
5815.47856 20.201 0.211
5815.53151 20.169 0.132
5815.56996 20.398 0.156
5815.61717 20.574 0.179
5815.65345 20.139 0.130
5816.50286 20.208 0.143
5816.55036 20.206 0.173
5816.58869 19.785 0.124
5816.62671 20.842 0.509
5817.50402 20.120 0.137
5817.55136 20.627 0.276
5817.59054 20.217 0.195
5817.62838 20.773 0.359
5818.48326 20.664 0.290
5818.53278 20.697 0.291
5818.57078 20.528 0.260
5818.61110 20.607 0.348
5819.48331 20.653 0.282
5819.54148 20.070 0.155
5819.57908 20.589 0.239
5819.61837 20.630 0.227
5819.65530 21.117 0.480
5820.51017 20.853 0.395
5820.55714 20.128 0.154
5820.59498 20.740 0.275
5820.63277 20.231 0.242
5822.56873 20.491 0.244
5822.61222 20.204 0.164
5823.50035 21.081 0.549
5823.54366 20.075 0.188
5823.58719 20.493 0.223
5823.62766 19.756 0.147
5824.52600 20.033 0.127
5824.56524 20.561 0.198
5824.60646 20.112 0.167
5825.48598 20.995 0.503
5825.53556 20.039 0.152
5825.58191 20.429 0.202
5825.62425 20.605 0.268
5826.50505 20.316 0.220
5826.55373 20.712 0.308
5826.59323 21.319 0.649
5827.53113 20.690 0.362
5827.57397 21.050 0.465
5827.61154 20.687 0.317
5828.50460 20.277 0.160
5828.54450 20.193 0.148
5828.58214 20.361 0.203
5828.61686 20.032 0.145
5829.51735 20.553 0.224
5829.55527 20.122 0.137
5829.59355 20.514 0.202
5830.48122 20.445 0.198
5830.53052 20.298 0.141
5830.56818 20.977 0.359
5830.60643 20.151 0.180
5831.52928 20.368 0.170
5831.56683 20.573 0.217
5831.60258 21.295 0.528
5832.51269 20.269 0.143
5832.55226 20.304 0.200
5832.59189 20.561 0.309
5833.51036 20.098 0.143
5833.55024 20.537 0.196
5833.58807 20.585 0.292
5834.50984 20.012 0.112
5834.54751 20.019 0.121
5834.58688 21.124 0.384
5835.53097 20.730 0.395
5836.48452 20.466 0.423
5836.52807 19.885 0.196
5839.48425 20.148 0.243
5839.52416 20.317 0.256
5839.56310 20.241 0.237
5839.59348 19.958 0.293
5840.51235 20.337 0.227
5840.56479 19.934 0.138
5840.60693 21.576 0.712
5841.51024 20.114 0.227
5841.54982 19.894 0.155
5841.59286 20.587 0.341
5842.51224 20.458 0.380
5842.55637 21.156 0.525
5842.59682 20.225 0.296
5843.51383 20.021 0.179
5843.55466 20.574 0.306
5843.59515 20.015 0.234
5844.49815 20.091 0.175
5844.53760 20.198 0.208
5844.57839 20.627 0.390
5845.49849 20.676 0.356
5845.53830 20.865 0.356
5845.57865 20.098 0.315
5846.50235 21.051 0.616
5846.54034 20.403 0.366
5846.57918 20.616 0.479
5850.51306 20.394 0.188
5850.55167 20.257 0.197
5851.50198 20.666 0.254
5851.54032 20.301 0.181
5852.48985 20.789 0.552
5852.52980 20.204 0.288
5854.49335 20.363 0.344
5854.53655 20.471 0.254
5855.52237 20.329 0.251
5855.55033 20.838 0.392
5856.52237 20.144 0.226
5857.49233 19.965 0.275
5859.49353 21.434 0.996
5859.53094 20.806 0.350
5860.50703 19.861 0.156
5861.49539 21.066 0.669
5862.51508 20.340 0.230
5866.50758 20.420 0.380
5866.52307 20.299 0.346
5867.51076 20.093 0.166
5868.51210 21.788 1.099
5869.50303 21.329 0.738
5870.50767 20.939 0.372
5872.49625 20.448 0.517
5873.49744 20.270 0.397
5960.87838 20.461 0.226
5961.87355 19.974 0.160
5962.87821 20.140 0.170
5963.87886 20.385 0.226
5964.87393 20.514 0.303
5965.88130 20.397 0.209
5967.88636 20.454 0.273
5968.87934 20.100 0.179
5969.88578 20.401 0.292
5971.86013 20.546 0.234
5972.87575 20.087 0.166
5976.86561 20.666 0.254
5977.82369 20.842 0.344
5977.86451 21.259 0.423
5978.83656 20.071 0.161
5978.87495 20.282 0.162
5979.82735 20.070 0.180
5979.86679 20.558 0.244
5982.81410 19.845 0.112
5982.85275 20.709 0.217
5982.90000 20.174 0.182
5983.84452 20.549 0.210
5983.89207 20.159 0.095
5984.82986 20.390 0.193
5984.86480 20.587 0.162
5985.81385 20.118 0.174
5985.84880 20.580 0.257
5985.89249 20.842 0.287
5986.82707 20.391 0.202
5986.86543 20.697 0.212
5987.81330 20.223 0.182
5987.84189 20.237 0.151
5987.89131 21.136 0.320
5988.85892 20.172 0.160
5988.90565 20.109 0.222
5989.87016 20.855 0.309
5990.83296 21.101 0.327
5990.87437 20.367 0.180
5991.84947 20.343 0.163
5991.90103 20.187 0.127
5992.82456 20.891 0.315
5992.86664 20.459 0.171
5993.78929 20.158 0.263
5993.83209 20.207 0.231
5993.87195 20.088 0.156
5994.80095 20.060 0.158
5994.82633 20.122 0.148
5994.87704 20.986 0.335
5995.78764 20.404 0.197
5995.80896 20.136 0.141
5995.84214 21.176 0.370
5995.89128 20.404 0.169
5996.79574 20.010 0.145
5996.83332 20.606 0.202
5996.88008 20.144 0.104
5997.79120 20.174 0.183
5997.82718 20.469 0.188
5997.87554 20.209 0.135
5997.91327 20.695 0.334
5998.80302 20.033 0.135
5998.85201 20.903 0.236
5998.89331 20.187 0.123
5999.78743 20.342 0.200
5999.83644 20.911 0.275
5999.87437 20.366 0.144
5999.91237 20.388 0.174
6002.80458 20.607 0.424
6002.83742 20.094 0.230
6002.87814 20.039 0.192
6003.85284 21.016 0.436
6003.89954 20.452 0.209
6004.78467 20.097 0.145
6004.83259 20.376 0.157
6004.88105 20.281 0.139
6004.91899 20.017 0.217
6005.78719 20.393 0.158
6005.83008 20.091 0.144
6005.89411 20.178 0.080
6006.76094 20.383 0.172
6006.80399 20.146 0.104
6006.86362 20.306 0.130
6006.90197 20.306 0.122
6007.76548 20.794 0.251
6007.81287 20.465 0.154
6007.86090 20.305 0.120
6007.89889 20.330 0.118
6008.75754 20.568 0.227
6008.79641 20.302 0.168
6008.85303 20.826 0.319
6008.89222 20.499 0.186
6009.75194 20.337 0.180
6009.78480 20.577 0.175
6009.84233 20.215 0.124
6009.88012 20.228 0.119
6009.91799 20.621 0.261
6010.76326 20.571 0.228
6010.81234 20.704 0.188
6010.86231 20.287 0.105
6010.89990 20.230 0.105
6011.74675 20.970 0.372
6011.79246 20.173 0.143
6011.86784 20.403 0.205
6011.90612 20.173 0.166
6012.75098 20.997 0.328
6012.79430 20.528 0.178
6012.84367 20.588 0.164
6012.89073 20.197 0.088
6013.74779 21.088 0.351
6013.74997 20.703 0.259
6013.78774 20.276 0.131
6013.82882 20.896 0.215
6013.88988 20.312 0.122
6014.72512 19.849 0.129
6014.76470 20.412 0.147
6014.80293 20.441 0.144
6014.86309 20.524 0.163
6014.90222 20.316 0.139
6015.74173 20.459 0.161
6015.78116 20.354 0.128
6015.81988 20.170 0.095
6015.86903 20.376 0.111
6015.91099 20.485 0.137
6016.75306 20.259 0.129
6016.79286 20.600 0.166
6016.83297 20.751 0.170
6016.89631 20.431 0.119
6017.72819 20.534 0.199
6017.76651 20.426 0.118
6017.80466 20.484 0.115
6017.84410 20.135 0.083
6017.90178 20.445 0.102
6018.79345 20.390 0.152
6018.83329 20.076 0.102
6018.87509 20.367 0.106
6019.73009 19.765 0.113
6019.76862 20.360 0.149
6019.82724 20.570 0.261
6019.86514 20.513 0.134
6019.90363 20.630 0.142
6020.71376 21.734 0.725
6020.75257 20.377 0.162
6020.80862 20.727 0.173
6020.84686 20.398 0.105
6020.88607 20.497 0.146
6020.92697 20.797 0.419
6021.73521 20.281 0.170
6021.77427 20.265 0.144
6021.81237 20.507 0.167
6021.85170 20.250 0.112
6021.90979 20.416 0.134
6022.72284 20.248 0.178
6022.76097 20.404 0.154
6022.79928 20.174 0.123
6022.85665 20.320 0.146
6022.89656 20.372 0.124
6023.71586 20.647 0.271
6023.75598 20.561 0.188
6023.79648 20.536 0.163
6023.83757 20.187 0.129
6023.89993 20.749 0.246
6024.71051 20.828 0.396
6024.75080 20.011 0.142
6024.78985 20.366 0.227
6024.85230 20.540 0.165
6024.90213 20.430 0.181
6025.69862 20.782 0.434
6025.74023 20.985 0.441
6025.77820 20.613 0.244
6025.82026 20.352 0.212
6025.88224 20.553 0.234
6026.71358 19.957 0.254
6031.77898 20.906 0.292
6031.81839 20.323 0.153
6031.85963 20.467 0.185
6031.91085 20.933 0.459
6032.69504 19.845 0.137
6032.73536 20.307 0.143
6032.78336 21.311 0.339
6032.83160 20.512 0.169
6032.87482 20.370 0.127
6032.91564 20.577 0.162
6033.70795 20.593 0.240
6033.75636 20.541 0.233
6033.81287 20.781 0.231
6033.86699 20.306 0.134
6033.90886 20.608 0.233
6034.70433 20.469 0.169
6034.75275 20.328 0.151
6034.79663 20.294 0.099
6034.85934 20.662 0.196
6034.89729 20.549 0.170
6035.83851 20.419 0.158
6035.89607 20.634 0.206
6036.69985 21.063 0.315
6036.74220 20.281 0.133
6036.79410 20.609 0.146
6036.81917 20.342 0.098
6036.86386 20.269 0.097
6036.91903 20.464 0.148
6037.72674 20.241 0.168
6037.76810 20.760 0.256
6037.82171 20.389 0.155
6037.88244 20.236 0.136
6037.92202 20.544 0.262
6038.73700 20.314 0.172
6038.77720 20.208 0.149
6038.82151 20.314 0.137
6038.84429 20.290 0.130
6038.86329 20.747 0.202
6038.87117 20.251 0.128
6038.88764 21.077 0.295
6038.90683 20.188 0.151
6038.93113 20.451 0.278
6039.75798 20.346 0.216
6039.80463 20.726 0.254
6039.86624 20.187 0.147
6039.90939 20.483 0.186
6040.73712 21.745 0.771
6040.77806 20.171 0.151
6040.81819 20.606 0.202
6040.88287 20.501 0.186
6040.92135 20.422 0.166
6041.72484 20.773 0.307
6041.77007 20.459 0.179
6041.82186 20.352 0.159
6041.87463 20.323 0.144
6041.91483 20.420 0.159
6046.87926 19.460 0.064
6046.91993 19.417 0.065
6047.69443 19.728 0.106
6047.73207 19.856 0.091
6047.77241 20.025 0.092
6047.82272 19.804 0.075
6047.88552 19.985 0.116
6047.92615 19.908 0.104
6048.71068 20.361 0.162
6048.76282 20.411 0.140
6048.81199 20.450 0.169
6048.85515 20.095 0.104
6048.90115 20.418 0.157
6049.67944 20.616 0.222
6049.73237 20.143 0.108
6049.78288 20.282 0.103
6049.83115 20.443 0.111
6049.87392 20.581 0.162
6049.91300 20.213 0.116
6050.66929 21.148 0.456
6050.70759 19.847 0.117
6050.76791 20.226 0.139
6050.81769 20.099 0.114
6050.85728 20.593 0.189
6050.89621 19.798 0.088
6050.93487 20.190 0.241
6051.72778 20.490 0.183
6052.65385 21.212 0.555
6052.69203 20.139 0.163
6052.74963 20.103 0.143
6052.78845 20.296 0.142
6052.82900 21.029 0.319
6052.86827 21.022 0.269
6052.90714 20.375 0.168
6053.64944 20.064 0.234
6053.68554 20.628 0.286
6053.72346 19.858 0.114
6053.78032 20.187 0.124
6053.83321 19.753 0.089
6053.87593 20.173 0.189
6053.91575 20.540 0.401
6054.87758 20.373 0.189
6054.90900 21.347 0.694
6057.67568 21.186 0.898
6057.73767 21.258 0.957
6057.77095 20.931 0.574
6057.80863 19.816 0.164
6057.83599 20.528 0.296
6057.86889 20.669 0.298
6057.90032 20.580 0.344
6057.91532 20.600 0.358
6057.93359 20.007 0.181
6058.69148 20.627 0.248
6058.73176 19.871 0.164
6058.76944 20.202 0.118
6058.81897 19.899 0.130
6058.86220 20.785 0.269
6058.90187 20.445 0.169
6059.66787 20.513 0.211
6059.70838 20.131 0.145
6059.74636 20.500 0.213
6059.78522 20.334 0.132
6059.84524 20.367 0.127
6059.88426 20.535 0.201
6059.92314 20.586 0.183
6060.79247 20.399 0.157
6061.68496 20.199 0.177
6061.72331 20.708 0.232
6061.78288 19.971 0.094
6061.82466 20.285 0.132
6061.86277 20.823 0.235
6061.90106 20.514 0.224
6061.93984 19.961 0.166
6062.68267 20.516 0.219
6062.72191 20.436 0.223
6062.76077 20.345 0.176
6062.82215 20.377 0.170
6062.86170 19.746 0.109
6062.89971 20.444 0.192
6062.93758 19.761 0.128
6063.79133 20.153 0.221
6063.83054 20.116 0.196
6063.87928 20.299 0.174
6063.92690 20.486 0.214
6064.71484 20.091 0.096
6064.75335 20.477 0.110
6064.81776 19.959 0.085
6064.85745 20.219 0.133
6064.89917 20.325 0.157
6064.93765 20.459 0.227
6065.64807 20.541 0.197
6065.68656 20.300 0.121
6065.73449 20.241 0.114
6065.78638 20.519 0.165
6065.82702 20.240 0.132
6066.61083 20.644 0.244
6066.65039 20.110 0.127
6066.68847 20.026 0.093
6066.72655 20.826 0.240
6066.79155 20.338 0.138
6066.83121 20.788 0.193
6066.87357 20.749 0.180
6066.91186 20.205 0.117
6067.59552 20.116 0.155
6067.63470 20.713 0.197
6067.67549 20.271 0.143
6067.71384 20.408 0.131
6067.76281 20.255 0.104
6067.81427 20.248 0.117
6067.85354 20.114 0.095
6067.89139 20.260 0.155
6067.92923 20.210 0.138
6068.63091 20.674 0.208
6068.68154 20.139 0.121
6068.72844 20.194 0.109
6068.79649 20.469 0.150
6068.85485 20.026 0.088
6068.89957 20.421 0.129
6069.61904 20.359 0.163
6069.67761 20.187 0.124
6069.71933 20.286 0.135
6069.77089 20.368 0.122
6069.82602 20.387 0.124
6069.86854 20.540 0.139
6069.90673 20.454 0.128
6070.58847 20.793 0.321
6070.62702 20.535 0.275
6070.66515 20.901 0.273
6070.70499 20.506 0.154
6070.74295 20.388 0.133
6070.80350 20.215 0.124
6070.84172 20.450 0.172
6070.88197 20.123 0.108
6070.92139 20.947 0.331
6071.58720 20.495 0.231
6071.62705 20.178 0.129
6071.66796 21.147 0.280
6071.70569 20.227 0.105
6071.75352 20.180 0.119
6071.80808 20.320 0.145
6071.84758 20.610 0.197
6071.88576 20.387 0.155
6071.92355 20.677 0.373
6075.62076 20.387 0.124
6075.65919 20.404 0.158
6075.70060 20.367 0.142
6075.75383 20.455 0.125
6075.80316 20.541 0.138
6075.84235 20.337 0.117
6076.57401 19.970 0.126
6076.61218 20.464 0.183
6076.65384 20.460 0.178
6076.70048 20.578 0.148
6076.75756 20.145 0.108
6076.79706 20.643 0.178
6076.83542 20.412 0.196
6076.88479 20.981 0.313
6076.93036 20.199 0.190
6077.71124 20.463 0.172
6077.77380 20.459 0.170
6077.83142 20.436 0.153
6077.87163 21.049 0.331
6077.91304 20.453 0.171
6078.59572 20.159 0.142
6078.63333 20.793 0.283
6078.67185 20.494 0.181
6078.72156 19.915 0.094
6078.77432 20.188 0.114
6078.81430 20.204 0.104
6078.85760 20.485 0.151
6078.89649 20.395 0.150
6079.56099 20.324 0.197
6079.60025 20.596 0.198
6079.63798 20.425 0.157
6079.67893 20.570 0.182
6079.73869 20.013 0.114
6079.79020 20.540 0.178
6079.84136 20.241 0.141
6079.87941 20.420 0.122
6079.91920 20.335 0.152
6080.57045 20.254 0.196
6080.60841 20.145 0.163
6080.64669 20.378 0.175
6080.69336 20.107 0.112
6080.73511 20.384 0.162
6080.77584 20.798 0.286
6080.82406 20.096 0.121
6080.87179 20.543 0.207
6080.91651 20.556 0.159
6081.56607 19.843 0.183
6081.60402 21.019 0.392
6081.64343 20.397 0.237
6081.68286 20.293 0.165
6081.72837 20.556 0.216
6081.77738 20.040 0.127
6081.82578 20.196 0.144
6081.86596 20.283 0.171
6081.91408 20.343 0.254
6082.59610 20.900 0.516
6082.63483 20.221 0.282
6082.67447 19.981 0.246
6082.72461 20.621 0.398
6082.80194 20.889 0.492
6082.84000 20.866 0.439
6082.87699 20.146 0.277
6085.56050 20.529 0.298
6085.59952 19.738 0.137
6085.64914 20.195 0.143
6085.68396 19.958 0.123
6085.73354 20.382 0.185
6085.77297 20.244 0.186
6085.81137 20.634 0.263
6085.85015 20.908 0.392
6085.88975 20.311 0.282
6085.93072 20.110 0.259
6086.58482 20.509 0.206
6086.62316 20.127 0.136
6086.66613 20.696 0.180
6086.71502 20.062 0.092
6086.76854 20.160 0.130
6086.80844 19.980 0.119
6086.85697 20.259 0.181
6086.89838 20.356 0.239
6087.60211 21.688 0.602
6087.74567 20.521 0.202
6087.80687 20.388 0.185
6087.84656 21.419 0.552
6088.57435 20.638 0.190
6088.61204 20.604 0.159
6088.65048 20.520 0.153
6088.68861 20.440 0.130
6089.69308 20.561 0.178
6089.76422 20.105 0.120
6089.80469 20.477 0.193
6089.87107 20.358 0.172
6092.57269 21.865 0.704
6092.61074 20.129 0.119
6092.65087 20.913 0.301
6092.76832 20.104 0.108
6092.84401 20.460 0.163
6092.89558 21.557 0.703
6093.56313 20.471 0.182
6093.60495 20.494 0.171
6093.64282 20.424 0.187
6093.69077 20.496 0.171
6093.76569 20.329 0.155
6093.80339 19.943 0.141
6093.84320 21.536 0.637
6094.55448 20.392 0.263
6094.61659 20.496 0.230
6094.65420 20.740 0.231
6094.69197 20.652 0.230
6094.75117 20.576 0.195
6094.78878 20.575 0.222
6094.82878 20.688 0.254
6094.87510 20.966 0.419
6096.57472 21.174 0.396
6096.61604 20.054 0.126
6096.66119 20.195 0.142
6096.72299 20.110 0.147
6096.73579 20.639 0.254
6096.77507 20.345 0.172
6096.81434 20.029 0.154
6096.85520 20.234 0.203
6096.89609 21.198 0.580
6097.70983 20.590 0.229
6097.76287 20.130 0.173
6097.80069 20.586 0.200
6097.83824 21.655 0.739
6097.87867 20.545 0.273
6098.54889 20.893 0.373
6098.59768 20.666 0.287
6098.63520 20.012 0.146
6098.67363 20.931 0.287
6098.73665 20.594 0.213
6098.77484 20.547 0.188
6098.81591 20.700 0.281
6098.85398 20.512 0.218
6098.89064 20.303 0.264
6099.71225 20.173 0.183
6099.77900 21.246 0.486
6100.52687 21.464 0.572
6100.58491 21.723 0.851
6100.62240 20.587 0.192
6100.66953 20.683 0.160
6100.72090 20.933 0.299
6100.75930 19.846 0.103
6100.80701 19.922 0.150
6100.88784 20.587 0.264
6101.52362 20.693 0.260
6101.56160 20.557 0.219
6101.59912 20.042 0.118
6101.63745 19.960 0.099
6101.67723 20.239 0.108
6101.73913 20.720 0.189
6101.77795 20.122 0.116
6101.82121 20.919 0.288
6101.86416 20.028 0.160
6102.56336 20.878 0.324
6102.62087 20.197 0.144
6102.66025 20.625 0.188
6102.70079 20.108 0.130
6102.73895 20.596 0.149
6102.77775 20.792 0.212
6102.81828 20.385 0.168
6102.85846 20.498 0.230
6103.48721 20.182 0.215
6103.53018 20.723 0.238
6103.57029 20.526 0.196
6103.61041 20.080 0.108
6103.66877 20.538 0.154
6103.70913 20.417 0.150
6103.74933 20.398 0.161
6103.81543 20.250 0.154
6104.48803 20.625 0.274
6104.53083 20.097 0.120
6104.56889 20.710 0.183
6104.65323 20.421 0.132
6104.69371 20.512 0.129
6104.73395 20.241 0.102
6104.77258 20.853 0.220
6104.81390 20.208 0.124
6104.86256 20.875 0.316
6105.50824 20.377 0.236
6105.58160 20.276 0.181
6105.65113 20.472 0.151
6105.69326 20.228 0.149
6105.73288 21.400 0.401
6105.77256 21.534 0.728
6106.63688 20.462 0.226
6108.50351 20.703 0.339
6108.54090 20.838 0.330
6108.57992 20.117 0.148
6108.63345 20.157 0.150
6108.68670 20.246 0.133
6108.72626 20.284 0.156
6108.76571 19.995 0.114
6108.80892 20.484 0.187
6108.84646 20.676 0.222
6109.55397 21.665 1.344
6109.69279 20.279 0.223
6109.72944 20.178 0.166
6109.76712 19.983 0.201
6109.81035 21.143 0.494
6109.85015 20.611 0.314
6113.54802 20.488 0.285
6113.59037 20.992 0.374
6113.62822 19.851 0.122
6113.67022 19.841 0.136
6113.71012 20.636 0.224
6113.74867 20.294 0.186
6113.78640 20.190 0.155
6113.82544 20.778 0.299
6114.56088 21.083 0.505
6114.59852 20.545 0.247
6114.63707 20.152 0.166
6114.68492 20.026 0.154
6114.73244 20.504 0.191
6114.77013 20.567 0.211
6114.80904 20.437 0.198
6114.85048 20.754 0.373
6115.49651 20.164 0.157
6115.53490 20.637 0.216
6115.57256 19.939 0.115
6115.63228 20.030 0.133
6115.68508 20.325 0.189
6115.75025 20.530 0.206
6115.80225 20.580 0.276
6116.49403 20.429 0.153
6116.53548 20.522 0.155
6116.57638 20.521 0.151
6116.62364 20.465 0.146
6116.67277 20.440 0.178
6116.71438 20.309 0.145
6116.75742 20.486 0.185
6116.79852 20.789 0.257
6116.83070 20.094 0.126
6117.51570 20.188 0.142
6117.55329 20.347 0.149
6117.59173 20.479 0.142
6117.65399 21.031 0.299
6117.69359 20.483 0.179
6117.73205 20.768 0.241
6117.77126 20.325 0.154
6117.80885 20.201 0.184
6117.84065 20.317 0.187
6118.50595 20.246 0.162
6118.54499 20.396 0.135
6118.58467 20.223 0.114
6118.64072 20.290 0.122
6118.69452 20.342 0.126
6118.73356 20.550 0.149
6118.77088 20.597 0.176
6118.80839 20.377 0.164
6119.49411 20.272 0.228
6119.53550 20.171 0.177
6119.57427 20.525 0.182
6119.63039 20.457 0.153
6119.67363 20.394 0.143
6119.71164 20.534 0.217
6119.73884 20.382 0.160
6119.77848 20.870 0.304
6119.81558 20.141 0.143
6120.52225 21.145 0.445
6120.56171 20.101 0.152
6120.62763 20.437 0.159
6120.67804 20.860 0.214
6120.71713 20.929 0.331
6120.75952 20.656 0.260
6120.80421 20.564 0.243
6121.47665 20.115 0.112
6121.51401 20.433 0.128
6121.55178 20.376 0.116
6121.60432 20.258 0.098
6121.65683 20.695 0.169
6121.72093 20.355 0.117
6121.75906 20.157 0.097
6123.52662 20.751 0.271
6123.56507 20.064 0.121
6123.61236 20.556 0.191
6123.66401 20.250 0.125
6123.70291 21.240 0.420
6123.74115 21.192 0.376
6123.78168 20.480 0.152
6123.81651 20.632 0.210
6124.51123 20.577 0.251
6124.55751 20.129 0.131
6124.64087 20.507 0.184
6124.68221 20.474 0.174
6124.72152 20.565 0.173
6124.76362 20.385 0.171
6124.80258 20.049 0.124
6125.51093 20.473 0.214
6125.52385 20.182 0.148
6125.57061 20.176 0.126
6125.63986 20.171 0.145
6125.68440 20.634 0.192
6125.72605 20.409 0.161
6125.77164 20.494 0.186
6125.81308 20.455 0.196
6126.50818 20.582 0.214
6126.55690 20.589 0.192
6126.60318 20.350 0.170
6126.67537 20.315 0.144
6126.71928 20.279 0.152
6126.77023 20.129 0.142
6127.50415 19.940 0.121
6127.54620 20.581 0.288
6127.63423 20.400 0.193
6127.73694 20.228 0.173
6128.51291 20.275 0.128
6128.55561 20.575 0.159
6128.59940 20.183 0.124
6128.64538 20.241 0.115
6128.70127 20.768 0.233
6130.55043 21.141 0.350
6130.74121 20.518 0.251
6131.53226 20.083 0.133
6131.58529 20.437 0.138
6131.64710 21.236 0.352
6131.69335 20.114 0.118
6131.76665 20.372 0.164
6132.53928 20.373 0.184
6132.62225 21.199 0.467
6132.67232 20.197 0.183
6132.71699 20.080 0.122
6132.79621 20.716 0.285
6133.56463 20.838 0.264
6133.61532 20.706 0.233
6133.67649 20.461 0.168
6133.72188 20.567 0.201
6133.77095 20.115 0.168
6134.53566 21.836 0.860
6134.62944 20.288 0.170
6134.68699 20.893 0.366
6135.51778 20.105 0.161
6135.56187 20.635 0.237
6135.63797 20.454 0.268
6135.68909 20.751 0.250
6135.74069 20.762 0.238
6135.77973 20.592 0.221
6136.48545 20.282 0.249
6136.60941 19.687 0.161
6136.66847 20.847 0.287
6140.47909 20.045 0.212
6140.56671 20.518 0.337
6140.61969 21.945 1.081
6140.65890 21.176 0.512
6140.69831 20.346 0.286
6140.74010 20.980 0.678
6141.50615 20.227 0.183
6141.54379 20.123 0.149
6141.59441 21.227 0.617
6141.64164 20.440 0.230
6141.67932 20.036 0.138
6141.72033 19.837 0.124
6141.76057 20.551 0.240
6142.48746 20.620 0.359
6142.54979 21.206 0.655
6143.53442 20.301 0.231
6147.52774 20.381 0.160
6147.57851 20.135 0.167
6147.61979 20.862 0.349
6147.67717 20.223 0.190
6147.71511 20.905 0.386
6148.50923 20.132 0.103
6148.55855 20.103 0.102
6148.61166 20.274 0.118
6148.65115 20.249 0.136
6148.69655 20.803 0.232
6149.57931 20.520 0.164
6149.61784 21.216 0.414
6150.50138 20.214 0.228
6150.54943 20.895 0.272
6150.60089 20.417 0.208
6150.65132 21.175 0.311
6151.48529 20.204 0.203
6151.55405 20.757 0.315
6151.59516 20.229 0.170
6151.63405 20.842 0.301
6151.67494 20.739 0.283
6151.71490 21.063 0.417
6152.48456 20.634 0.234
6152.52415 20.663 0.212
6152.56465 20.730 0.269
6152.62907 20.456 0.169
6152.66847 20.491 0.162
6153.72084 20.551 0.256
6154.51275 20.651 0.229
6154.55388 21.019 0.343
6154.63331 20.945 0.305
6154.70535 20.726 0.270
6157.66180 21.284 0.461
6157.70379 20.578 0.296
6158.50191 20.584 0.162
6158.55201 20.794 0.235
6158.60366 20.206 0.145
6158.64424 20.995 0.318
6158.68401 19.940 0.113
6158.72071 20.515 0.197
6159.50818 20.406 0.242
6159.56322 20.418 0.197
6159.61550 20.308 0.165
6159.68545 20.488 0.271
6160.48976 20.772 0.235
6160.54551 20.189 0.139
6160.55947 20.715 0.206
6160.60513 20.231 0.144
6160.64668 20.532 0.180
6160.68518 20.626 0.210
6160.69792 20.405 0.153
6161.48886 20.703 0.296
6161.52915 20.970 0.407
6161.56893 20.366 0.214
6161.62882 20.696 0.228
6164.50663 19.796 0.139
6164.57073 20.220 0.239
6164.60389 19.922 0.201
6166.57457 19.965 0.165
6166.63388 21.564 0.610
6167.51280 20.626 0.425
6167.55095 20.077 0.171
6167.60465 19.854 0.218
6167.65442 19.543 0.177
6168.49379 20.465 0.218
6168.56345 20.776 0.250
6168.61614 20.197 0.152
6168.67226 20.982 0.284
6169.49328 20.147 0.178
6169.54338 20.866 0.331
6169.59401 20.134 0.138
6169.63415 20.668 0.251
6169.67710 21.127 0.458
6171.49507 20.115 0.099
6171.54908 20.366 0.172
6171.59847 20.515 0.183
6171.63837 19.399 0.162
6171.68664 20.108 0.163
6172.50781 20.142 0.095
6172.55783 20.512 0.167
6172.60828 20.414 0.138
6172.64669 20.309 0.137
6174.57997 20.577 0.297
6175.51993 21.292 0.454
6175.55804 20.076 0.156
6175.59667 20.303 0.174
6175.63797 20.367 0.189
6175.67185 21.008 0.468
6179.52504 21.254 0.460
6179.57124 20.998 0.413
6179.61464 20.714 0.319
6179.65365 21.373 0.561
6180.55968 20.350 0.197
6180.60045 20.541 0.273
6180.63856 20.102 0.182
6180.67028 21.775 1.454
6181.52031 20.525 0.192
6181.55833 20.567 0.178
6181.60074 20.665 0.186
6181.63900 20.679 0.251
6182.52178 19.987 0.110
6182.56632 20.106 0.121
6182.61052 20.126 0.153
6182.65276 20.602 0.280
6183.50191 20.282 0.178
6183.60473 20.727 0.211
6184.48395 20.506 0.211
6184.55653 20.348 0.138
6184.60557 21.019 0.263
6184.64621 20.501 0.231
6185.50672 20.460 0.137
6185.56545 20.661 0.180
6185.60826 20.425 0.146
6186.48089 21.365 0.591
6186.53787 21.051 0.294
6186.57657 21.028 0.345
6187.53731 21.825 0.894
6190.51656 20.578 0.220
6190.57414 20.125 0.119
6190.61404 21.217 0.397
6191.51761 21.071 0.532
6191.56950 20.696 0.270
6191.61172 20.532 0.209
6195.49362 20.318 0.167
6195.54586 20.357 0.165
6195.58400 20.567 0.230
6195.62159 20.548 0.234
6196.49437 20.693 0.287
6196.54270 19.904 0.161
6196.58165 20.302 0.166
6196.62165 20.676 0.361
6197.49621 21.153 0.509
6197.54439 20.452 0.238
6197.58443 20.127 0.179
6198.55053 20.900 0.447
6200.58592 20.221 0.215
6201.52575 20.686 0.426
6202.56318 20.273 0.274
6203.50204 21.148 0.527
6203.55413 20.596 0.311
6203.59279 20.661 0.412
6204.50088 20.042 0.142
6204.51497 20.541 0.210
6204.54614 20.132 0.143
6205.48733 21.203 0.473
6205.53043 20.168 0.129
6205.56848 20.765 0.235
6205.60474 20.424 0.186
6209.54934 19.788 0.164
6210.50140 20.929 0.342
6210.53977 20.829 0.302
6210.57862 20.262 0.186
6211.50317 20.007 0.129
6211.54552 20.448 0.183
6211.58399 20.595 0.230
6212.50262 20.310 0.177
6212.54102 20.371 0.167
6212.57809 20.249 0.158
6213.51767 21.077 0.380
6213.55548 20.889 0.378
6214.50952 19.913 0.127
6214.55088 20.941 0.404
6216.51328 20.286 0.188
6216.55226 20.908 0.341
6216.57500 20.755 0.286
6217.50806 20.297 0.139
6217.54594 20.400 0.153
6217.58282 20.462 0.203
6218.52097 19.990 0.143
6218.55951 20.491 0.239
6219.50151 20.438 0.217
6219.53963 19.875 0.128
6221.51427 20.111 0.322
6223.54546 20.936 0.420
6226.52837 20.993 0.486
6231.50129 20.268 0.294
6233.53144 20.432 0.288
6234.52549 20.932 0.447
6238.52114 21.294 0.631
6326.87377 20.641 0.401
6329.86999 21.511 0.873
6329.87295 20.541 0.333
6334.87206 20.454 0.190
6335.84695 20.241 0.168
6337.86345 20.624 0.230
6338.84197 20.003 0.144
6338.88377 20.600 0.207
6339.85982 20.086 0.119
6340.83951 20.062 0.124
6341.87703 20.442 0.200
6343.84039 21.500 0.632
6344.84181 20.409 0.144
6344.88225 20.327 0.126
6345.84772 20.667 0.218
6345.89527 20.565 0.245
6347.85424 20.887 0.272
6347.89260 20.957 0.254
6348.84525 20.518 0.183
6348.88967 20.518 0.191
6350.84491 20.443 0.201
6350.89371 20.408 0.171
6351.84813 20.469 0.181
6351.89988 20.841 0.321
6352.84782 21.180 0.310
6352.89105 20.201 0.128
6353.82289 20.773 0.252
6353.87971 20.467 0.148
6354.85287 20.238 0.134
6358.85700 20.607 0.201
6360.81749 20.308 0.138
6360.86497 20.687 0.172
6361.80255 20.592 0.185
6361.84039 20.617 0.182
6361.88135 20.423 0.155
6362.81342 20.855 0.276
6362.86425 20.539 0.179
6363.79431 20.505 0.223
6363.83418 20.600 0.183
6363.89250 20.168 0.102
6367.85313 20.236 0.093
6367.89153 20.577 0.136
6368.78946 20.318 0.148
6368.84269 20.196 0.127
6368.88245 20.362 0.143
6369.76922 20.316 0.187
6369.80953 20.531 0.161
6369.86140 20.593 0.143
6369.90774 20.231 0.113
6370.79023 20.649 0.168
6370.83945 20.547 0.155
6370.88226 20.545 0.144
6371.76434 20.363 0.180
6371.80374 20.132 0.101
6371.85250 20.089 0.084
6371.89354 20.161 0.088
6372.75658 20.229 0.174
6372.84529 20.506 0.157
6372.88513 20.208 0.115
6373.75655 20.356 0.180
6373.80159 20.374 0.174
6373.85075 20.387 0.134
6373.89052 20.595 0.179
6374.75499 20.065 0.162
6374.79642 20.691 0.251
6374.84594 20.204 0.135
6374.88556 20.575 0.181
6375.75402 21.336 0.355
6375.79294 20.490 0.152
6375.86062 20.968 0.213
6375.90176 20.052 0.079
6376.76481 20.466 0.203
6376.81658 20.603 0.182
6376.85653 20.779 0.215
6376.89859 20.153 0.097
6377.77877 20.987 0.258
6377.82887 20.395 0.121
6377.86862 20.262 0.093
6377.91110 20.368 0.127
6378.77520 21.197 0.372
6378.82430 20.651 0.154
6378.86548 20.083 0.096
6378.90491 20.144 0.094
6379.76040 20.301 0.163
6379.80889 19.963 0.103
6379.84858 20.495 0.175
6379.89491 20.396 0.142
6380.74953 20.740 0.242
6380.78855 20.423 0.142
6380.85151 20.117 0.103
6380.89241 20.486 0.150
6381.75189 20.166 0.136
6381.79701 20.182 0.111
6381.84565 20.307 0.109
6381.88490 20.491 0.121
6382.74967 21.244 1.107
6382.79068 19.977 0.262
6382.82987 20.371 0.307
6382.87020 20.428 0.245
6386.74530 20.926 0.391
6386.78368 20.168 0.123
6386.84016 20.768 0.235
6386.88878 20.395 0.188
6387.71465 20.924 0.311
6387.75826 20.103 0.098
6387.80000 20.311 0.129
6387.84122 20.146 0.103
6387.87907 20.280 0.150
6388.71805 20.135 0.147
6388.78067 20.384 0.139
6388.81976 20.646 0.167
6388.88837 20.151 0.116
6389.70645 21.080 0.456
6389.74813 20.110 0.124
6389.80042 20.340 0.131
6389.83722 21.149 0.321
6389.87583 20.430 0.144
6389.92002 20.453 0.196
6390.74141 20.579 0.187
6390.78342 20.474 0.153
6390.82439 20.519 0.166
6390.86788 19.852 0.085
6390.91476 20.391 0.174
6391.70294 20.411 0.260
6391.74357 20.505 0.210
6391.79456 20.365 0.191
6391.84660 20.361 0.176
6393.72542 20.133 0.153
6393.77809 20.646 0.206
6393.82932 20.214 0.142
6393.87053 20.431 0.194
6394.73214 21.388 0.497
6394.78485 20.547 0.201
6394.83228 20.817 0.249
6394.87162 20.326 0.172
6395.69602 20.258 0.187
6395.73649 20.512 0.177
6395.79511 20.664 0.201
6395.83416 20.574 0.147
6395.87406 20.312 0.106
6395.91877 20.284 0.109
6396.72116 20.597 0.158
6396.76800 20.260 0.098
6396.81805 20.481 0.127
6396.86076 20.381 0.106
6396.90268 20.456 0.151
6397.69649 20.654 0.203
6397.73422 20.332 0.119
6397.78512 20.260 0.108
6397.83384 20.191 0.108
6397.87178 20.132 0.105
6397.91089 20.407 0.135
6398.70315 20.719 0.191
6398.75150 20.782 0.198
6398.80340 20.484 0.153
6398.84160 20.449 0.145
6398.88384 20.357 0.130
6398.92230 20.641 0.170
6399.74801 20.213 0.133
6399.80525 20.312 0.124
6399.84394 20.453 0.200
6399.89021 20.099 0.134
6400.70237 20.376 0.133
6400.74694 20.952 0.306
6400.81310 20.239 0.134
6400.86851 20.386 0.172
6400.91354 20.657 0.217
6401.70946 20.406 0.151
6401.75652 20.624 0.149
6401.80748 20.433 0.137
6401.84597 20.259 0.108
6401.88779 20.044 0.097
6401.92570 21.040 0.283
6402.71887 21.428 0.391
6402.76613 20.163 0.136
6402.81304 20.440 0.155
6402.85321 20.317 0.152
6402.89435 21.664 0.876
6403.68468 20.568 0.186
6403.72225 20.262 0.107
6403.75980 20.336 0.124
6403.80830 20.453 0.119
6403.84661 19.937 0.093
6403.90197 20.760 0.210
6404.74335 20.827 0.255
6404.79222 20.346 0.155
6404.83106 20.424 0.144
6404.87058 20.691 0.229
6405.81513 20.252 0.190
6405.87474 20.745 0.150
6405.91582 20.208 0.101
6406.77633 21.339 0.836
6406.89480 20.551 0.208
6406.93573 20.809 0.325
6407.71314 20.355 0.219
6407.75107 20.672 0.226
6407.78911 20.145 0.133
6407.83878 20.390 0.157
6407.87871 20.094 0.132
6407.92686 21.079 0.386
6408.74362 20.864 0.500
6408.78299 20.307 0.217
6408.82353 20.187 0.172
6409.84245 20.110 0.173
6409.89666 20.544 0.271
6409.93457 20.044 0.230
6415.72380 19.869 0.133
6415.77511 20.289 0.179
6415.81559 20.340 0.167
6415.86798 20.586 0.286
6415.91680 21.164 0.363
6416.65717 21.605 0.562
6416.70230 20.616 0.205
6416.76544 20.590 0.154
6416.81286 20.608 0.159
6416.86909 20.803 0.215
6416.91876 20.401 0.168
6417.69004 20.196 0.179
6417.72813 20.265 0.138
6417.76563 20.714 0.248
6417.81330 20.359 0.129
6417.85381 20.572 0.205
6417.90268 20.055 0.135
6418.63241 21.113 0.382
6418.67321 20.673 0.209
6418.71069 20.047 0.110
6418.74827 20.452 0.145
6418.78607 20.269 0.131
6418.83705 20.519 0.126
6418.87522 20.623 0.159
6418.92277 20.528 0.174
6419.67431 20.425 0.178
6419.72219 20.019 0.109
6419.76042 20.645 0.178
6419.80950 20.212 0.116
6419.85088 20.042 0.120
6419.89804 19.850 0.107
6420.62653 20.023 0.114
6420.66425 20.681 0.175
6420.70195 20.166 0.098
6420.73969 20.354 0.097
6420.77561 20.430 0.110
6420.83592 20.323 0.111
6420.87482 20.171 0.094
6420.92331 20.343 0.117
6421.80405 20.115 0.122
6421.84432 20.235 0.137
6421.91813 21.091 0.340
6422.70363 20.465 0.149
6422.74802 20.121 0.108
6422.78581 20.709 0.208
6422.91062 21.390 0.659
6423.66179 20.345 0.184
6423.70739 20.342 0.179
6423.77806 20.240 0.145
6423.82738 20.565 0.193
6423.86568 20.371 0.172
6423.90427 20.641 0.174
6424.62554 20.409 0.190
6424.66653 20.483 0.161
6424.71625 20.433 0.134
6424.76639 20.188 0.108
6424.81948 20.191 0.115
6424.86108 20.256 0.125
6424.91523 19.814 0.103
6426.61375 20.695 0.240
6426.65445 20.148 0.130
6426.73382 20.287 0.117
6426.80215 21.259 0.337
6426.85383 20.476 0.134
6426.89494 20.642 0.184
6426.93559 20.262 0.193
6427.89223 19.890 0.117
6428.61560 20.702 0.292
6428.65681 21.227 0.520
6428.70652 20.687 0.274
6428.74780 20.304 0.151
6428.81028 20.408 0.164
6428.85360 20.654 0.235
6428.89473 20.209 0.136
6428.93555 20.791 0.410
6431.61061 21.539 0.800
6431.65507 20.245 0.205
6431.69527 20.110 0.129
6431.74630 20.482 0.170
6431.79916 20.316 0.160
6431.83959 20.353 0.136
6431.87984 20.876 0.259
6431.92038 20.278 0.174
6432.63139 20.524 0.239
6432.67890 20.839 0.263
6432.72967 20.177 0.137
6432.77957 20.984 0.334
6432.82098 20.576 0.189
6432.86155 20.615 0.199
6432.90204 20.969 0.363
6432.94431 20.212 0.287
6433.62543 20.806 0.393
6433.66584 20.471 0.170
6433.70654 20.371 0.158
6433.76699 20.877 0.349
6433.81565 20.064 0.136
6433.86522 21.038 0.418
6434.61550 20.640 0.340
6434.65578 20.056 0.163
6434.69801 20.278 0.164
6434.74752 20.258 0.125
6434.79914 20.250 0.142
6434.84044 20.296 0.164
6434.88836 20.095 0.145
6434.93397 20.159 0.169
6435.59547 20.872 0.444
6435.64615 20.688 0.245
6435.68617 20.311 0.156
6435.73857 20.245 0.136
6435.78952 20.011 0.124
6435.83173 20.217 0.156
6435.87549 19.928 0.124
6435.91744 19.955 0.108
6436.59038 20.090 0.196
6436.63216 20.700 0.253
6436.67518 20.055 0.133
6436.71686 20.093 0.139
6436.78056 20.412 0.193
6436.82135 20.089 0.153
6436.86312 20.122 0.163
6436.90455 20.275 0.168
6436.94653 19.584 0.166
6437.72025 20.695 0.383
6437.76516 19.777 0.132
6437.79885 20.299 0.312
6437.84040 20.688 0.384
6437.87626 21.434 0.865
6437.91925 20.081 0.246
6441.63885 21.178 0.769
6441.73782 20.367 0.224
6441.79085 20.299 0.198
6441.84282 20.370 0.221
6441.88654 19.934 0.175
6442.58250 19.756 0.107
6442.62270 20.538 0.174
6442.66281 20.412 0.157
6442.71248 20.237 0.112
6442.76584 20.447 0.142
6442.80705 20.154 0.104
6442.84701 20.203 0.114
6442.88692 20.154 0.120
6442.92668 20.537 0.227
6443.69170 19.987 0.150
6443.77505 20.059 0.182
6443.86968 20.242 0.228
6444.67411 20.463 0.339
6444.77593 20.616 0.182
6444.82607 20.423 0.180
6444.86682 20.646 0.238
6444.90900 20.746 0.272
6445.57923 20.666 0.319
6445.62742 20.069 0.133
6445.68572 20.461 0.161
6445.73067 20.938 0.276
6445.78956 20.515 0.207
6445.83515 20.398 0.174
6445.88030 20.098 0.157
6445.92786 20.343 0.213
6446.57258 20.200 0.124
6446.61824 20.101 0.102
6446.65955 20.063 0.099
6446.71125 20.206 0.104
6446.76674 20.595 0.164
6446.80706 20.075 0.090
6446.84964 20.157 0.106
6446.91697 20.049 0.123
6447.55177 19.901 0.118
6447.59441 20.351 0.147
6447.63348 20.046 0.106
6447.67420 20.604 0.187
6447.73400 20.360 0.147
6447.77894 20.470 0.164
6447.82066 20.277 0.126
6447.86078 20.358 0.146
6447.90136 19.849 0.090
6447.94196 20.741 0.284
6448.58326 20.437 0.185
6448.62342 20.440 0.159
6448.66386 20.425 0.176
6448.71452 20.310 0.158
6448.76690 20.029 0.094
6448.80845 19.913 0.085
6448.84987 20.206 0.133
6448.89041 19.864 0.141
6448.93279 19.774 0.150
6449.58249 18.190 0.024
6449.62348 18.322 0.029
6449.66673 18.242 0.027
6449.70705 18.287 0.022
6449.76861 18.325 0.027
6449.80970 18.286 0.026
6449.85057 18.344 0.029
6449.89106 18.293 0.037
6449.93049 18.429 0.036
6450.57566 18.621 0.037
6450.61680 18.491 0.029
6450.65980 18.564 0.026
6450.70890 18.593 0.024
6450.75949 18.699 0.029
6450.80115 18.728 0.031
6450.84194 18.815 0.042
6450.88718 18.761 0.040
6450.93095 18.894 0.056
6451.58003 19.197 0.066
6451.62207 19.326 0.076
6451.66250 19.143 0.049
6451.71446 19.280 0.058
6451.76688 19.281 0.060
6451.80716 19.283 0.065
6451.84811 19.415 0.079
6451.89082 19.386 0.094
6452.54147 20.043 0.125
6452.58258 19.828 0.085
6452.62666 19.685 0.056
6452.66734 19.779 0.070
6452.75855 19.988 0.087
6452.82084 20.086 0.108
6452.86212 19.943 0.094
6452.90510 19.841 0.105
6454.55280 20.332 0.264
6454.59540 20.227 0.137
6454.63625 20.329 0.143
6454.67695 20.531 0.156
6454.73867 20.432 0.148
6454.78011 20.371 0.143
6454.82123 20.252 0.162
6454.86183 19.908 0.111
6454.90269 20.236 0.152
6455.53542 21.137 0.415
6455.59967 20.085 0.173
6455.70380 20.670 0.199
6455.80406 20.204 0.148
6456.56165 20.102 0.085
6456.60239 20.193 0.087
6456.64357 20.178 0.081
6456.69522 20.209 0.087
6456.74750 20.295 0.111
6456.78876 20.097 0.110
6456.82978 20.051 0.097
6456.90525 19.924 0.102
6457.72370 20.238 0.107
6457.77587 19.857 0.081
6457.81724 20.508 0.172
6457.85822 20.135 0.129
6457.89879 20.135 0.137
6458.55935 19.792 0.141
6458.60060 21.107 0.366
6458.64180 20.294 0.154
6458.68240 20.352 0.145
6458.73503 20.046 0.124
6458.78567 20.256 0.128
6458.82652 19.945 0.101
6458.86751 19.793 0.101
6458.90157 20.975 0.386
6459.55267 20.870 0.330
6459.59529 20.500 0.188
6459.63652 20.202 0.125
6459.68832 19.967 0.088
6459.74474 20.450 0.128
6459.78558 20.119 0.116
6459.82630 20.217 0.129
6459.86718 20.734 0.224
6459.89972 20.540 0.245
6460.61123 21.359 0.464
6460.66728 20.605 0.169
6460.75333 20.498 0.216
6460.83859 20.181 0.136
6461.54075 20.263 0.163
6461.58283 20.015 0.124
6461.62390 20.022 0.131
6461.66870 20.262 0.146
6461.72554 20.727 0.251
6461.78690 20.155 0.128
6461.84035 20.440 0.157
6461.89071 20.557 0.205
6462.62356 20.211 0.164
6462.66459 20.428 0.159
6462.80190 20.474 0.283
6462.84314 20.062 0.135
6462.88399 20.574 0.287
6463.51936 19.954 0.221
6463.57643 20.337 0.210
6463.61767 20.008 0.137
6463.65881 20.447 0.187
6463.72646 20.408 0.174
6463.76779 20.322 0.164
6463.80878 20.412 0.167
6463.88553 20.587 0.208
6464.62588 20.440 0.231
6464.66654 20.407 0.243
6464.72487 19.973 0.153
6464.77622 20.128 0.177
6464.81729 19.969 0.122
6464.85870 21.354 0.496
6468.53154 20.243 0.226
6468.57353 20.589 0.238
6468.61366 20.557 0.239
6468.65480 20.306 0.173
6468.68532 21.118 0.388
6468.72692 21.277 0.471
6468.77743 20.153 0.172
6469.50611 20.996 0.425
6469.55558 20.044 0.167
6469.59578 20.205 0.162
6469.63595 20.316 0.136
6469.70133 20.131 0.142
6469.74292 20.595 0.235
6469.85606 20.375 0.450
6471.62037 20.940 0.338
6471.80171 20.563 0.447
6471.84887 20.151 0.302
6472.62108 20.382 0.214
6472.65744 20.501 0.198
6472.71023 20.151 0.129
6472.76188 20.662 0.227
6472.80246 20.114 0.134
6472.84307 20.823 0.364
6473.56285 20.158 0.156
6473.60483 20.358 0.138
6473.64530 20.397 0.120
6473.69789 20.243 0.118
6473.74846 20.325 0.132
6473.78950 20.012 0.124
6473.82972 20.272 0.165
6473.86857 21.755 0.876
6474.50734 20.313 0.228
6474.55179 20.454 0.246
6474.59701 20.686 0.245
6474.63739 20.923 0.325
6474.68133 20.929 0.279
6474.73314 20.136 0.144
6474.78270 20.205 0.144
6474.82308 20.933 0.413
6474.86341 20.578 0.338
6475.49886 20.685 0.268
6475.54168 20.504 0.206
6475.58738 20.151 0.134
6475.64874 20.345 0.124
6475.70034 20.618 0.203
6475.74523 20.190 0.134
6475.78574 20.541 0.189
6475.82758 20.545 0.258
6476.51219 20.718 0.289
6476.55271 20.404 0.193
6476.59357 20.737 0.255
6476.64458 20.346 0.177
6477.50481 20.675 0.274
6477.54586 20.798 0.258
6477.58714 20.912 0.267
6477.62804 20.241 0.152
6477.69361 20.450 0.180
6477.73461 20.722 0.230
6477.77501 20.221 0.180
6478.54322 20.355 0.210
6478.58351 20.181 0.131
6478.63492 20.951 0.324
6479.57822 20.979 0.291
6479.61897 20.228 0.141
6479.67275 21.392 0.559
6479.79272 21.182 0.464
6479.83831 20.690 0.317
6480.53191 20.838 0.349
6480.57532 20.254 0.158
6480.61591 20.923 0.365
6480.67838 20.563 0.174
6480.71857 20.830 0.354
6480.75928 20.781 0.262
6480.80081 20.389 0.189
6481.47198 20.787 0.354
6481.55612 20.458 0.202
6481.59767 20.357 0.184
6481.61233 20.573 0.213
6481.75630 20.493 0.239
6481.80002 20.421 0.223
6482.77333 20.689 0.332
6483.58443 20.884 0.285
6483.63741 20.131 0.123
6484.46596 20.791 0.347
6484.50695 21.304 0.485
6484.54774 20.824 0.255
6485.48215 20.689 0.253
6485.52851 20.476 0.200
6485.57369 21.236 0.366
6485.66319 20.811 0.191
6485.71477 20.552 0.152
6485.76110 20.302 0.125
6485.80654 20.550 0.248
6486.48556 20.731 0.251
6486.52689 20.830 0.265
6486.57311 21.005 0.267
6486.62431 20.563 0.180
6486.69397 21.417 0.441
6486.73678 20.090 0.115
6486.78358 20.812 0.228
6486.82226 20.532 0.201
6487.52679 20.357 0.156
6487.57271 20.485 0.150
6487.62499 20.388 0.125
6487.68648 20.334 0.107
6487.72792 20.434 0.152
6487.77196 20.588 0.133
6487.81622 20.500 0.181
6490.63763 19.931 0.106
6490.68282 20.758 0.203
6490.72347 20.406 0.159
6490.76747 20.851 0.245
6492.47002 20.323 0.272
6492.56210 20.481 0.213
6492.61220 20.330 0.154
6492.67559 20.091 0.177
6492.71315 19.994 0.140
6492.74907 20.598 0.255
6492.79298 21.823 1.151
6496.50074 20.331 0.228
6496.54081 20.404 0.276
6496.77688 20.968 0.568
6497.55527 21.064 0.481
6497.69873 20.474 0.231
6497.78074 20.745 0.309
6498.48239 20.395 0.153
6498.52587 20.220 0.105
6498.57073 20.348 0.112
6498.61652 20.459 0.161
6498.66239 20.384 0.153
6498.70546 20.505 0.211
6498.74824 20.103 0.115
6498.79022 21.263 0.475
6499.49610 20.848 0.286
6499.53994 20.846 0.223
6499.58365 21.064 0.347
6500.55254 20.689 0.313
6500.64823 19.918 0.169
6500.69493 20.246 0.191
6501.52127 20.457 0.237
6501.57154 20.247 0.174
6501.63639 20.532 0.176
6501.67779 20.199 0.138
6501.72023 20.745 0.249
6501.76306 20.720 0.342
6504.62411 20.927 0.371
6504.65190 21.105 0.460
6504.69490 20.423 0.171
6504.73762 21.510 0.598
6505.48899 20.436 0.203
6505.55005 20.689 0.232
6505.62389 20.175 0.171
6505.66475 20.435 0.191
6505.70649 20.684 0.253
6506.47939 20.281 0.225
6506.58708 21.457 0.709
6506.66274 20.669 0.273
6506.72437 20.823 0.339
6506.76551 20.750 0.369
6507.66620 21.474 0.706
6507.72329 21.218 0.564
6508.48205 20.958 0.436
6508.54099 20.671 0.220
6508.58494 20.521 0.201
6508.63202 20.569 0.166
6508.67399 20.340 0.143
6508.73424 20.658 0.211
6508.77579 21.081 0.352
6509.54565 20.499 0.139
6509.59751 20.847 0.167
6509.63959 20.350 0.121
6509.68090 20.268 0.132
6509.72342 20.441 0.174
6509.76310 20.770 0.322
6510.51511 20.525 0.160
6510.56768 20.747 0.170
6510.61353 20.905 0.209
6510.65556 20.335 0.121
6510.72575 20.015 0.130
6511.47727 20.998 0.364
6511.54520 20.066 0.128
6511.61566 21.227 0.419
6511.67064 20.119 0.141
6511.72006 21.140 0.359
6512.72250 20.863 0.319
6514.47837 20.339 0.200
6514.53963 21.177 0.354
6514.62414 21.184 0.345
6514.67515 21.242 0.315
6514.73017 20.489 0.163
6515.49280 20.780 0.227
6515.56388 20.790 0.196
6515.62653 20.319 0.109
6515.71834 20.395 0.130
6516.48036 20.589 0.306
6516.55111 20.398 0.195
6516.61817 20.820 0.212
6516.67256 20.295 0.197
6518.51567 20.709 0.199
6518.57856 20.278 0.132
6518.63077 20.600 0.171
6518.67797 20.623 0.190
6518.72415 20.532 0.191
6519.51160 20.152 0.114
6519.58359 21.080 0.348
6519.63165 20.363 0.168
6519.68400 20.443 0.162
6519.73095 20.643 0.243
6523.55452 20.416 0.180
6523.59182 21.014 0.288
6523.63090 21.026 0.355
6523.67149 20.398 0.222
6524.48931 21.033 0.329
6524.58560 20.296 0.158
6524.63393 21.075 0.367
6525.48998 20.943 0.413
6525.53995 20.613 0.305
6525.64283 20.312 0.262
6526.63343 20.629 0.282
6527.57659 20.291 0.261
6528.57140 20.057 0.204
6529.56922 20.592 0.279
6529.61065 21.146 0.507
6529.65352 19.899 0.147
6531.47762 20.331 0.277
6531.53678 21.347 0.484
6531.59850 19.896 0.115
6531.64597 21.243 0.476
6532.47934 20.031 0.131
6532.53513 20.248 0.130
6532.57848 20.260 0.140
6532.63802 20.900 0.295
6533.54931 20.237 0.175
6533.60984 20.246 0.139
6534.50800 21.682 0.661
6534.57010 20.314 0.180
6534.61152 20.369 0.163
6534.65443 20.578 0.249
6536.49309 20.609 0.177
6538.52926 20.497 0.160
6538.58394 20.170 0.161
6539.48018 20.287 0.169
6539.53157 20.216 0.126
6539.58123 20.209 0.138
6539.64077 20.299 0.159
6541.47836 20.681 0.204
6541.52741 20.823 0.273
6541.59110 20.349 0.137
6543.47829 19.877 0.207
6543.55510 20.502 0.171
6543.60003 20.860 0.235
6543.64060 20.885 0.250
6544.54248 20.492 0.263
6544.58307 20.497 0.210
6545.54093 20.688 0.172
6545.63168 20.321 0.146
6546.52108 20.422 0.279
6546.57439 20.462 0.292
6546.63360 20.321 0.198
6547.58760 19.843 0.224
6551.48618 21.628 0.983
6551.57590 21.318 0.705
6555.54956 21.033 0.473
6555.59913 20.081 0.155
6556.61739 21.274 0.693
6558.49549 20.472 0.150
6558.53960 20.526 0.162
6558.58333 21.217 0.343
6559.53888 20.385 0.168
6559.57904 20.205 0.143
6560.48655 21.271 0.530
6560.63301 20.961 0.383
6562.49898 21.586 0.630
6562.54610 20.305 0.167
6562.59302 20.983 0.250
6563.57213 20.974 0.368
6563.61644 20.481 0.229
6564.51043 20.997 0.440
6564.55146 20.259 0.165
6564.59615 20.307 0.178
6565.52292 20.296 0.176
6567.56191 20.490 0.284
6568.51511 21.708 1.042
6568.55713 20.658 0.294
6568.60112 20.649 0.366
6569.50726 20.088 0.122
6569.54835 20.214 0.133
6569.58940 20.174 0.141
6570.52592 20.334 0.198
6570.56716 20.187 0.209
6571.53274 20.182 0.197
6571.57964 21.884 0.935
6572.50102 20.164 0.201
6572.56119 20.757 0.272
6573.52688 21.123 0.370
6573.57167 21.421 0.493
6573.58033 19.816 0.116
6577.50981 20.013 0.193
6577.55175 21.061 0.494
6578.48809 20.684 0.401
6579.51777 20.934 0.357
6579.57604 20.836 0.482
6581.48787 20.193 0.272
6581.53406 21.028 0.407
6582.49944 20.286 0.228
6582.55849 20.652 0.275
6584.50763 20.477 0.294
6584.55200 19.886 0.200
6585.50804 20.088 0.197
6585.55428 20.176 0.252
6586.52898 21.658 0.789
6590.51463 20.322 0.230
6593.49006 21.477 1.313
