554.78885 17.897 0.028
557.76207 17.899 0.028
558.80886 17.852 0.029
560.84983 17.865 0.034
561.84309 17.890 0.028
566.66296 17.859 0.033
568.66113 17.935 0.034
569.64866 17.893 0.028
570.89976 17.888 0.028
571.81780 17.909 0.024
573.75265 17.900 0.025
574.64085 17.869 0.028
575.87984 17.932 0.033
576.85937 17.875 0.025
577.87289 17.940 0.030
578.83626 17.877 0.023
578.90143 17.847 0.023
581.75255 17.873 0.024
582.78628 17.961 0.032
583.80639 17.882 0.025
587.88138 17.881 0.034
588.83680 17.866 0.027
590.81856 17.833 0.041
599.86206 17.908 0.028
600.81094 17.871 0.024
601.85421 17.932 0.027
606.74308 17.912 0.022
608.73155 17.889 0.036
614.80290 17.951 0.028
615.73330 17.916 0.029
616.73553 17.840 0.032
621.76241 17.788 0.038
623.68100 17.872 0.025
627.70965 17.870 0.027
628.78614 17.861 0.029
629.65663 17.940 0.034
630.63527 17.914 0.030
631.65740 17.874 0.025
632.76270 17.855 0.023
633.64368 17.893 0.023
635.81153 17.951 0.035
643.76638 17.873 0.035
645.58130 17.923 0.029
650.58489 17.884 0.028
652.48283 17.924 0.032
652.75627 17.898 0.025
653.54072 17.871 0.020
656.81819 17.907 0.032
657.69713 17.946 0.034
663.69654 17.879 0.028
665.50981 17.876 0.023
666.55890 17.924 0.027
667.67805 17.882 0.026
669.58470 17.895 0.023
684.62652 17.722 0.022
686.59929 17.758 0.024
688.56352 17.847 0.025
697.57864 17.922 0.030
700.60766 17.845 0.030
704.61446 17.927 0.041
707.65919 17.833 0.036
713.62274 17.925 0.027
715.59004 17.970 0.041
719.49348 17.861 0.033
728.53133 17.889 0.035
746.53870 17.923 0.033
878.87053 17.887 0.024
885.82680 17.895 0.040
891.86807 17.930 0.025
896.84522 17.878 0.021
900.84373 17.771 0.019
911.89306 17.821 0.029
924.76575 17.916 0.028
928.73702 17.897 0.028
931.87792 17.895 0.037
931.92269 18.012 0.034
933.75998 17.935 0.031
936.85922 17.835 0.023
937.72253 17.825 0.027
939.85370 18.006 0.038
941.84441 17.842 0.027
944.81023 18.010 0.043
949.74679 17.901 0.027
951.71159 17.930 0.028
952.84303 17.845 0.025
954.79369 17.848 0.025
961.89903 17.920 0.031
962.87613 17.847 0.027
963.78502 17.885 0.028
966.81563 17.882 0.023
968.78997 17.811 0.026
970.68690 17.906 0.036
971.69376 17.870 0.028
978.65662 17.920 0.030
982.80942 17.904 0.046
986.62024 17.860 0.027
986.67699 17.835 0.025
987.81973 17.912 0.029
989.65821 17.903 0.032
990.70924 17.876 0.025
991.77569 17.840 0.027
995.60758 17.853 0.031
997.62531 17.932 0.028
1005.69399 17.960 0.046
1006.77075 17.926 0.039
1011.65550 17.855 0.031
1020.58998 17.920 0.032
1021.69579 17.937 0.029
1025.65846 17.910 0.034
1035.58203 17.845 0.029
1037.52818 17.890 0.028
1041.60056 17.911 0.027
1043.60473 17.864 0.029
1047.51780 17.848 0.026
1049.55927 17.919 0.032
1051.63815 17.913 0.031
1067.67171 17.872 0.027
1074.50119 17.925 0.037
1078.57958 17.908 0.033
1081.60624 17.868 0.035
1088.50709 17.902 0.035
1091.50763 17.862 0.032
1094.55069 17.918 0.032
1103.50779 17.916 0.033
1118.52980 17.804 0.043
1216.86841 17.908 0.042
1226.81282 17.949 0.048
1234.81418 17.828 0.040
1240.79164 17.908 0.042
1243.79785 17.900 0.047
1253.89703 17.892 0.027
1256.80118 17.898 0.031
1258.78006 17.947 0.035
1259.78257 17.876 0.028
1262.77453 17.910 0.027
1266.84650 17.897 0.032
1268.81639 17.799 0.027
1272.78659 17.930 0.035
1276.86349 17.886 0.046
1276.90791 17.911 0.042
1277.75345 17.839 0.028
1277.90827 17.902 0.026
1278.74215 17.904 0.030
1278.90908 17.893 0.025
1280.83453 17.866 0.026
1281.88212 17.867 0.024
1288.78198 17.894 0.028
1289.87244 17.859 0.027
1290.75336 17.869 0.026
1291.74491 17.905 0.026
1294.78084 17.891 0.034
1294.85677 17.877 0.033
1295.86663 17.874 0.033
1296.70606 17.872 0.032
1297.88473 17.861 0.028
1298.88796 17.831 0.032
1299.89904 17.831 0.033
1300.68489 17.895 0.039
1305.69622 17.924 0.032
1306.78225 17.883 0.024
1307.74167 17.860 0.034
1310.70432 17.894 0.027
1313.68153 17.839 0.022
1315.68901 17.857 0.027
1316.79320 17.881 0.024
1317.82023 17.853 0.026
1318.69589 17.850 0.030
1319.88182 17.923 0.043
1327.70618 17.860 0.038
1333.79086 17.898 0.028
1336.63286 17.919 0.039
1339.64389 17.853 0.024
1340.81618 17.918 0.033
1342.65149 17.888 0.024
1346.81576 17.885 0.027
1348.63804 17.885 0.027
1349.80877 17.914 0.031
1353.70715 17.862 0.040
1354.81062 17.884 0.032
1355.81750 17.889 0.039
1365.72530 17.914 0.029
1366.76901 17.832 0.028
1367.56609 17.967 0.042
1368.60201 17.861 0.023
1369.61749 17.886 0.030
1370.66553 17.841 0.026
1373.64187 17.750 0.036
1374.75007 17.729 0.027
1375.53752 17.733 0.027
1394.76039 17.819 0.035
1395.67479 17.907 0.029
1397.68302 17.905 0.032
1399.67658 17.854 0.024
1400.56267 17.957 0.028
1402.65382 17.865 0.026
1403.69717 17.873 0.030
1404.62327 17.867 0.026
1407.53683 17.807 0.027
1408.72414 17.824 0.041
1415.58555 17.885 0.041
1416.58874 17.919 0.033
1417.62329 17.859 0.031
1430.54937 17.878 0.035
1432.55540 17.904 0.034
1435.64177 17.814 0.037
1442.55462 17.857 0.033
1444.53698 17.850 0.046
1447.57286 17.838 0.037
1449.57001 17.873 0.038
1451.56429 17.915 0.033
1454.55480 17.859 0.041
1460.48885 17.903 0.039
1472.50490 17.860 0.043
1579.86240 17.883 0.033
1581.86136 17.924 0.035
1583.86506 17.960 0.034
1585.86039 17.891 0.036
1587.85395 17.927 0.034
1589.83982 17.905 0.037
1593.85205 17.979 0.048
1594.83518 17.808 0.036
1596.82799 17.883 0.036
1600.82723 17.874 0.044
1602.88276 17.848 0.034
1609.79288 17.708 0.026
1615.79133 17.750 0.025
1618.80294 17.865 0.031
1622.76690 17.892 0.033
1624.79098 17.918 0.039
1626.75769 17.930 0.036
1630.81462 17.956 0.041
1631.87527 17.860 0.036
1634.79657 17.804 0.026
1643.76029 17.863 0.032
1645.74093 17.889 0.031
1646.71977 17.811 0.029
1652.72123 17.914 0.036
1654.70152 17.858 0.031
1660.84332 17.853 0.028
1662.72476 17.882 0.027
1664.73331 17.900 0.029
1665.86621 17.924 0.029
1666.91658 17.868 0.025
1667.76692 17.958 0.030
1669.76473 17.871 0.032
1671.66414 17.851 0.026
1672.81828 17.887 0.025
1675.68042 17.866 0.028
1676.69835 17.855 0.026
1687.64780 17.828 0.044
1689.67784 17.966 0.050
1692.76338 17.904 0.025
1695.92389 17.844 0.027
1698.73672 17.866 0.025
1700.65479 17.882 0.026
1702.81312 17.888 0.028
1703.81187 17.859 0.032
1704.68828 17.894 0.027
1706.65619 17.889 0.029
1717.75955 17.893 0.024
1718.74989 17.880 0.031
1720.72837 17.958 0.045
1721.70864 17.827 0.030
1726.77130 17.928 0.037
1728.58471 17.857 0.029
1729.67031 17.863 0.026
1730.64260 17.876 0.030
1731.63530 17.894 0.023
1732.61750 17.920 0.028
1733.72501 17.917 0.027
1741.64087 17.862 0.041
1742.60133 17.879 0.028
1743.58440 17.898 0.028
1744.62632 17.941 0.033
1745.56397 17.873 0.024
1748.60902 17.948 0.040
1749.69315 17.881 0.020
1750.55539 17.889 0.029
1751.67094 17.910 0.028
1752.64405 17.876 0.031
1753.53832 17.868 0.029
1754.57690 17.857 0.030
1755.47478 17.832 0.034
1756.67736 17.852 0.035
1757.56567 17.898 0.031
1758.70986 17.875 0.031
1759.65486 17.894 0.028
1760.52204 17.883 0.031
1761.49458 17.962 0.037
1762.48998 17.894 0.025
1763.56163 17.862 0.024
1764.49647 17.890 0.030
1765.49694 17.881 0.028
1769.53359 17.884 0.033
1771.49221 17.862 0.038
1772.50262 17.882 0.026
1773.51706 17.883 0.026
1775.51659 17.870 0.026
1776.51341 17.920 0.028
1777.52504 17.866 0.030
1783.52661 17.897 0.035
1784.51351 17.866 0.029
1785.51282 17.904 0.031
1786.48652 17.834 0.026
1787.53461 17.895 0.030
1788.51785 17.864 0.031
1789.50901 17.884 0.027
1790.49528 17.922 0.029
1803.56602 17.880 0.034
1809.61687 17.895 0.025
1811.61539 17.921 0.037
1813.61423 17.754 0.027
1816.48830 17.782 0.030
1819.50118 17.762 0.029
1826.50799 17.916 0.044
2115.78175 17.790 0.023
2124.66151 18.027 0.067
2128.63515 17.796 0.018
2131.66462 17.795 0.023
2135.51432 17.792 0.017
2138.66843 17.835 0.022
2143.58169 17.816 0.025
2162.58272 17.778 0.021
2170.48918 17.756 0.020
2173.56228 17.793 0.026
2183.49885 17.839 0.029
2184.56214 17.885 0.033
2195.54455 17.919 0.030
2324.88830 17.828 0.024
2341.88047 17.766 0.020
2350.89765 17.745 0.019
2359.85795 17.794 0.018
2370.89896 17.798 0.020
2384.73640 17.791 0.019
2388.73928 17.821 0.025
2390.70901 17.777 0.028
2397.91907 17.777 0.024
2401.66971 17.768 0.018
2403.73079 17.767 0.016
2405.66690 17.837 0.025
2410.74681 17.752 0.015
2415.66869 17.799 0.027
2417.73034 17.771 0.019
2425.62942 17.853 0.038
2431.67884 17.740 0.023
2433.65500 17.593 0.017
2435.77396 17.668 0.015
2437.66352 17.745 0.025
2439.59717 17.689 0.016
2439.61121 17.701 0.018
2441.60577 17.743 0.017
2444.59384 17.815 0.020
2446.60560 17.804 0.019
2452.58695 17.897 0.031
2458.70666 17.786 0.019
2462.69236 17.765 0.015
2464.50792 17.767 0.020
2466.82544 17.794 0.024
2468.53883 17.784 0.017
2470.54576 17.778 0.020
2472.54185 17.841 0.028
2474.69152 17.789 0.019
2483.48629 17.797 0.018
2485.68270 17.813 0.026
2489.75194 17.814 0.023
2492.69787 17.820 0.023
2495.49281 17.837 0.023
2497.55339 17.740 0.018
2499.59086 17.734 0.017
2501.61689 17.743 0.017
2503.56493 17.879 0.061
2511.59723 17.856 0.029
2518.54777 17.791 0.018
2521.54393 17.838 0.022
2529.66431 17.779 0.023
2537.53476 17.804 0.023
2540.54699 17.800 0.027
2545.55040 17.804 0.023
2550.53593 17.745 0.021
2555.49821 17.860 0.029
2560.57394 17.804 0.034
2566.55110 17.796 0.029
2700.87907 17.778 0.021
2712.84981 17.759 0.023
2726.91677 17.777 0.017
2727.81867 17.784 0.016
2732.83248 17.773 0.019
2743.82425 17.760 0.016
2748.84361 17.758 0.023
2755.84332 17.811 0.019
2759.83234 17.775 0.018
2765.86450 17.773 0.017
2769.90570 17.752 0.020
2782.77430 17.772 0.023
2784.76826 17.814 0.017
2786.66159 17.809 0.022
2788.76539 17.802 0.016
2790.85005 17.789 0.019
2795.58125 17.745 0.017
2797.56907 17.797 0.019
2802.64032 17.783 0.024
2808.68457 17.758 0.022
2810.61142 17.830 0.020
2812.58590 17.768 0.019
2814.58556 17.799 0.020
2815.62033 17.772 0.019
2817.65085 17.769 0.025
2819.53880 17.831 0.021
2821.51627 17.828 0.031
2830.55905 17.822 0.029
2835.49523 17.687 0.028
2836.62700 17.586 0.029
2838.61738 17.706 0.017
2840.53881 17.691 0.018
2842.59269 17.755 0.018
2844.65242 17.765 0.018
2848.74337 17.779 0.025
2849.47450 17.815 0.025
2851.58529 17.775 0.018
2853.59618 17.746 0.016
2855.64590 17.848 0.031
2857.77145 17.813 0.029
2860.61431 17.739 0.026
2863.70161 17.875 0.035
2867.55487 17.777 0.021
2870.62825 17.808 0.020
2872.67878 17.761 0.017
2876.62389 17.828 0.019
2884.58762 17.766 0.018
2888.56369 17.824 0.048
2894.64941 17.837 0.029
2897.65875 17.779 0.025
2901.59579 17.962 0.030
2906.61845 17.833 0.025
2910.61096 17.879 0.033
2912.59752 17.774 0.022
2923.57746 17.747 0.024
2933.57161 17.840 0.024
3047.86328 17.817 0.022
3056.87084 17.840 0.021
3060.86560 17.753 0.018
3066.85991 17.799 0.018
3069.81267 17.819 0.022
3071.81804 17.773 0.025
3074.82274 17.777 0.018
3076.81516 17.790 0.021
3076.89212 17.809 0.023
3076.91057 17.789 0.023
3077.82276 17.731 0.055
3077.86993 17.750 0.060
3077.90681 17.822 0.053
3078.83717 17.787 0.026
3078.86326 17.836 0.022
3078.87072 17.771 0.021
3078.91341 17.833 0.031
3079.82879 17.816 0.021
3079.87758 17.798 0.022
3081.89685 17.788 0.018
3083.89317 17.797 0.015
3085.75372 17.796 0.022
3087.81993 17.818 0.018
3088.89887 17.800 0.016
3090.82273 17.812 0.017
3092.76802 17.844 0.023
3097.73714 17.805 0.023
3099.73262 17.769 0.023
3100.73030 17.822 0.025
3102.72993 17.764 0.021
3104.73569 17.547 0.043
3106.73133 17.553 0.025
3108.69841 17.595 0.014
3109.89735 17.670 0.015
3111.76903 17.689 0.021
3113.70702 17.712 0.016
3114.69336 17.716 0.016
3116.74670 17.756 0.024
3122.72041 17.823 0.025
3124.89717 17.804 0.024
3126.62216 17.797 0.023
3127.62947 17.792 0.023
3128.65635 17.802 0.022
3129.62564 17.852 0.028
3130.63188 17.718 0.028
3131.81706 17.807 0.024
3134.60486 17.770 0.023
3135.67135 17.810 0.022
3137.69330 17.797 0.024
3138.62733 17.820 0.021
3139.77015 17.775 0.016
3140.63055 17.827 0.023
3141.71617 17.835 0.021
3142.61061 17.820 0.021
3144.61894 17.787 0.020
3145.69418 17.802 0.019
3147.77918 17.819 0.019
3151.58673 17.750 0.025
3152.59588 17.818 0.022
3153.59523 17.828 0.023
3154.66952 17.805 0.025
3156.57390 17.794 0.032
3158.59322 17.863 0.036
3162.56939 17.754 0.026
3163.54968 17.830 0.022
3164.55076 17.833 0.018
3165.55047 17.808 0.020
3166.73343 17.833 0.024
3167.59240 17.821 0.027
3168.55249 17.796 0.021
3169.55701 17.795 0.020
3170.62321 17.771 0.017
3171.55018 17.779 0.017
3172.55577 17.775 0.018
3174.53648 17.778 0.019
3174.87041 17.734 0.020
3175.52383 17.846 0.022
3176.57524 17.837 0.024
3178.61429 17.771 0.020
3179.63750 17.782 0.016
3180.51324 17.795 0.021
3183.50495 17.903 0.029
3184.52435 17.805 0.019
3185.53049 17.775 0.024
3191.82891 17.863 0.021
3193.70140 17.818 0.023
3194.77447 17.778 0.016
3195.48501 17.792 0.025
3196.50782 17.872 0.029
3197.48369 17.834 0.024
3201.49037 17.842 0.021
3202.73456 17.866 0.022
3203.49828 17.790 0.017
3205.49117 17.788 0.018
3206.51863 17.775 0.016
3211.48523 17.798 0.021
3212.51032 17.824 0.025
3218.49086 17.795 0.022
3223.50085 17.820 0.024
3224.50207 17.791 0.019
3228.50323 17.816 0.020
3230.49974 17.832 0.020
3241.50933 17.791 0.030
3244.59857 17.801 0.030
3246.50053 17.785 0.026
3248.51743 17.826 0.025
3250.49300 17.804 0.022
3251.62162 17.780 0.018
3253.55828 17.807 0.019
3257.62822 17.803 0.021
3268.57593 17.767 0.017
3270.50490 17.776 0.035
3271.57131 17.881 0.041
3275.60520 17.873 0.027
3279.50199 17.759 0.020
3283.55075 17.816 0.016
3291.50167 17.926 0.032
3298.52831 17.860 0.030
3431.85106 17.775 0.019
3438.84922 17.792 0.021
3443.90592 17.775 0.017
3446.80318 17.785 0.019
3448.84024 17.840 0.018
3450.90329 17.824 0.016
3453.90073 17.782 0.017
3456.79404 17.807 0.021
3468.76258 17.817 0.020
3471.76752 17.779 0.024
3474.75953 17.750 0.016
3477.74588 17.817 0.017
3480.76184 17.818 0.014
3484.70268 17.859 0.031
3499.65828 17.811 0.019
3502.65932 17.761 0.017
3503.91296 17.735 0.015
3509.64755 17.810 0.021
3511.65663 17.793 0.021
3520.74568 17.766 0.019
3521.89971 17.854 0.020
3522.90925 17.831 0.022
3523.90279 17.961 0.025
3525.89079 17.777 0.018
3528.84589 17.796 0.018
3538.55068 17.783 0.022
3539.54929 17.886 0.030
3544.67385 17.677 0.019
3550.57166 17.765 0.023
3552.73364 17.737 0.016
3554.53898 17.780 0.026
3556.80818 17.832 0.023
3558.73776 17.821 0.021
3560.54992 17.815 0.019
3561.79764 17.813 0.018
3562.72833 17.731 0.015
3563.80853 17.827 0.025
3574.51034 17.730 0.017
3578.50688 17.774 0.015
3579.75285 17.808 0.019
3581.50694 17.809 0.018
3583.48673 17.768 0.019
3584.49137 17.772 0.018
3585.48234 17.798 0.016
3586.50173 17.802 0.018
3587.58569 17.778 0.020
3588.52303 17.796 0.018
3618.66851 17.769 0.019
3633.58364 17.847 0.031
3650.51251 17.842 0.023
3652.53095 17.875 0.037
3772.88241 17.866 0.034
3779.84862 17.739 0.023
4151.83307 17.812 0.023
4154.84272 17.777 0.018
4156.90262 17.764 0.040
4159.82937 17.775 0.020
4161.88293 17.773 0.022
4163.89887 17.792 0.018
4166.83131 17.827 0.031
4168.86338 17.781 0.021
4170.87783 17.812 0.021
4175.89154 17.608 0.015
4177.79318 17.678 0.017
4178.84652 17.651 0.016
4179.88626 17.711 0.017
4181.82302 17.680 0.015
4182.87141 17.692 0.014
4183.90366 17.720 0.017
4184.76268 17.718 0.018
4185.88135 17.720 0.019
4189.91324 17.773 0.024
4191.86760 17.788 0.025
4192.78625 17.757 0.021
4193.80466 17.794 0.021
4194.82623 17.773 0.018
4196.81469 17.790 0.020
4202.79618 17.775 0.015
4203.78429 17.800 0.017
4204.77637 17.809 0.020
4205.77473 17.765 0.016
4207.77114 17.774 0.017
4208.76810 17.780 0.016
4211.83124 17.762 0.019
4213.77535 17.721 0.017
4213.87324 17.781 0.015
4213.90731 17.745 0.016
4215.78183 17.851 0.021
4216.73960 17.803 0.016
4217.74714 17.812 0.015
4218.79910 17.789 0.023
4219.81865 17.787 0.018
4220.75425 17.802 0.022
4222.72588 17.778 0.021
4224.82824 17.775 0.024
4227.86752 17.820 0.025
4227.87734 17.835 0.023
4227.88396 17.809 0.025
4228.72667 17.781 0.018
4229.71099 17.821 0.022
4230.70079 17.825 0.020
4231.68309 17.792 0.017
4232.69527 17.783 0.022
4233.87364 17.872 0.026
4234.85940 17.804 0.021
4235.65689 17.794 0.019
4235.93112 17.758 0.024
4238.72645 17.817 0.019
4239.67705 17.811 0.018
4240.72000 17.787 0.017
4241.61037 17.790 0.023
4243.63646 17.819 0.022
4244.65440 17.817 0.020
4245.64774 17.822 0.018
4246.70652 17.804 0.018
4247.72446 17.788 0.018
4250.77043 17.746 0.022
4256.56334 17.647 0.026
4258.56994 17.802 0.025
4267.54015 17.846 0.027
4268.77635 17.797 0.019
4269.52319 17.864 0.030
4272.54612 17.801 0.019
4273.74514 17.813 0.024
4274.60461 17.808 0.025
4275.63741 17.767 0.021
4276.72981 17.783 0.024
4277.65320 17.793 0.018
4278.61063 17.815 0.026
4283.54824 17.823 0.023
4284.54004 17.803 0.022
4285.54347 17.830 0.023
4286.54299 17.800 0.028
4289.55681 17.891 0.027
4290.60029 17.789 0.022
4291.66064 17.818 0.021
4292.52540 17.795 0.016
4293.53163 17.789 0.018
4294.52467 17.777 0.018
4295.53896 17.793 0.019
4295.79254 17.776 0.018
4296.52913 17.790 0.018
4297.65273 17.791 0.016
4298.49190 17.780 0.023
4299.46286 17.772 0.030
4300.57041 17.758 0.018
4301.75160 17.791 0.018
4301.81753 17.790 0.019
4302.54950 17.782 0.021
4302.70786 17.799 0.018
4302.81619 17.735 0.020
4303.61290 17.826 0.025
4303.71614 17.796 0.021
4304.47839 17.849 0.032
4304.52421 17.868 0.029
4304.56912 17.860 0.029
4304.61815 17.854 0.032
4304.66276 17.809 0.027
4305.57135 17.811 0.026
4305.64924 17.816 0.024
4306.48818 17.796 0.030
4307.68746 17.812 0.026
4310.65429 17.799 0.027
4312.56298 17.787 0.023
4315.57037 17.750 0.020
4316.65314 17.796 0.020
4317.57696 17.801 0.018
4320.64055 17.779 0.019
4326.57177 17.824 0.018
4327.52373 17.835 0.027
4328.53487 17.796 0.022
4329.47259 17.832 0.028
4330.54081 17.790 0.017
4331.53662 17.804 0.019
4332.55055 17.780 0.017
4333.47163 17.785 0.031
4338.53834 17.819 0.023
4339.53449 17.793 0.018
4340.47301 17.836 0.035
4340.65788 17.787 0.022
4341.53892 17.805 0.025
4342.57076 17.848 0.023
4343.55455 17.796 0.018
4344.58459 17.807 0.021
4345.55071 17.802 0.017
4346.55631 17.782 0.025
4347.57020 17.786 0.021
4349.53893 17.830 0.018
4350.59672 17.810 0.021
4351.54421 17.832 0.020
4353.56073 17.775 0.023
4354.58011 17.808 0.022
4355.59649 17.803 0.026
4356.54501 17.799 0.022
4358.56424 17.779 0.022
4361.58907 17.822 0.036
4367.55457 17.768 0.023
4371.55370 17.788 0.020
4377.51919 17.656 0.020
4380.59868 17.729 0.021
4383.59299 17.722 0.029
4393.56611 17.799 0.021
4505.85677 17.909 0.026
4508.84894 17.802 0.019
4511.88603 17.729 0.016
4514.84681 17.787 0.021
4518.83645 17.778 0.026
4521.86830 17.814 0.023
4523.80917 17.778 0.026
4525.80122 17.809 0.035
4531.80450 17.831 0.026
4534.77564 17.786 0.025
4536.85691 17.794 0.017
4538.77840 17.841 0.024
4539.89192 17.809 0.017
4540.76266 17.807 0.021
4541.85969 17.688 0.014
4542.82311 17.787 0.020
4543.91123 17.781 0.017
4544.90862 17.769 0.017
4545.89532 17.767 0.017
4546.80958 17.820 0.020
4546.82609 17.832 0.021
4546.84919 17.825 0.022
4546.87677 17.809 0.017
4546.89154 17.813 0.016
4546.90871 17.780 0.017
4546.91853 17.745 0.026
4547.80359 17.848 0.020
4547.84055 17.784 0.018
4547.90560 17.784 0.019
4548.78434 17.818 0.025
4548.87697 17.855 0.024
4548.90634 17.816 0.029
4550.76062 17.865 0.027
4550.90212 17.865 0.021
4551.72322 17.743 0.024
4551.82228 17.811 0.020
4552.82760 17.794 0.041
4556.79484 17.821 0.017
4557.81789 17.808 0.018
4558.78651 17.776 0.015
4559.78511 17.832 0.017
4560.78551 17.785 0.020
4561.77443 17.808 0.015
4564.77858 17.664 0.013
4565.76317 17.680 0.014
4566.76403 17.730 0.015
4567.76298 17.751 0.017
4568.77220 17.698 0.014
4569.78218 17.653 0.016
4570.77258 17.636 0.015
4571.76328 17.659 0.018
4572.78644 17.715 0.018
4573.77405 17.717 0.017
4574.77647 17.713 0.017
4575.78519 17.782 0.021
4577.87417 17.718 0.020
4578.82781 17.767 0.025
4583.77996 17.780 0.022
4585.67963 17.904 0.030
4586.89600 17.820 0.021
4587.64908 17.757 0.022
4588.62901 17.820 0.025
4589.79270 17.819 0.020
4590.62984 17.927 0.031
4591.78873 17.794 0.018
4592.70040 17.793 0.018
4593.68945 17.785 0.017
4594.71075 17.809 0.020
4595.70303 17.848 0.018
4596.69501 17.803 0.018
4597.71967 17.799 0.017
4598.69575 17.801 0.014
4599.66829 17.816 0.019
4600.68064 17.801 0.015
4601.68330 17.697 0.014
4602.67568 17.754 0.015
4603.89868 17.807 0.020
4606.68365 17.805 0.020
4610.78697 17.749 0.027
4611.66255 17.845 0.019
4611.85346 17.795 0.020
4612.68699 17.807 0.020
4615.82955 17.875 0.025
4616.64546 17.806 0.019
4617.74228 17.747 0.019
4618.68636 17.746 0.019
4622.55858 17.908 0.031
4622.84513 17.792 0.022
4623.70671 17.822 0.021
4624.62831 17.854 0.024
4625.54149 17.946 0.032
4626.66357 17.694 0.019
4627.60166 17.749 0.018
4628.60447 17.809 0.018
4629.66922 17.795 0.017
4630.60270 17.793 0.019
4631.62768 17.784 0.016
4632.61233 17.818 0.018
4633.60806 17.810 0.018
4638.79193 17.809 0.021
4639.61306 17.744 0.018
4640.62994 17.765 0.017
4641.71243 17.803 0.020
4642.62848 17.793 0.016
4643.59464 17.825 0.019
4644.65600 17.847 0.020
4645.56845 17.780 0.019
4646.56495 17.769 0.016
4647.55857 17.790 0.020
4648.56303 17.794 0.020
4649.56511 17.843 0.018
4650.59782 17.785 0.021
4651.56931 17.826 0.020
4652.54211 17.804 0.024
4653.53607 17.811 0.023
4654.57523 17.809 0.019
4655.53590 17.772 0.021
4656.53783 17.793 0.018
4657.76633 17.829 0.025
4658.69650 17.829 0.026
4660.64928 17.774 0.021
4661.52594 17.806 0.021
4665.69370 17.839 0.025
4666.59895 17.827 0.023
4670.66386 17.691 0.019
4671.71107 17.771 0.019
4672.54481 17.766 0.015
4674.55071 17.748 0.020
4677.52739 17.799 0.020
4678.64358 17.808 0.017
4681.47345 17.805 0.023
4682.51705 17.806 0.018
4683.55558 17.794 0.022
4684.54887 17.802 0.018
4685.53922 17.842 0.021
4686.54021 17.835 0.023
4687.54026 17.788 0.020
4688.53347 17.775 0.019
4693.70178 17.801 0.020
4694.47318 17.834 0.035
4697.53706 17.786 0.021
4698.54595 17.813 0.019
4699.55725 17.838 0.023
4700.55847 17.792 0.020
4701.54139 17.823 0.025
4702.55630 17.821 0.021
4703.62369 17.851 0.024
4705.60766 17.874 0.024
4707.65284 17.747 0.021
4709.55159 17.775 0.025
4710.59217 17.881 0.029
4716.62443 17.822 0.038
4721.54233 17.778 0.026
4724.54923 17.794 0.022
4725.57682 17.865 0.026
4730.61133 17.812 0.023
4733.63279 17.837 0.022
4739.52401 17.850 0.023
4743.58553 17.794 0.024
4748.52915 17.760 0.027
4754.50085 17.850 0.030
4758.54965 17.809 0.027
4768.51413 17.900 0.040
4768.53738 17.765 0.031
4768.54678 17.909 0.036
4768.55314 17.830 0.035
4769.49800 17.877 0.046
4771.50001 17.856 0.044
4772.50866 17.774 0.026
4773.50944 17.757 0.025
4774.52021 17.807 0.034
4778.53304 17.685 0.034
4779.52537 17.617 0.023
4874.86343 17.768 0.022
4877.89397 17.767 0.021
4884.89046 17.798 0.019
4887.86289 17.772 0.016
4891.81943 17.747 0.021
4897.80876 17.814 0.019
4899.90412 17.823 0.019
4900.81529 17.821 0.021
4902.79232 17.788 0.020
4904.82065 17.824 0.017
4906.84312 17.817 0.022
4910.84972 17.787 0.017
4911.81485 17.807 0.013
4912.90508 17.777 0.014
4914.81438 17.799 0.018
4919.73108 17.672 0.015
4925.73448 17.795 0.018
4927.75059 17.817 0.021
4929.75017 17.746 0.021
4930.88941 17.812 0.021
4931.73420 17.882 0.029
4932.86714 17.869 0.020
4933.86187 17.778 0.021
4938.73136 17.784 0.019
4939.75439 17.803 0.020
4941.71077 17.811 0.019
4942.81524 17.789 0.016
4943.82328 17.790 0.018
4944.83912 17.789 0.016
4945.73267 17.834 0.019
4950.81484 17.806 0.018
4953.69743 17.807 0.018
4954.69161 17.775 0.017
4955.69860 17.796 0.018
5264.84100 18.030 0.036
5268.77925 17.969 0.030
5271.77332 17.964 0.022
5273.78260 17.931 0.020
5277.77071 17.981 0.021
5279.88915 17.939 0.019
5283.74980 17.977 0.027
5285.87578 17.938 0.023
5288.74187 17.954 0.025
5292.89942 17.973 0.025
5294.73687 17.959 0.019
5294.92284 17.933 0.022
5296.78063 17.962 0.018
5297.81459 17.937 0.017
5298.85315 17.961 0.018
5299.83756 17.977 0.015
5301.76668 17.942 0.018
5303.92799 17.954 0.021
5306.69998 17.940 0.019
5307.70208 17.935 0.020
5308.69339 17.952 0.021
5309.75618 17.970 0.019
5310.77130 17.980 0.021
5311.86612 17.961 0.018
5312.86133 17.968 0.022
5313.88971 17.936 0.024
5314.82405 17.934 0.021
5315.76352 17.934 0.034
5316.71662 17.857 0.029
5319.85668 17.992 0.055
5320.75730 17.966 0.029
5321.67390 17.969 0.031
5321.89858 17.951 0.023
5323.81242 17.949 0.020
5324.74656 17.934 0.019
5325.86317 17.940 0.022
5326.78706 17.941 0.017
5327.70281 17.962 0.019
5327.92812 17.954 0.021
5328.85940 17.930 0.020
5334.76652 17.929 0.020
5335.75077 17.942 0.018
5336.79613 17.972 0.021
5337.85018 17.934 0.025
5338.84991 17.963 0.035
5339.88213 17.947 0.039
5340.82546 18.024 0.030
5341.68719 17.974 0.024
5342.58556 17.934 0.040
5342.77949 18.008 0.027
5343.60530 17.984 0.040
5343.79708 17.980 0.053
5348.71777 17.980 0.025
5348.94334 17.924 0.056
5350.63415 17.981 0.028
5351.69402 17.917 0.022
5352.70601 17.935 0.018
5353.67931 17.936 0.017
5354.61728 17.954 0.021
5355.57505 17.991 0.022
5355.88941 17.972 0.032
5358.70044 17.932 0.022
5359.61140 17.950 0.024
5359.84764 17.938 0.029
5362.73541 17.926 0.021
5364.71074 17.930 0.022
5364.86186 17.973 0.023
5365.82076 17.966 0.024
5369.77688 17.995 0.038
5376.75177 17.971 0.027
5377.65206 17.926 0.017
5377.67310 17.939 0.021
5378.49585 17.904 0.020
5378.80404 17.761 0.019
5379.69225 17.821 0.018
5380.80248 17.891 0.025
5381.67742 17.967 0.024
5382.54143 17.951 0.028
5382.74808 17.933 0.024
5385.50017 17.901 0.019
5385.60213 17.940 0.019
5385.69274 17.875 0.020
5385.79078 17.910 0.021
5386.77196 17.934 0.019
5387.75430 17.955 0.019
5388.64321 17.967 0.018
5389.53460 17.952 0.022
5390.54242 17.931 0.026
5390.79959 17.975 0.019
5391.76165 17.947 0.024
5392.63215 17.962 0.020
5393.69379 17.985 0.023
5396.57518 17.962 0.031
5397.65324 17.994 0.030
5403.62524 17.931 0.022
5404.49682 17.928 0.023
5404.69415 17.939 0.025
5405.70983 17.922 0.025
5407.56283 17.951 0.023
5407.75667 17.976 0.027
5408.68624 17.935 0.025
5409.59658 17.955 0.018
5410.59968 17.961 0.018
5411.63585 17.926 0.017
5412.61994 17.931 0.023
5413.62771 17.982 0.018
5414.67237 17.964 0.019
5418.58369 17.955 0.017
5421.61342 17.965 0.018
5422.63221 17.954 0.018
5425.52474 17.946 0.021
5430.51850 17.914 0.027
5431.51957 17.985 0.023
5433.69822 17.962 0.044
5434.69613 17.911 0.026
5435.69934 17.958 0.024
5437.67870 17.967 0.023
5439.55922 17.975 0.026
5443.57303 17.966 0.025
5444.59438 17.968 0.025
5445.68335 17.941 0.022
5447.49125 17.946 0.017
5448.55030 17.939 0.024
5448.56509 17.997 0.025
5450.50929 17.942 0.024
5451.63583 17.868 0.027
5457.51797 17.773 0.018
5458.56190 17.774 0.023
5459.59540 17.773 0.021
5460.60809 17.943 0.043
5462.48613 17.840 0.023
5463.59290 17.864 0.022
5464.55264 17.830 0.022
5465.48708 17.908 0.029
5468.55699 17.952 0.026
5471.53865 17.930 0.023
5472.58855 17.935 0.025
5476.55321 17.919 0.035
5480.51119 17.992 0.025
5483.49890 17.990 0.049
5487.49715 17.932 0.022
5489.49603 17.917 0.037
5492.52152 17.944 0.041
5497.49982 17.993 0.036
5596.86155 17.942 0.023
5596.88493 18.039 0.041
5597.85644 17.897 0.020
5606.88789 17.980 0.027
5614.86818 17.889 0.022
5620.85254 17.966 0.022
5624.81369 17.906 0.023
5625.77574 17.954 0.032
5627.80052 17.962 0.026
5629.77936 17.976 0.029
5630.76935 17.952 0.024
5632.76685 17.921 0.041
5634.75408 17.939 0.026
5635.82663 17.939 0.028
5638.74490 17.956 0.039
5639.75790 17.923 0.028
5639.83356 17.938 0.024
5639.90923 17.954 0.024
5640.83066 17.913 0.025
5641.75679 18.006 0.030
5641.87691 17.948 0.020
5642.79865 17.929 0.022
5643.74478 17.946 0.028
5643.82250 17.912 0.022
5644.74551 17.927 0.038
5644.85916 17.927 0.033
5648.73163 17.938 0.027
5648.84025 17.932 0.018
5649.73597 17.909 0.025
5649.84613 17.954 0.016
5650.72843 17.973 0.023
5650.83470 17.995 0.018
5651.75434 18.002 0.021
5651.86663 17.942 0.021
5652.79486 17.972 0.018
5653.76072 17.942 0.017
5654.76381 17.989 0.021
5654.85574 17.966 0.018
5655.76864 17.964 0.022
5655.84485 17.930 0.016
5656.80190 17.963 0.019
5657.76525 17.932 0.017
5657.84494 17.958 0.015
5658.75607 17.969 0.029
5658.85706 17.902 0.017
5659.71374 17.979 0.023
5659.78992 17.973 0.019
5659.87583 17.943 0.019
5660.76355 17.961 0.020
5660.86043 17.982 0.021
5662.75486 17.948 0.025
5662.85523 17.968 0.019
5663.75310 17.989 0.021
5664.80156 17.987 0.020
5664.90533 17.951 0.020
5665.78799 17.951 0.018
5665.90002 17.916 0.018
5667.82761 17.929 0.018
5668.83263 17.798 0.021
5669.81619 17.760 0.020
5670.80419 17.763 0.021
5671.77379 17.776 0.019
5675.87305 17.818 0.018
5676.77886 17.850 0.016
5677.73551 17.841 0.017
5677.92250 17.847 0.016
5679.84426 17.893 0.018
5680.72472 17.900 0.021
5680.91041 17.856 0.017
5681.80527 17.936 0.021
5682.70487 17.907 0.023
5682.92448 17.977 0.023
5683.87913 17.938 0.020
5684.78254 17.914 0.017
5685.76895 17.988 0.016
5686.65668 17.994 0.026
5686.86506 17.917 0.021
5687.75414 17.943 0.017
5688.92886 17.925 0.028
5690.65622 17.940 0.021
5690.86988 17.966 0.028
5691.79219 17.971 0.020
5692.68490 18.011 0.021
5692.86055 17.926 0.021
5693.70883 17.936 0.019
5693.88243 17.937 0.022
5694.71415 17.956 0.019
5694.89016 17.944 0.023
5695.76643 17.942 0.017
5695.92979 17.966 0.025
5696.75752 17.986 0.020
5696.94025 18.001 0.050
5697.76346 17.973 0.021
5698.76314 18.005 0.027
5698.92853 17.914 0.036
5705.72643 17.975 0.023
5706.87444 17.941 0.034
5707.73748 17.978 0.023
5707.89854 17.937 0.027
5708.73014 17.944 0.017
5709.56167 17.980 0.025
5712.59762 17.953 0.026
5712.60027 17.988 0.023
5712.80623 17.958 0.020
5713.82092 17.976 0.022
5715.55920 17.948 0.023
5715.76494 17.923 0.016
5716.59170 17.966 0.027
5716.60434 17.941 0.020
5716.61906 17.943 0.020
5716.63168 17.963 0.020
5716.82829 17.966 0.021
5721.71282 17.966 0.021
5721.91385 17.956 0.039
5722.76675 17.961 0.019
5723.63532 18.008 0.021
5723.80345 17.970 0.019
5724.66362 17.984 0.024
5725.56590 17.920 0.022
5725.77939 17.951 0.022
5734.66356 17.921 0.030
5734.84580 17.945 0.029
5735.79248 17.943 0.021
5736.54166 17.938 0.021
5736.70883 17.947 0.016
5737.53746 17.958 0.021
5737.72704 17.933 0.015
5737.89459 17.960 0.025
5738.75280 17.950 0.018
5739.62272 17.974 0.019
5739.81079 17.985 0.024
5740.62447 17.919 0.022
5740.81150 18.013 0.025
5741.58199 17.969 0.020
5741.76058 17.901 0.017
5742.50886 17.980 0.025
5742.69336 17.977 0.018
5742.84882 17.947 0.020
5743.74327 17.931 0.022
5744.50111 17.925 0.031
5744.67696 17.911 0.018
5745.49023 17.933 0.028
5745.66534 17.957 0.019
5746.70509 17.928 0.020
5747.58874 18.025 0.045
5747.76554 17.971 0.029
5749.54103 17.913 0.023
5749.70761 17.970 0.024
5752.58536 17.942 0.028
5753.71315 17.990 0.035
5759.83542 17.975 0.034
5760.48089 17.913 0.033
5760.67464 17.980 0.023
5762.54031 17.961 0.022
5762.69636 18.003 0.024
5763.57629 17.923 0.016
5763.76204 17.940 0.024
5764.57942 17.914 0.019
5764.78591 17.896 0.021
5765.65023 17.943 0.018
5766.50995 17.973 0.021
5766.69632 17.945 0.019
5767.57450 17.947 0.021
5767.78258 17.937 0.028
5768.63669 17.948 0.018
5769.47365 17.892 0.024
5769.67797 17.968 0.020
5770.75402 17.956 0.024
5776.60894 17.941 0.027
5777.52599 17.971 0.018
5777.77335 17.976 0.023
5779.60105 17.940 0.021
5785.62816 17.966 0.029
5786.57178 17.979 0.029
5787.60792 17.955 0.023
5788.50736 17.923 0.025
5788.69296 18.006 0.038
5790.59073 17.991 0.025
5791.47728 17.995 0.032
5793.59747 18.014 0.025
5794.47946 17.951 0.030
5794.67808 17.956 0.021
5795.72534 17.947 0.024
5796.65236 17.977 0.023
5801.57377 17.948 0.024
5802.56496 17.988 0.026
5804.55730 17.971 0.023
5805.50723 17.964 0.017
5806.50040 17.920 0.025
5807.63713 18.009 0.026
5812.61953 17.971 0.029
5813.60311 17.995 0.022
5815.57137 17.933 0.018
5816.55176 17.934 0.025
5817.55276 17.974 0.027
5818.53419 17.990 0.027
5819.54288 17.952 0.025
5820.51155 17.900 0.028
5822.51213 17.917 0.029
5822.60070 17.943 0.023
5823.53216 17.976 0.027
5823.61926 17.972 0.032
5824.55558 17.978 0.021
5824.63322 17.962 0.025
5825.57215 17.980 0.025
5826.49529 17.977 0.027
5826.58265 17.886 0.028
5827.52135 17.957 0.031
5827.60174 17.956 0.030
5828.53486 17.915 0.020
5828.61013 17.919 0.023
5829.54554 17.942 0.021
5829.62163 17.986 0.027
5830.55855 18.024 0.026
5831.53073 17.927 0.020
5831.60399 17.957 0.027
5832.55368 17.968 0.027
5833.51178 17.946 0.021
5833.58951 17.954 0.029
5834.54893 17.938 0.021
5835.53241 17.980 0.034
5836.52949 17.943 0.033
5836.59296 17.905 0.034
5839.55347 17.931 0.041
5840.49928 17.907 0.028
5840.60019 17.953 0.028
5841.52690 18.001 0.032
5841.60623 17.975 0.035
5842.57690 18.010 0.036
5843.52989 17.903 0.025
5844.55374 18.017 0.033
5845.51421 17.966 0.030
5845.59496 17.899 0.030
5846.55664 18.001 0.036
5851.54331 17.958 0.024
5852.49349 17.941 0.038
5855.54647 17.966 0.031
5856.55358 17.897 0.035
5858.52585 17.899 0.040
5860.49863 18.018 0.032
5861.52181 17.950 0.033
5969.87764 17.920 0.022
5972.89380 17.927 0.032
5977.83180 17.936 0.025
5978.84625 17.948 0.024
5979.85714 17.988 0.026
5981.88555 17.932 0.021
5982.89070 17.948 0.019
5983.88388 17.958 0.016
5984.86802 17.955 0.017
5985.85205 17.949 0.022
5986.83330 18.004 0.023
5987.80664 17.778 0.025
5987.89805 17.810 0.017
5988.88552 17.840 0.017
5989.86055 17.939 0.026
5990.82507 17.937 0.021
5991.79867 17.907 0.027
5991.89312 17.936 0.018
5992.85863 17.954 0.020
5993.83830 17.892 0.024
5994.79238 17.953 0.027
5994.89750 17.948 0.021
5995.77624 17.938 0.025
5995.91001 18.043 0.031
5996.85206 17.928 0.018
5997.80788 17.950 0.022
5997.89423 17.937 0.018
5998.84581 17.952 0.018
5999.77463 18.014 0.035
5999.86778 17.964 0.021
6003.85608 17.941 0.026
6004.78792 17.953 0.023
6004.88427 17.968 0.021
6005.80553 17.953 0.019
6005.91087 17.963 0.016
6006.84215 17.968 0.018
6007.75150 17.949 0.019
6007.85156 17.987 0.020
6008.74681 17.932 0.021
6008.83628 17.985 0.021
6009.74755 17.956 0.024
6009.84699 17.950 0.017
6010.73878 18.018 0.029
6010.83012 17.920 0.018
6010.91777 17.937 0.023
6011.82771 17.978 0.029
6012.74016 17.884 0.021
6012.83437 17.950 0.018
6012.92151 17.934 0.021
6013.81882 17.922 0.016
6013.92252 17.984 0.036
6014.79496 17.978 0.018
6014.89409 17.950 0.020
6015.77296 17.947 0.017
6015.84007 17.964 0.015
6016.75470 17.961 0.017
6016.83460 17.934 0.017
6017.74275 17.911 0.016
6017.81921 17.963 0.015
6017.91915 17.925 0.018
6018.80810 17.932 0.024
6018.91380 17.987 0.016
6019.78722 17.927 0.018
6019.88235 17.962 0.017
6020.74172 18.007 0.020
6020.83560 17.952 0.015
6020.91546 17.953 0.020
6021.76447 17.910 0.020
6021.84222 17.895 0.015
6022.71321 17.962 0.033
6022.78950 17.985 0.019
6022.88572 17.899 0.018
6023.74581 17.998 0.023
6023.82569 17.918 0.017
6024.70417 17.893 0.030
6024.78275 17.993 0.023
6024.89529 17.967 0.020
6025.76884 18.012 0.027
6025.86246 17.946 0.022
6029.89424 17.958 0.021
6031.89093 17.944 0.029
6032.83486 17.931 0.018
6033.75948 17.959 0.022
6034.70745 17.917 0.019
6035.84172 17.975 0.018
6036.83485 17.945 0.014
6037.78373 17.954 0.021
6038.75282 17.932 0.020
6039.74693 17.916 0.023
6040.73872 17.999 0.023
6040.92293 18.028 0.022
6041.87627 17.996 0.019
6046.92151 17.960 0.020
6047.82448 17.905 0.024
6048.76589 17.943 0.018
6049.68254 17.948 0.022
6049.87703 18.003 0.019
6050.77098 17.928 0.018
6051.64781 17.936 0.026
6052.76537 17.942 0.024
6052.92302 17.941 0.021
6053.79647 17.979 0.023
6054.89049 17.876 0.040
6058.82070 17.901 0.021
6059.71144 17.954 0.020
6059.88733 17.981 0.020
6061.78633 17.926 0.017
6062.65501 17.979 0.028
6062.83722 17.929 0.019
6063.80639 17.940 0.028
6064.72910 17.922 0.016
6064.91393 17.936 0.019
6065.74885 17.911 0.016
6066.67725 17.932 0.017
6066.86032 17.913 0.017
6067.66423 17.918 0.018
6067.84139 17.877 0.015
6068.66742 17.990 0.019
6068.88679 17.958 0.017
6069.62057 17.931 0.019
6069.82756 17.910 0.016
6070.62853 17.936 0.025
6070.80505 17.937 0.018
6071.60316 17.976 0.019
6071.76893 17.957 0.022
6071.93753 17.964 0.029
6075.75718 17.964 0.016
6076.61519 17.983 0.021
6076.80005 17.984 0.017
6077.71427 17.979 0.020
6077.91606 17.947 0.020
6078.72464 17.955 0.018
6078.89953 17.976 0.020
6079.69806 17.960 0.019
6079.89342 17.916 0.017
6080.66081 17.962 0.023
6080.83838 17.938 0.022
6081.61810 17.952 0.030
6081.79141 17.940 0.019
6082.61203 17.969 0.033
6082.81649 17.904 0.036
6085.62683 17.975 0.022
6085.78717 17.896 0.020
6086.55877 17.947 0.022
6086.73122 17.953 0.017
6086.91496 17.859 0.032
6087.82190 17.905 0.020
6088.66457 17.785 0.014
6089.77863 17.854 0.018
6092.62476 17.805 0.016
6092.91213 17.762 0.027
6093.70499 17.825 0.017
6094.57903 17.850 0.024
6094.76501 17.774 0.019
6096.57618 17.792 0.020
6096.77654 17.847 0.020
6097.67965 17.802 0.019
6097.86833 17.805 0.021
6098.66183 17.890 0.023
6098.84264 17.841 0.020
6100.51700 17.909 0.028
6100.71065 17.916 0.017
6100.87567 17.854 0.026
6101.64047 17.902 0.016
6101.82419 17.942 0.023
6102.62385 17.923 0.019
6102.78069 17.931 0.018
6103.53163 17.919 0.020
6103.71071 17.948 0.018
6104.53227 17.937 0.018
6104.69538 17.939 0.016
6104.86403 17.926 0.025
6105.62742 17.979 0.018
6106.62728 17.964 0.027
6108.62295 17.987 0.022
6108.79498 17.984 0.022
6109.57456 17.882 0.056
6109.78752 17.977 0.034
6113.59179 17.978 0.025
6113.75010 17.972 0.024
6114.59993 17.951 0.024
6114.77155 17.925 0.022
6115.53630 17.953 0.020
6115.75166 17.981 0.024
6116.57778 17.958 0.016
6116.75885 17.975 0.021
6117.55472 17.945 0.018
6117.73350 17.955 0.020
6118.50736 17.913 0.021
6118.69593 17.953 0.015
6118.83972 17.942 0.023
6119.64875 17.921 0.016
6119.79247 17.933 0.021
6120.67946 17.954 0.017
6121.47807 17.984 0.018
6121.65828 17.927 0.014
6123.51557 17.909 0.026
6123.69151 17.983 0.018
6124.48695 17.951 0.025
6124.69845 17.914 0.017
6125.70124 17.930 0.019
6126.53008 17.980 0.020
6126.73687 18.009 0.022
6127.65877 18.022 0.021
6128.63194 17.972 0.017
6131.50564 17.983 0.023
6131.78297 18.007 0.023
6132.76298 17.919 0.021
6133.69259 17.955 0.023
6134.59359 17.926 0.027
6135.56481 17.938 0.022
6135.78262 17.966 0.023
6140.56977 17.908 0.029
6140.74300 17.924 0.044
6141.59746 17.964 0.029
6141.76347 17.972 0.028
6143.53583 17.899 0.025
6147.64990 17.953 0.027
6148.59616 17.941 0.016
6149.60644 17.919 0.022
6150.63967 18.030 0.020
6151.62254 17.927 0.022
6152.50001 17.970 0.021
6152.70656 17.938 0.017
6154.68129 17.916 0.021
6158.51637 17.941 0.017
6158.69810 17.986 0.021
6159.62956 17.954 0.020
6160.62058 17.898 0.018
6161.51632 17.944 0.024
6164.49368 18.053 0.021
6164.70579 18.033 0.043
6165.63375 18.046 0.028
6165.66075 17.866 0.024
6165.68877 18.010 0.034
6165.71326 17.920 0.033
6166.51310 17.923 0.024
6166.55986 17.933 0.024
6166.61515 17.851 0.022
6166.66864 17.924 0.020
6167.50316 17.967 0.022
6167.68448 17.994 0.047
6168.60153 17.926 0.019
6169.49495 17.963 0.023
6169.67849 17.974 0.028
6171.58842 17.940 0.021
6171.63976 17.954 0.042
6172.60967 17.970 0.018
6174.58137 17.899 0.027
6175.55944 17.933 0.022
6179.50771 17.989 0.031
6179.54749 17.986 0.025
6180.52123 17.971 0.023
6181.48122 17.976 0.025
6182.48231 17.947 0.023
6183.49203 17.967 0.023
6184.58838 17.925 0.017
6185.48401 17.961 0.017
6186.49496 17.930 0.023
6190.53131 17.924 0.021
6191.58358 17.955 0.021
6195.53478 17.913 0.021
6195.61277 17.970 0.023
6196.53267 17.965 0.029
6196.61444 17.966 0.031
6197.53407 17.906 0.023
6198.50224 17.916 0.036
6199.56311 18.037 0.037
6201.51543 17.906 0.034
6203.50591 18.048 0.027
6204.54908 17.928 0.022
6205.49036 17.994 0.026
6205.57155 17.941 0.021
6208.51588 17.893 0.026
6210.54277 17.920 0.021
6211.49283 18.001 0.024
6211.57367 18.004 0.023
6212.49290 18.044 0.025
6212.56980 17.928 0.023
6213.52221 17.986 0.023
6214.49613 17.959 0.023
6216.50188 18.037 0.025
6217.52509 17.971 0.019
6218.50977 17.936 0.026
6219.51713 17.968 0.017
6221.51576 17.935 0.032
6221.54318 17.956 0.036
6223.55836 17.958 0.032
6226.50365 17.974 0.031
6231.50435 17.977 0.033
6233.53598 17.928 0.031
6238.51272 17.961 0.033
6334.87984 18.000 0.022
6335.86009 17.932 0.021
6337.87118 17.925 0.023
6338.84967 17.905 0.023
6338.89329 17.923 0.025
6340.85581 17.956 0.019
6341.89460 17.944 0.027
6343.86043 17.854 0.022
6344.86117 17.971 0.016
6345.88046 17.958 0.018
6347.88320 17.960 0.020
6348.88060 17.954 0.018
6349.88828 17.999 0.028
6350.89993 18.007 0.027
6352.89728 17.999 0.020
6353.88595 17.968 0.018
6354.89057 17.941 0.018
6360.80967 17.964 0.017
6360.89605 17.984 0.017
6361.87026 17.941 0.018
6362.90818 17.989 0.025
6363.88266 17.911 0.016
6367.88348 17.940 0.014
6368.83428 17.967 0.018
6368.91394 17.974 0.029
6369.84444 17.945 0.016
6370.79663 17.969 0.017
6370.88862 17.987 0.018
6371.81014 18.003 0.017
6371.90198 17.985 0.016
6372.81240 17.986 0.017
6372.89469 17.969 0.016
6373.82932 17.964 0.018
6373.90839 17.904 0.020
6374.83558 17.967 0.020
6374.91660 17.959 0.020
6375.85057 17.918 0.015
6376.75816 17.992 0.023
6376.84665 17.978 0.018
6377.75660 17.940 0.020
6377.85839 17.990 0.016
6378.76572 17.920 0.022
6378.85348 17.962 0.018
6379.76210 17.785 0.019
6379.85024 17.742 0.015
6380.75319 17.758 0.016
6380.85478 17.734 0.014
6381.77389 17.719 0.016
6381.86174 17.733 0.014
6382.76829 17.744 0.025
6382.84588 17.766 0.018
6386.76137 17.859 0.018
6386.86072 17.848 0.018
6387.75993 17.853 0.015
6387.84289 17.827 0.015
6388.78386 17.892 0.016
6388.89181 17.855 0.019
6389.75298 17.864 0.018
6389.84203 17.879 0.017
6390.71751 17.837 0.020
6390.79944 17.877 0.020
6390.88901 17.900 0.018
6391.80929 17.931 0.024
6393.80740 18.014 0.020
6394.77519 17.945 0.021
6395.72627 17.962 0.020
6395.90763 17.904 0.015
6395.92701 17.869 0.019
6396.86403 17.916 0.016
6397.80986 17.953 0.016
6398.71883 17.987 0.017
6398.90019 17.989 0.017
6399.82147 17.947 0.016
6400.79692 17.953 0.016
6401.74564 17.981 0.017
6401.91459 17.965 0.017
6402.84167 17.990 0.021
6403.74881 17.962 0.016
6403.93170 17.939 0.028
6404.85905 17.980 0.017
6405.84144 18.008 0.022
6405.87638 17.893 0.012
6406.89762 17.928 0.022
6407.80329 17.980 0.022
6408.75781 17.938 0.029
6409.87231 17.984 0.031
6415.81731 17.920 0.020
6416.70389 17.953 0.019
6416.92033 17.961 0.018
6417.81505 17.916 0.017
6418.67629 17.979 0.018
6418.84014 17.955 0.013
6419.72527 17.953 0.018
6419.90115 17.967 0.020
6420.74277 17.939 0.014
6420.92637 17.938 0.018
6422.71319 17.953 0.018
6423.66488 17.958 0.021
6423.86879 17.930 0.020
6424.71952 17.991 0.017
6424.91852 17.936 0.021
6426.82815 17.961 0.016
6427.92367 17.883 0.024
6428.61889 17.959 0.027
6428.81363 17.910 0.020
6431.59046 17.966 0.033
6431.80253 17.989 0.021
6432.63465 18.028 0.024
6432.82425 17.947 0.019
6433.62872 17.962 0.025
6433.82002 17.859 0.018
6434.71298 17.926 0.020
6434.90441 17.929 0.020
6435.75353 17.958 0.020
6435.93245 17.909 0.021
6436.74115 17.939 0.021
6436.91957 17.957 0.026
6441.71768 17.957 0.025
6441.77991 17.883 0.027
6442.56725 17.994 0.023
6442.75517 17.947 0.017
6442.91661 17.916 0.022
6443.62183 17.961 0.023
6444.70245 17.968 0.025
6444.76290 17.955 0.020
6444.94724 18.005 0.044
6445.76462 17.958 0.018
6446.56243 17.943 0.018
6446.75310 17.978 0.018
6446.94564 18.041 0.035
6447.71186 17.905 0.017
6447.88942 17.888 0.017
6448.65192 17.981 0.021
6448.83784 17.989 0.019
6449.61160 17.943 0.020
6449.79726 17.931 0.022
6450.54669 17.908 0.026
6450.74753 17.946 0.016
6450.92075 17.955 0.025
6451.67751 17.942 0.019
6451.86331 17.956 0.023
6452.64177 17.991 0.016
6452.87722 17.988 0.020
6454.65143 17.930 0.019
6454.83629 17.967 0.022
6455.62314 17.943 0.024
6456.61807 17.939 0.014
6456.80392 17.951 0.016
6457.77745 17.976 0.016
6458.56094 17.923 0.026
6458.73679 17.977 0.019
6458.90314 17.959 0.029
6459.69007 18.001 0.016
6459.86874 17.938 0.020
6460.75539 17.985 0.021
6461.62548 17.938 0.022
6461.84190 17.952 0.019
6462.70627 17.924 0.023
6463.56773 17.954 0.026
6463.75691 17.958 0.022
6464.57442 17.920 0.031
6464.75592 18.029 0.033
6468.56073 18.058 0.026
6468.75584 17.890 0.023
6469.62407 17.919 0.019
6469.84428 17.930 0.046
6472.62273 18.003 0.025
6472.80401 17.939 0.024
6473.57925 17.943 0.021
6473.76513 17.972 0.018
6474.69817 17.949 0.021
6475.48865 17.972 0.027
6475.68605 17.984 0.019
6475.85862 17.976 0.029
6476.62450 17.967 0.020
6477.61747 17.896 0.020
6478.66988 17.880 0.022
6479.74908 17.941 0.022
6480.63108 17.954 0.020
6480.81580 17.972 0.026
6481.64362 17.961 0.021
6482.80353 17.910 0.033
6484.53710 18.026 0.022
6485.64207 17.978 0.016
6486.57624 17.929 0.017
6486.78673 17.967 0.018
6487.57588 17.944 0.015
6487.77567 17.954 0.016
6490.65323 17.949 0.019
6492.53461 17.964 0.023
6492.72482 17.963 0.023
6498.48576 17.944 0.017
6498.66573 17.990 0.018
6499.49957 17.969 0.020
6500.65147 17.950 0.031
6501.63955 17.991 0.020
6504.65390 17.947 0.024
6505.55159 17.941 0.021
6505.75009 17.925 0.024
6506.68788 17.956 0.027
6507.73824 18.046 0.029
6508.64732 17.989 0.017
6509.57137 17.945 0.015
6509.73872 17.946 0.024
6510.62894 17.935 0.016
6511.57233 17.930 0.021
6512.73761 17.948 0.027
6514.69872 17.952 0.019
6516.63597 17.980 0.020
6518.64779 17.964 0.020
6519.60106 17.952 0.019
6523.53073 17.976 0.023
6523.68646 17.939 0.031
6524.63552 18.006 0.027
6525.64442 17.893 0.031
6528.57814 17.997 0.030
6531.47915 17.846 0.026
6532.48090 18.003 0.022
6533.49201 17.976 0.025
6534.57163 17.994 0.022
6536.49498 17.919 0.018
6538.58547 17.918 0.023
6539.64272 18.006 0.023
6543.50220 17.968 0.025
6545.58911 17.957 0.019
6546.63678 17.876 0.028
6558.49702 17.950 0.018
6559.54041 17.976 0.022
6560.59024 17.971 0.029
6562.54765 17.900 0.021
6563.57537 17.855 0.023
6564.51366 17.966 0.026
6564.59939 17.959 0.027
6567.55332 17.908 0.025
6568.54986 17.865 0.026
6569.51053 17.947 0.019
6569.59265 17.983 0.025
6570.57513 17.968 0.030
6571.58288 17.876 0.027
6572.54305 17.957 0.024
6573.51651 17.976 0.024
6576.51598 17.978 0.050
6576.58324 17.980 0.060
6577.57233 17.952 0.037
6579.52261 17.983 0.029
6580.53151 17.892 0.043
6581.52393 17.939 0.028
6582.50101 17.899 0.027
6584.48906 17.822 0.041
6585.49434 17.894 0.032
6586.49668 17.915 0.036
6594.50792 18.019 0.037
