5260.85336 18.715 0.035
5260.90029 18.760 0.037
5261.79151 18.858 0.044
5262.82995 18.851 0.100
5264.81438 18.927 0.046
5264.86760 19.247 0.054
5264.88488 19.116 0.048
5265.79053 19.536 0.066
5266.77867 20.572 0.191
5268.79175 21.665 0.444
5273.84752 20.622 0.144
5274.79627 21.816 0.483
5276.81684 20.397 0.109
5279.79365 21.825 0.636
5281.91750 21.841 0.712
5283.76251 21.183 0.430
5284.76449 21.232 0.421
5286.75136 21.873 0.749
5288.75436 21.625 0.511
5292.82453 21.561 0.768
5293.83250 21.441 0.321
5298.84997 21.643 0.332
5299.75899 18.971 0.027
5299.79652 18.841 0.023
5299.83442 18.937 0.026
5299.87276 18.975 0.028
5299.91351 19.040 0.033
5300.86771 19.813 0.061
5300.90848 19.822 0.068
5301.76353 20.715 0.146
5301.80103 21.274 0.239
5301.83849 21.629 0.358
5301.87720 21.350 0.268
5304.76317 21.819 0.547
5307.92789 21.968 0.625
5310.85893 21.862 0.403
5310.92835 21.997 0.593
5312.78983 21.646 0.489
5312.87211 21.984 0.642
5313.82273 21.482 0.509
5313.90063 21.759 0.576
5315.89451 21.584 0.580
5319.91182 21.401 0.791
5320.64247 21.785 0.555
5321.79238 21.818 0.584
5323.66592 21.344 0.429
5323.73217 21.926 0.681
5324.78085 21.426 0.362
5325.92829 21.693 0.545
5326.91372 21.659 0.455
5327.93912 21.744 0.982
5328.74072 21.528 0.370
5328.93302 20.778 0.288
5334.94124 21.547 0.810
5335.94126 20.855 0.469
5337.87389 21.786 0.700
5337.91252 21.739 0.655
5338.83580 21.062 0.450
5338.89540 21.683 0.893
5339.67063 21.595 0.567
5340.78121 21.531 0.464
5340.87518 21.644 0.599
5341.62522 21.702 0.506
5342.59661 21.709 0.890
5342.67157 20.899 0.313
5342.90552 20.969 0.384
5343.65250 21.938 0.962
5343.80713 21.577 0.516
5343.93429 21.657 0.824
5348.72743 21.818 0.607
5350.64374 21.757 0.676
5351.57996 21.684 0.549
5351.63742 21.967 0.506
5351.71571 21.078 0.218
5351.80032 21.073 0.317
5351.87843 20.555 0.233
5351.91640 21.528 0.545
5352.64101 18.750 0.032
5352.73195 18.644 0.027
5352.88458 18.595 0.032
5352.92220 18.668 0.037
5353.61966 19.106 0.044
5353.69977 19.230 0.039
5353.76962 19.232 0.045
5353.80768 19.194 0.041
5353.85218 19.384 0.059
5353.89646 19.472 0.074
5354.64458 20.264 0.111
5354.73275 20.438 0.139
5354.82850 20.438 0.142
5354.86886 20.940 0.260
5354.90744 20.202 0.180
5355.89897 21.033 0.348
5357.87092 21.557 0.661
5358.73111 21.940 0.559
5359.62076 21.560 0.532
5359.89637 21.226 0.431
5362.86208 21.969 0.693
5364.71963 21.410 0.349
5365.74048 21.841 0.469
5369.72858 21.681 0.696
5369.85266 20.428 0.227
5376.65853 21.528 0.711
5378.63370 21.806 0.444
5379.51614 21.254 0.323
5379.58578 21.607 0.376
5381.67421 21.009 0.270
5381.75066 21.206 0.519
5381.83571 21.232 0.483
5382.61292 21.974 0.664
5382.77025 21.536 0.721
5382.82095 21.442 0.594
5386.47831 21.808 0.604
5386.56051 21.743 0.491
5386.60757 21.941 0.456
5386.64396 21.386 0.322
5386.74341 21.280 0.232
5386.78168 20.930 0.173
5386.82469 20.634 0.161
5387.50393 18.734 0.028
5387.61293 18.738 0.022
5387.64770 18.755 0.020
5387.68716 18.749 0.026
5387.72579 18.863 0.026
5387.76655 18.874 0.032
5387.80776 18.891 0.039
5388.46773 19.552 0.098
5388.50533 19.580 0.067
5388.56524 19.578 0.065
5388.67765 19.546 0.053
5388.76433 19.654 0.065
5388.80758 19.768 0.088
5388.84645 19.798 0.116
5389.49504 20.966 0.258
5389.53318 21.249 0.299
5389.61851 21.283 0.233
5389.72375 21.086 0.243
5389.78412 20.624 0.202
5389.82465 21.131 0.286
5390.46950 21.078 0.400
5390.52432 21.807 0.737
5390.65192 21.196 0.281
5391.55708 20.952 0.321
5391.72592 21.551 0.381
5392.49444 21.537 0.465
5393.63967 21.113 0.280
5393.80104 21.810 0.691
5397.61758 21.162 0.424
5404.49543 21.709 0.526
5404.65290 21.776 0.536
5404.77597 21.904 0.837
5405.67035 21.277 0.380
5405.70844 21.029 0.310
5405.78352 21.071 0.318
5407.60051 21.766 0.657
5408.51417 21.623 0.654
5408.56585 21.443 0.481
5410.59656 21.299 0.262
5410.70344 21.333 0.335
5413.48009 20.971 0.350
5413.51947 21.685 0.392
5413.62630 21.881 0.394
5413.77155 21.989 0.883
5416.61677 21.272 0.349
5418.68402 21.400 0.392
5430.50206 20.692 0.288
5430.66689 21.291 0.618
5431.62318 21.146 0.392
5432.52772 20.927 0.551
5434.70583 21.670 0.671
5435.50528 21.833 0.610
5437.48634 21.884 0.439
5439.49128 21.165 0.377
5439.63171 21.491 0.486
5439.67750 21.995 0.892
5443.52400 21.998 0.592
5443.65046 21.882 0.545
5444.48256 21.977 0.790
5444.53326 21.215 0.369
5445.63973 21.696 0.420
5446.63901 21.232 0.323
5448.56056 21.186 0.309
5451.66117 20.705 0.227
5453.54007 21.459 0.593
5457.47328 21.631 0.932
5458.47478 20.717 0.481
5458.52356 20.714 0.324
5458.57380 21.286 0.462
5459.53685 21.484 0.477
5459.58899 21.071 0.329
5460.52638 21.294 0.444
5461.62165 20.891 0.508
5462.60665 21.043 0.340
5465.48411 21.120 0.432
5468.53590 21.753 0.595
5477.52107 18.082 0.028
5478.54425 18.248 0.029
5480.48722 18.353 0.045
5480.55625 18.482 0.038
5481.52695 18.586 0.057
5485.49798 18.749 0.063
5486.49533 19.021 0.081
5486.55726 18.757 0.065
5487.54174 19.128 0.061
5488.52890 19.638 0.105
5489.51528 20.834 0.349
5490.51544 20.401 0.307
5492.50065 21.113 0.611
5495.52928 20.986 0.364
5497.52854 21.487 0.567
5507.50520 20.345 0.429
5596.87523 21.694 0.616
5597.88166 20.978 0.547
5600.87007 18.835 0.036
5602.86448 20.066 0.143
5610.89296 21.246 0.453
5616.85383 21.699 0.658
5620.84220 21.541 0.421
5626.81212 21.643 0.878
5638.79195 21.465 0.510
5640.82592 21.877 0.623
5640.91449 21.417 0.636
5641.78042 18.950 0.041
5641.82280 18.852 0.039
5641.86099 18.763 0.036
5641.90569 18.789 0.043
5642.78273 18.925 0.049
5642.84177 19.046 0.046
5642.90161 19.188 0.064
5643.75726 19.820 0.118
5643.79548 19.922 0.122
5643.85532 20.377 0.147
5643.89618 20.153 0.105
5644.76119 20.530 0.389
5644.80182 21.494 0.530
5644.87617 20.669 0.294
5648.89677 21.987 0.590
5649.75280 21.178 0.280
5651.76553 21.196 0.236
5654.77590 21.682 0.395
5656.78503 21.988 0.521
5664.86990 21.921 0.666
5665.78337 21.825 0.473
5667.77206 21.308 0.341
5668.82847 21.210 0.500
5668.88558 21.020 0.453
5669.77430 21.641 0.525
5669.81307 21.884 0.578
5670.89466 21.346 0.409
5671.73023 21.689 0.565
5675.86983 21.952 0.490
5675.92277 21.670 0.531
5679.73762 21.412 0.285
5679.78957 21.543 0.368
5680.68324 21.523 0.426
5680.72164 21.348 0.416
5681.71183 21.611 0.383
5684.87658 21.573 0.375
5684.91681 21.385 0.325
5692.63179 21.245 0.591
5695.62970 20.057 0.151
5695.68239 19.896 0.131
5695.76480 19.418 0.059
5695.81395 18.945 0.035
5695.85290 18.771 0.026
5695.89064 18.677 0.027
5695.92825 18.550 0.029
5696.61868 18.185 0.028
5696.65983 18.177 0.026
5696.71663 18.124 0.021
5696.75597 18.137 0.020
5696.79780 18.093 0.018
5696.84080 18.138 0.020
5696.88269 18.136 0.022
5696.93870 18.103 0.037
5697.62797 18.229 0.026
5697.67537 18.253 0.027
5697.72297 18.048 0.022
5697.76189 18.218 0.024
5697.80530 18.052 0.020
5697.84293 18.259 0.023
5697.88757 18.073 0.022
5697.92831 18.257 0.027
5698.62064 18.312 0.041
5698.66843 18.075 0.031
5698.70884 18.442 0.043
5698.74874 18.208 0.031
5698.78879 18.288 0.033
5698.82992 18.271 0.028
5698.86778 18.297 0.031
5698.90935 18.488 0.051
5702.62816 19.069 0.168
5702.66225 18.629 0.102
5702.69872 18.815 0.147
5702.75072 18.755 0.087
5702.78142 18.494 0.069
5702.91486 18.820 0.102
5703.74436 18.707 0.048
5703.81527 18.763 0.068
5703.86493 18.790 0.071
5705.73722 19.079 0.053
5705.78006 18.952 0.043
5705.83153 19.109 0.052
5705.88530 18.889 0.065
5705.93443 19.006 0.084
5706.71345 18.998 0.054
5706.76912 19.156 0.052
5706.84135 19.264 0.075
5707.57676 19.469 0.079
5707.61422 19.489 0.076
5707.66127 19.299 0.055
5707.70902 19.328 0.055
5707.74752 19.416 0.057
5707.78828 19.459 0.055
5707.82802 19.440 0.062
5707.86779 19.329 0.062
5707.90814 19.715 0.114
5708.57343 20.009 0.160
5708.62309 20.040 0.171
5708.67922 20.107 0.117
5708.72848 20.531 0.139
5708.76947 20.091 0.126
5708.81815 20.626 0.205
5708.86346 20.863 0.318
5708.92206 20.245 0.294
5709.59753 21.344 0.351
5712.64641 20.937 0.258
5712.70745 21.814 0.444
5712.74826 21.346 0.284
5712.87645 21.828 0.609
5713.79293 21.499 0.344
5714.57976 21.968 0.885
5714.86817 20.879 0.342
5715.79047 21.772 0.392
5716.77256 21.886 0.515
5716.85198 21.676 0.638
5721.60651 21.983 0.698
5721.61894 21.199 0.319
5721.68386 21.709 0.465
5721.80377 20.255 0.116
5721.84488 21.372 0.408
5722.80351 21.308 0.323
5723.54475 21.563 0.636
5723.84010 21.435 0.359
5724.54006 19.441 0.109
5724.58314 19.399 0.084
5724.59738 19.417 0.077
5724.60996 19.341 0.071
5724.66065 19.394 0.067
5724.72204 19.350 0.060
5724.77187 19.275 0.055
5724.81292 19.305 0.060
5725.56291 19.847 0.104
5725.63031 20.197 0.120
5725.69694 20.373 0.117
5725.73753 20.636 0.166
5725.77641 20.547 0.168
5726.53945 21.642 0.874
5726.62434 21.803 0.736
5726.67167 21.252 0.426
5734.59742 20.974 0.375
5734.76755 21.330 0.447
5734.86123 21.923 1.065
5735.69454 21.753 0.549
5735.85254 21.205 0.389
5736.55281 21.495 0.408
5736.89666 21.486 0.547
5737.53601 21.695 0.465
5737.89311 21.995 0.728
5739.54245 21.368 0.414
5739.58067 21.656 0.458
5739.86272 21.964 0.800
5740.51662 21.937 0.704
5740.56129 20.943 0.318
5740.66491 21.130 0.283
5740.72561 21.837 0.565
5741.58054 21.745 0.412
5741.61834 21.504 0.349
5741.65639 20.989 0.200
5741.71759 21.607 0.335
5741.75914 21.410 0.260
5741.79757 20.850 0.164
5741.83559 20.708 0.167
5741.87375 21.494 0.348
5742.50743 19.220 0.060
5742.55039 19.298 0.058
5742.59150 19.249 0.050
5742.64007 19.375 0.047
5742.69186 19.387 0.044
5742.73084 19.387 0.042
5742.76886 19.572 0.050
5742.80717 19.501 0.051
5742.84738 19.547 0.059
5743.60264 20.044 0.142
5743.64114 19.975 0.104
5743.68206 21.050 0.238
5743.74184 21.298 0.329
5743.78005 20.802 0.251
5743.81808 20.480 0.166
5743.85580 20.526 0.240
5744.53775 21.681 0.542
5744.57623 21.900 0.693
5746.54137 21.305 0.471
5746.70213 21.438 0.324
5746.81992 21.225 0.379
5747.67701 21.333 0.414
5747.72001 21.413 0.463
5748.65647 21.339 0.316
5749.78293 21.625 0.536
5752.54609 20.729 0.300
5753.62556 20.757 0.642
5753.78697 21.701 1.149
5761.52105 20.883 0.159
5762.48531 21.618 0.492
5762.52593 21.536 0.445
5762.56410 21.639 0.475
5763.78611 21.416 0.510
5764.56446 21.726 0.444
5764.70292 21.752 0.391
5764.74903 21.960 0.575
5765.52612 21.611 0.459
5766.49572 21.899 0.599
5766.72444 21.849 0.594
5767.47285 21.332 0.526
5767.55980 21.742 0.491
5767.72551 21.767 0.547
5767.76759 21.997 0.849
5768.47206 20.366 0.153
5768.51239 20.266 0.124
5768.57274 19.626 0.059
5768.61554 19.413 0.052
5768.66220 19.219 0.038
5768.71236 19.101 0.034
5768.75265 19.118 0.049
5768.79133 19.145 0.049
5769.49753 19.486 0.067
5769.53871 19.445 0.049
5769.59382 19.693 0.066
5769.66115 19.583 0.051
5769.71065 19.498 0.055
5769.75302 19.850 0.087
5770.65356 20.431 0.174
5770.73827 21.278 0.318
5775.69676 20.769 0.197
5777.59080 21.992 0.613
5778.47765 21.469 0.597
5784.51127 20.692 0.351
5785.53962 20.632 0.303
5785.59207 20.791 0.272
5785.68222 20.402 0.221
5786.52298 20.800 0.353
5786.67198 21.703 0.676
5787.49109 21.841 0.652
5787.60651 21.964 0.596
5787.69046 21.553 0.512
5788.69157 20.840 0.400
5794.53788 21.522 0.364
5795.52877 21.816 0.692
5795.58587 21.303 0.435
5801.48139 21.424 0.376
5801.62312 21.523 0.541
5802.52205 21.832 0.646
5802.57890 21.069 0.300
5803.50972 21.494 0.413
5803.59100 21.949 0.781
5804.56698 21.605 0.369
5805.50552 21.564 0.321
5806.49857 20.957 0.311
5807.63571 21.277 0.461
5812.49862 21.576 0.750
5812.53892 21.619 0.790
5812.57815 21.823 0.813
5812.61809 20.776 0.327
5812.65778 20.472 0.535
5813.56198 21.960 0.618
5813.60020 21.517 0.393
5815.65345 21.811 0.534
5816.58869 21.468 0.481
5816.62671 21.659 0.909
5818.57078 20.920 0.313
5818.61110 21.866 1.004
5819.48331 21.616 0.556
5819.54148 21.424 0.424
5819.65530 21.784 0.864
5820.55714 21.045 0.281
5820.63277 21.882 0.966
5824.56524 21.546 0.381
5825.58191 21.444 0.438
5825.62425 21.762 0.704
5826.50505 21.553 0.530
5827.53113 20.604 0.262
5827.61154 21.447 0.560
5828.54450 21.086 0.263
5828.58214 21.840 0.618
5828.61686 21.117 0.341
5830.53052 21.636 0.380
5831.60258 21.070 0.381
5833.51036 21.034 0.258
5833.55024 21.208 0.282
5833.58807 21.410 0.499
5835.53097 20.662 0.288
5836.48452 19.825 0.203
5836.52807 19.349 0.106
5839.48425 21.101 0.490
5839.52416 20.016 0.157
5839.56310 20.358 0.224
5840.51235 21.117 0.375
5840.56479 20.933 0.287
5841.51024 21.271 0.516
5841.54982 20.687 0.266
5842.51224 20.198 0.235
5843.51383 21.505 0.546
5844.53760 21.074 0.393
5844.57839 21.093 0.511
5845.49849 20.423 0.225
5845.57865 20.669 0.419
5846.50235 21.814 1.002
5846.54034 20.618 0.381
5846.57918 21.055 0.648
5850.51306 21.706 0.493
5852.48985 20.721 0.435
5852.52980 20.835 0.436
5854.49335 21.829 1.171
5854.53655 20.590 0.255
5855.55033 20.867 0.373
5856.52237 21.869 0.936
5859.49353 20.964 0.566
5860.50703 20.884 0.339
5862.51508 20.818 0.295
5866.50758 19.939 0.231
5866.52307 20.704 0.478
5867.51076 21.771 0.695
5873.49744 20.653 0.569
5963.87886 21.245 0.404
5965.88130 21.288 0.373
5968.87934 21.450 0.512
5976.86561 18.896 0.038
5977.82369 19.392 0.067
5977.86451 19.688 0.081
5978.83656 21.026 0.271
5978.87495 20.942 0.215
5982.81410 21.457 0.361
5988.81797 21.484 0.470
5988.90565 21.713 0.842
5989.82842 20.896 0.242
5990.83296 21.158 0.259
5991.80663 21.953 0.780
5992.82456 21.229 0.321
5993.78929 21.783 0.902
5993.83209 21.766 0.817
5993.87195 21.538 0.440
5994.82633 20.888 0.268
5994.87704 21.413 0.413
5996.79574 21.885 0.648
5997.79120 21.301 0.440
5997.82718 21.721 0.515
5997.91327 21.182 0.503
5999.83644 21.705 0.475
5999.91237 21.017 0.282
6002.83742 21.269 0.533
6003.85284 20.897 0.310
6006.76094 21.682 0.383
6006.80399 21.665 0.332
6008.79641 21.715 0.438
6010.76326 21.307 0.358
6013.74997 21.392 0.359
6020.71376 21.551 0.493
6020.88607 21.775 0.375
6021.73521 21.076 0.293
6022.72284 21.367 0.426
6023.83757 21.207 0.280
6023.89993 21.791 0.526
6024.75080 21.411 0.448
6025.69862 21.470 0.738
6025.77820 21.846 0.649
6031.77898 20.095 0.111
6031.81839 20.404 0.136
6031.85963 20.010 0.100
6031.91085 20.112 0.169
6032.69504 21.148 0.351
6032.73536 21.133 0.250
6032.78336 21.568 0.341
6032.83160 21.629 0.374
6032.87482 20.970 0.177
6032.91564 21.492 0.297
6033.90886 21.927 0.602
6037.92202 21.866 0.711
6038.87117 21.678 0.364
6038.90683 21.562 0.399
6039.75798 21.455 0.440
6040.73712 21.259 0.350
6040.81819 21.608 0.393
6040.92135 21.627 0.385
6048.81199 21.513 0.318
6049.67944 21.440 0.355
6050.70759 21.296 0.334
6050.93487 21.047 0.460
6052.69203 21.231 0.361
6052.74963 21.176 0.318
6053.64944 20.790 0.402
6053.91575 21.669 1.036
6057.73767 20.565 0.469
6058.69148 21.389 0.368
6058.81897 21.397 0.385
6058.86220 21.437 0.379
6059.74636 21.390 0.368
6062.68267 21.837 0.569
6062.76077 21.595 0.438
6062.86170 21.389 0.377
6062.93758 21.877 0.779
6063.79133 20.918 0.334
6063.83054 21.465 0.511
6065.64807 21.696 0.488
6065.73449 21.908 0.415
6066.79155 21.342 0.285
6069.82602 21.420 0.235
6070.58847 21.908 0.650
6070.74295 21.903 0.407
6071.62705 21.545 0.343
6071.66796 21.455 0.287
6076.65384 21.978 0.589
6076.70048 21.557 0.303
6076.79706 21.085 0.210
6076.83542 21.800 0.530
6077.83142 21.971 0.476
6078.67185 21.023 0.253
6079.56099 21.766 0.605
6079.91920 21.271 0.336
6080.57045 21.417 0.482
6080.60841 21.317 0.411
6080.64669 20.693 0.209
6081.60402 21.006 0.346
6081.91408 21.669 0.797
6082.59610 20.668 0.357
6082.63483 20.761 0.411
6082.80194 20.746 0.388
6082.87699 21.287 0.754
6085.68396 21.187 0.323
6085.88975 21.017 0.444
6086.71502 21.705 0.330
6086.80844 21.931 0.545
6086.85697 21.605 0.484
6086.89838 21.777 0.722
6087.54676 20.615 0.235
6087.74567 20.947 0.231
6087.80687 21.761 0.514
6087.84656 21.909 0.681
6089.69308 21.497 0.332
6089.76422 21.825 0.473
6089.80469 21.267 0.319
6089.87107 21.629 0.452
6092.61074 21.932 0.475
6092.89558 21.084 0.379
6094.78878 21.611 0.436
6094.82878 21.775 0.521
6094.87510 20.569 0.230
6096.61604 21.929 0.517
6096.72299 21.668 0.437
6096.73579 21.590 0.442
6096.81434 20.735 0.225
6096.89609 20.472 0.245
6097.83824 21.746 0.625
6097.87867 21.505 0.544
6098.54889 20.600 0.205
6098.59768 20.168 0.135
6098.63520 19.973 0.108
6098.67363 19.815 0.080
6098.73665 19.224 0.047
6098.77484 18.863 0.032
6098.81591 18.782 0.038
6098.85398 18.558 0.031
6098.89064 18.623 0.049
6099.71225 18.360 0.029
6099.77900 18.394 0.029
6100.52687 18.350 0.028
6100.58491 18.277 0.029
6100.62240 18.234 0.020
6100.66953 18.269 0.017
6100.72090 18.201 0.021
6100.75930 18.359 0.023
6100.80701 18.190 0.025
6100.84769 18.302 0.035
6100.88784 18.175 0.025
6101.52362 18.334 0.025
6101.56160 18.278 0.024
6101.59912 18.292 0.022
6101.63745 18.324 0.021
6101.67723 18.339 0.018
6101.73913 18.182 0.017
6101.77795 18.411 0.021
6101.82121 18.211 0.022
6101.86416 18.504 0.034
6102.52595 18.308 0.033
6102.56336 18.415 0.029
6102.62087 18.397 0.024
6102.66025 18.113 0.017
6102.70079 18.402 0.023
6102.73895 18.190 0.016
6102.77775 18.421 0.021
6102.81828 18.225 0.021
6102.85846 18.405 0.030
6103.48721 18.472 0.038
6103.53018 18.507 0.029
6103.57029 18.380 0.025
6103.61041 18.521 0.025
6103.66877 18.382 0.021
6103.70913 18.580 0.024
6103.74933 18.554 0.026
6103.81543 18.437 0.025
6104.48803 18.586 0.033
6104.53083 18.608 0.026
6104.56889 18.443 0.023
6104.65323 18.383 0.019
6104.69371 18.601 0.021
6104.73395 18.398 0.017
6104.77258 18.582 0.023
6104.81390 18.461 0.021
6104.86256 18.568 0.032
6105.50824 18.661 0.042
6105.54129 18.804 0.049
6105.58160 18.569 0.032
6105.65113 18.454 0.022
6105.69326 18.720 0.031
6105.73288 18.526 0.024
6105.77256 18.789 0.045
6106.63688 18.655 0.035
6108.50351 19.014 0.060
6108.54090 19.099 0.054
6108.57992 19.031 0.053
6108.63345 18.869 0.042
6108.68670 19.162 0.041
6108.72626 18.954 0.040
6108.76571 19.058 0.042
6108.80892 18.998 0.043
6108.84646 19.091 0.045
6109.55397 19.192 0.128
6109.61107 19.078 0.126
6109.69279 19.046 0.072
6109.72944 19.158 0.057
6109.76712 19.112 0.083
6109.81035 19.015 0.065
6109.85015 19.042 0.069
6113.62822 21.495 0.454
6113.67022 21.751 0.618
6113.71012 21.657 0.478
6114.56088 20.612 0.262
6114.63707 21.923 0.671
6114.77013 20.868 0.226
6114.80904 21.661 0.513
6114.85048 21.783 0.857
6115.49651 21.765 0.483
6115.57256 21.377 0.344
6115.63228 21.329 0.346
6115.80225 21.068 0.325
6116.53548 21.610 0.344
6116.57638 21.887 0.430
6116.71438 21.644 0.353
6117.65399 21.716 0.428
6117.69359 21.178 0.258
6117.73205 21.521 0.365
6118.54499 21.708 0.365
6118.77088 21.224 0.237
6119.49411 21.622 0.581
6119.53550 21.486 0.423
6119.71164 21.679 0.446
6119.81558 20.594 0.181
6120.56171 21.807 0.535
6120.71713 21.921 0.564
6120.80421 21.239 0.336
6121.51401 21.837 0.383
6125.52385 20.884 0.221
6125.57061 21.929 0.484
6125.68440 21.766 0.390
6125.81308 21.849 0.547
6126.50818 20.971 0.220
6126.60318 21.320 0.297
6126.77023 21.265 0.313
6127.54620 21.753 0.626
6127.73694 21.774 0.514
6128.55561 21.573 0.326
6128.59940 21.653 0.352
6130.55043 21.586 0.409
6130.74121 20.988 0.306
6131.53226 21.013 0.240
6131.58529 21.081 0.207
6131.69335 20.962 0.197
6132.53928 21.919 0.579
6132.62225 21.869 0.624
6132.71699 21.668 0.388
6133.67649 21.519 0.334
6133.77095 21.733 0.599
6134.57600 21.190 0.362
6134.62944 21.617 0.425
6134.68699 21.684 0.547
6135.51778 21.924 0.678
6136.48545 20.971 0.362
6136.60941 20.343 0.232
6140.56671 21.506 0.745
6140.65890 21.624 0.640
6140.69831 21.124 0.493
6140.74010 21.344 0.852
6141.72033 21.120 0.341
6142.48746 21.725 0.767
6142.54979 21.633 0.766
6147.57851 21.845 0.538
6148.65115 21.766 0.392
6150.50138 21.313 0.453
6151.48529 21.667 0.570
6151.55405 21.488 0.439
6151.63405 21.711 0.469
6151.67494 21.591 0.440
6154.51275 21.329 0.326
6154.55388 21.115 0.287
6158.50191 21.389 0.267
6158.72071 21.739 0.468
6159.56322 21.036 0.256
6160.48976 21.646 0.427
6160.54551 21.630 0.391
6160.55947 21.519 0.322
6160.60513 21.238 0.268
6160.68518 20.939 0.229
6160.69792 21.912 0.498
6161.56893 21.176 0.319
6164.60389 21.751 0.899
6166.57457 21.820 0.779
6166.63388 21.979 0.817
6167.55095 21.391 0.504
6167.60465 21.132 0.715
6168.49379 21.427 0.468
6168.56345 21.307 0.342
6169.49328 21.224 0.404
6169.54338 21.716 0.583
6169.63415 21.923 0.708
6169.67710 20.813 0.317
6171.63837 21.307 0.759
6171.68664 21.542 0.538
6172.50781 21.727 0.350
6175.59667 21.236 0.325
6175.67185 21.624 0.713
6179.52504 18.793 0.039
6179.57124 18.607 0.037
6179.61464 18.745 0.043
6179.65365 18.743 0.042
6180.50559 19.192 0.054
6180.55968 19.376 0.066
6180.60045 19.371 0.077
6180.63856 19.259 0.071
6180.67028 19.301 0.122
6181.52031 20.712 0.187
6181.55833 20.627 0.158
6181.60074 20.462 0.132
6181.63900 21.153 0.323
6186.48089 21.933 0.804
6186.53787 21.297 0.295
6187.53731 21.589 0.548
6191.51761 20.873 0.338
6196.54270 20.287 0.188
6197.54439 20.606 0.228
6198.55053 21.301 0.532
6199.51468 21.570 0.682
6201.52575 21.762 0.906
6203.59279 21.246 0.585
6205.60474 21.516 0.437
6209.54934 21.556 0.655
6212.50262 21.961 0.634
6216.51328 21.852 0.623
6216.55226 21.858 0.665
6218.52097 20.845 0.263
6218.55951 20.877 0.307
6219.50151 20.863 0.259
6219.53963 21.417 0.444
6231.50129 18.599 0.057
6232.50243 19.215 0.101
6233.53144 20.080 0.193
6234.52549 20.330 0.247
6238.52114 20.507 0.300
6239.52285 20.264 0.252
6326.87377 21.600 0.772
6329.86999 20.984 0.466
6334.87206 21.683 0.445
6339.85982 21.237 0.257
6341.87703 21.355 0.363
6343.84039 21.416 0.445
6344.88225 21.282 0.231
6347.89260 21.814 0.437
6352.89105 21.740 0.449
6353.87971 21.838 0.438
6362.81342 20.981 0.235
6362.86425 20.978 0.200
6362.87701 20.708 0.176
6363.79431 19.232 0.052
6363.83418 19.267 0.046
6363.89250 19.400 0.044
6368.84269 21.523 0.303
6370.83945 21.345 0.273
6372.84529 21.939 0.461
6373.89052 21.741 0.401
6374.75499 21.239 0.364
6376.89859 21.504 0.263
6378.77520 21.772 0.522
6379.89491 21.900 0.499
6381.75189 21.068 0.258
6382.87020 21.858 0.748
6386.78368 21.305 0.281
6387.80000 21.781 0.379
6388.81976 21.532 0.286
6389.74813 21.546 0.373
6390.74141 21.371 0.307
6390.78342 21.739 0.373
6391.79456 21.989 0.644
6393.77809 21.275 0.279
6395.73649 21.976 0.524
6396.72116 21.240 0.231
6397.69649 21.469 0.345
6397.78512 21.882 0.379
6397.83384 21.678 0.331
6398.88384 21.549 0.291
6400.91354 21.731 0.435
6402.81304 21.645 0.364
6402.85321 21.232 0.271
6402.89435 21.495 0.562
6404.79222 20.759 0.196
6405.87474 21.930 0.357
6406.83895 20.799 0.430
6406.89480 20.952 0.256
6407.71314 21.941 0.781
6407.78911 21.786 0.500
6408.74362 20.701 0.379
6408.82353 21.640 0.534
6409.79682 20.721 0.349
6409.89666 21.944 0.810
6415.72380 21.455 0.450
6415.91680 21.747 0.475
6416.70230 21.835 0.499
6416.76544 21.746 0.355
6419.67431 21.721 0.469
6419.76042 21.443 0.287
6419.80950 21.676 0.344
6419.89804 21.424 0.341
6420.77561 21.642 0.279
6420.92331 21.902 0.400
6421.91813 21.571 0.417
6423.82738 21.477 0.345
6426.93559 21.891 0.701
6428.65681 21.956 0.752
6431.61061 21.739 0.768
6431.74630 21.515 0.351
6431.79916 21.979 0.567
6432.90204 20.947 0.278
6432.94431 21.205 0.654
6433.62543 21.947 0.865
6433.66584 21.584 0.399
6433.76699 21.238 0.401
6433.86522 20.614 0.227
6434.65578 20.731 0.268
6434.93397 20.784 0.248
6435.59547 18.671 0.050
6435.64615 18.588 0.032
6435.68617 18.637 0.030
6435.73857 18.520 0.025
6435.78952 18.605 0.030
6435.83173 18.473 0.028
6435.87549 18.529 0.029
6435.91744 18.586 0.028
6436.59038 19.062 0.065
6436.63216 19.069 0.053
6436.67518 19.055 0.048
6436.71686 19.084 0.048
6436.78056 19.186 0.057
6436.82135 19.177 0.056
6436.86312 19.194 0.059
6436.90455 19.275 0.061
6436.94653 19.119 0.101
6437.72025 20.175 0.226
6437.76516 20.042 0.151
6437.79885 19.750 0.172
6437.84040 21.183 0.528
6437.87626 20.387 0.308
6437.91925 20.078 0.240
6441.79085 21.076 0.340
6441.84282 21.895 0.738
6441.88654 21.658 0.724
6441.92909 21.772 0.765
6442.66281 21.247 0.293
6442.92668 21.432 0.451
6443.69170 21.652 0.597
6444.67411 20.831 0.358
6445.57923 21.865 0.784
6445.78956 21.804 0.516
6445.88030 21.049 0.293
6446.91697 21.304 0.346
6448.62342 21.397 0.324
6449.62348 21.685 0.427
6449.76861 21.262 0.292
6450.80115 21.754 0.371
6450.88718 21.724 0.508
6450.93095 21.539 0.585
6451.76688 21.613 0.373
6451.89082 21.590 0.571
6452.82084 21.614 0.327
6452.90510 21.654 0.482
6454.55280 21.243 0.397
6454.59540 21.326 0.282
6454.82123 21.405 0.345
6454.86183 21.854 0.533
6454.90269 21.639 0.464
6455.53542 21.614 0.476
6455.70380 21.787 0.434
6457.89879 21.539 0.441
6458.60060 21.490 0.422
6459.63652 21.573 0.356
6459.78558 21.329 0.274
6459.86718 21.962 0.591
6459.89972 21.690 0.630
6460.75333 21.978 0.643
6460.83859 21.790 0.493
6461.58283 21.622 0.422
6462.84314 21.879 0.576
6462.88399 20.373 0.198
6463.51936 21.865 0.983
6463.65881 21.856 0.545
6463.88553 21.878 0.590
6464.62588 21.203 0.398
6464.72487 21.359 0.448
6468.57353 21.052 0.324
6471.62037 21.139 0.309
6471.84887 19.640 0.172
6472.65744 21.957 0.551
6472.71023 21.330 0.276
6472.84307 21.276 0.461
6473.69789 21.007 0.178
6473.78950 21.844 0.527
6473.86857 21.328 0.507
6474.50734 21.292 0.440
6474.55179 21.450 0.494
6474.78270 21.493 0.394
6475.54168 21.051 0.275
6475.70034 21.918 0.531
6475.74523 21.734 0.445
6475.82758 21.661 0.608
6476.51219 21.566 0.471
6476.55271 21.122 0.293
6476.70061 21.767 0.463
6476.78192 21.834 0.474
6477.50481 21.439 0.405
6478.58351 21.281 0.274
6478.63492 21.850 0.559
6480.80081 21.168 0.310
6481.55612 21.432 0.372
6481.61233 21.190 0.284
6481.75630 21.894 0.648
6483.58443 21.675 0.468
6484.46596 20.790 0.296
6484.50695 21.650 0.513
6485.66319 21.670 0.338
6486.62431 21.481 0.325
6486.73678 21.963 0.492
6487.57271 21.619 0.352
6487.68648 21.755 0.306
6487.81622 21.825 0.551
6490.57771 21.220 0.290
6491.48367 20.698 0.254
6491.58830 20.867 0.246
6492.56210 20.842 0.253
6492.74907 21.174 0.374
6496.58115 21.142 0.524
6497.69873 21.170 0.342
6497.74005 21.370 0.491
6497.78074 20.758 0.254
6498.48239 18.507 0.024
6498.52587 18.411 0.019
6498.57073 18.385 0.020
6498.61652 18.477 0.023
6498.66239 18.505 0.023
6498.70546 18.459 0.026
6498.74824 18.472 0.023
6498.79022 18.485 0.033
6499.49610 18.613 0.030
6499.53994 18.812 0.030
6499.58365 18.814 0.038
6500.55254 18.074 0.024
6500.64823 18.343 0.032
6500.69493 18.350 0.028
6501.52127 18.390 0.030
6501.57154 18.234 0.022
6501.63639 18.094 0.016
6501.67779 18.440 0.023
6501.72023 18.225 0.021
6501.76306 18.545 0.039
6504.62411 18.535 0.034
6504.65190 18.625 0.036
6504.69490 18.665 0.028
6504.73762 18.696 0.037
6505.48899 18.723 0.034
6505.55005 18.482 0.025
6505.62389 18.669 0.033
6505.66475 18.791 0.033
6505.70649 18.610 0.031
6505.74858 18.859 0.045
6506.47939 18.681 0.041
6506.58708 18.743 0.043
6506.66274 18.946 0.042
6506.72437 18.946 0.046
6506.76551 18.740 0.047
6507.66620 19.024 0.057
6507.72329 18.918 0.055
6508.48205 19.270 0.070
6508.54099 18.871 0.034
6508.58494 19.096 0.042
6508.63202 19.068 0.034
6508.67399 19.164 0.037
6508.73424 19.172 0.043
6508.77579 19.109 0.048
6509.54565 19.111 0.033
6509.59751 19.112 0.030
6509.63959 19.253 0.036
6509.68090 19.118 0.036
6509.72342 19.151 0.046
6509.76310 18.941 0.056
6510.51511 19.439 0.048
6510.56768 19.550 0.047
6510.61353 19.397 0.042
6510.65556 19.512 0.047
6510.72575 19.532 0.069
6511.47727 20.253 0.142
6511.54520 20.722 0.181
6511.61566 20.526 0.165
6511.67064 19.925 0.091
6511.72006 20.449 0.152
6514.53963 21.931 0.547
6514.73017 21.744 0.378
6515.56388 21.306 0.243
6516.67256 21.676 0.523
6518.51567 21.785 0.410
6519.51160 21.772 0.396
6519.58359 21.965 0.598
6519.63165 21.407 0.337
6523.51607 21.684 0.451
6523.59182 21.505 0.366
6523.63090 21.963 0.713
6524.48931 21.839 0.587
6525.48998 21.395 0.553
6525.53995 21.072 0.384
6525.58717 20.856 0.358
6525.64283 21.112 0.461
6526.63343 20.879 0.291
6528.57140 21.258 0.537
6531.47762 20.539 0.265
6531.64597 20.654 0.207
6533.49035 21.649 0.559
6534.50800 21.504 0.453
6534.61152 21.638 0.418
6534.65443 21.164 0.357
6535.58789 20.915 0.340
6538.52926 21.898 0.452
6538.58394 21.589 0.461
6539.53157 20.870 0.176
6543.47829 21.312 0.620
6544.58307 21.568 0.442
6545.58595 21.722 0.451
6546.52108 21.992 0.918
6546.57439 20.318 0.229
6547.58760 20.904 0.534
6551.48618 20.718 0.332
6551.57590 21.484 0.693
6555.54956 20.848 0.307
6555.59913 20.583 0.203
6556.61739 21.038 0.445
6560.58871 20.797 0.359
6560.63301 20.740 0.285
6564.51043 21.118 0.402
6567.51177 21.698 0.725
6568.51511 21.093 0.461
6568.55713 21.279 0.406
6568.60112 21.055 0.421
6569.58940 21.960 0.605
6570.52592 21.371 0.410
6570.56716 20.522 0.239
6571.53274 21.482 0.540
6571.57964 21.269 0.467
6573.57167 21.767 0.592
6577.50981 20.970 0.425
6577.55175 20.679 0.335
6578.48809 21.030 0.489
6578.53542 21.007 0.366
6579.51777 20.553 0.215
6581.48787 21.162 0.608
6581.53406 21.485 0.547
6582.49944 20.837 0.322
6583.51217 21.330 0.744
6583.55013 20.959 0.502
6584.55200 20.708 0.396
6585.50804 20.749 0.304
6585.55428 21.140 0.555
6590.51463 21.525 0.568
6593.49006 20.025 0.319
6595.51485 21.494 0.614
