551.84333 19.572 0.097
553.75504 19.408 0.081
557.75601 19.629 0.154
558.80205 19.463 0.112
560.75206 19.337 0.106
561.76799 19.576 0.118
562.78524 19.362 0.126
567.89902 19.542 0.155
568.87464 19.512 0.111
569.86599 19.642 0.150
572.92630 19.644 0.167
573.90520 19.611 0.130
574.88801 19.417 0.126
575.91927 19.331 0.135
576.90762 19.348 0.109
578.80670 19.474 0.096
581.78918 19.570 0.148
582.82233 19.512 0.122
583.84280 19.634 0.145
587.91990 19.698 0.204
588.87567 19.414 0.105
590.85727 19.428 0.145
599.90085 19.210 0.116
600.84959 20.233 0.196
601.68605 19.464 0.094
605.87575 19.672 0.159
606.78201 19.536 0.103
607.77855 19.335 0.082
608.77041 19.434 0.117
614.84168 19.395 0.104
615.79999 19.603 0.138
616.77433 19.374 0.104
623.72019 19.334 0.091
624.73176 19.431 0.120
625.67124 19.522 0.120
626.81732 19.258 0.105
628.70503 19.549 0.108
629.69579 19.372 0.103
631.80658 19.527 0.151
632.82379 19.793 0.183
633.70069 19.595 0.108
643.76087 19.576 0.131
645.62083 19.490 0.095
652.68130 19.485 0.112
653.57998 19.600 0.100
655.63687 19.470 0.106
656.81243 19.367 0.104
657.73659 19.474 0.136
663.73569 19.401 0.150
665.50383 19.450 0.092
666.59843 19.577 0.101
667.71744 19.452 0.100
671.53523 18.583 0.063
697.61803 19.389 0.126
706.59548 19.376 0.152
712.55385 19.467 0.117
715.50911 19.579 0.155
727.56164 19.727 0.186
875.85576 18.756 0.065
887.82714 19.528 0.133
895.85873 19.440 0.106
918.85820 19.497 0.131
925.82541 19.509 0.112
928.85729 19.280 0.110
931.86060 19.632 0.186
933.82097 19.396 0.102
936.90967 19.565 0.126
937.85320 19.455 0.129
939.81297 19.631 0.133
941.78701 19.462 0.099
950.76694 19.554 0.138
952.69908 19.334 0.100
962.73813 19.781 0.186
963.86099 19.465 0.127
965.71472 19.405 0.118
966.75322 19.611 0.108
970.86007 19.419 0.146
971.93178 19.219 0.133
985.68142 19.255 0.079
990.73770 19.305 0.098
991.70597 19.214 0.092
995.77092 19.534 0.159
997.74219 19.424 0.112
1006.68828 19.553 0.170
1021.56084 19.274 0.099
1035.69462 19.730 0.171
1036.66840 19.408 0.118
1040.66447 19.384 0.110
1043.53691 19.363 0.120
1048.63244 19.568 0.147
1054.69844 19.547 0.119
1061.63114 19.351 0.132
1064.61243 19.717 0.168
1068.56205 19.931 0.194
1074.56930 19.870 0.196
1077.62247 19.528 0.131
1080.53496 19.734 0.148
1087.58448 19.444 0.140
1090.60360 19.632 0.186
1092.56566 19.783 0.208
1105.53779 19.376 0.126
1119.54893 19.666 0.226
1229.82649 19.457 0.169
1239.86568 19.326 0.124
1242.83708 19.652 0.212
1245.83812 19.551 0.165
1253.82678 19.543 0.132
1256.85683 19.557 0.145
1259.85086 19.454 0.110
1262.81119 18.715 0.063
1267.84348 19.393 0.154
1280.86492 19.671 0.127
1288.83771 19.607 0.118
1291.83912 19.518 0.095
1295.72854 19.436 0.127
1297.86516 19.608 0.145
1298.86854 19.586 0.176
1299.77735 19.527 0.137
1305.88550 19.465 0.142
1306.83952 19.439 0.100
1308.66456 19.409 0.100
1312.88424 19.497 0.126
1315.74448 19.686 0.141
1316.84415 19.514 0.102
1319.91270 19.560 0.166
1320.83742 19.463 0.116
1321.80179 19.676 0.145
1335.66185 19.675 0.124
1336.77421 19.384 0.118
1339.76974 19.432 0.132
1341.77059 19.476 0.112
1345.83728 19.818 0.162
1347.78035 19.584 0.115
1348.77921 19.468 0.123
1349.66447 19.439 0.098
1354.75434 19.401 0.117
1355.71239 19.430 0.183
1365.70704 19.649 0.140
1366.65371 19.452 0.112
1367.75460 19.514 0.152
1368.74948 19.568 0.114
1369.77050 19.423 0.118
1374.80102 19.341 0.127
1375.61816 19.573 0.125
1394.62722 19.603 0.140
1395.60228 19.409 0.098
1398.60647 19.583 0.115
1399.65482 19.638 0.129
1400.69961 19.457 0.126
1401.65200 19.460 0.103
1402.63004 19.451 0.099
1403.67799 19.702 0.157
1407.64929 19.387 0.127
1408.52216 19.522 0.130
1410.47433 19.472 0.143
1410.59380 19.418 0.190
1410.69156 19.728 0.214
1415.47382 19.625 0.207
1416.47983 19.334 0.114
1417.51020 19.545 0.190
1418.48194 19.601 0.168
1419.47248 19.484 0.137
1431.63400 19.634 0.148
1435.51026 19.324 0.118
1437.54732 19.480 0.152
1442.53035 18.515 0.060
1447.48292 18.765 0.080
1450.50482 19.102 0.079
1458.51383 19.787 0.234
1460.51481 19.656 0.189
1462.52393 19.780 0.239
1601.88664 19.620 0.163
1602.85770 19.572 0.165
1606.86679 19.660 0.157
1610.85561 19.414 0.111
1616.84438 19.717 0.145
1618.87871 19.690 0.172
1622.82355 19.592 0.137
1625.80851 19.540 0.138
1628.82173 19.418 0.142
1633.86653 19.746 0.144
1643.89961 19.346 0.096
1645.79250 19.391 0.124
1647.76958 19.547 0.151
1652.84743 19.675 0.154
1654.78486 19.563 0.139
1661.77696 19.555 0.106
1662.84405 19.491 0.117
1663.84952 19.562 0.095
1665.82169 19.674 0.128
1666.79165 19.508 0.107
1668.80560 19.543 0.117
1669.83443 19.646 0.175
1670.84943 19.692 0.135
1671.79652 19.703 0.124
1675.78465 19.095 0.087
1676.74774 18.522 0.045
1681.85702 18.712 0.076
1683.76158 18.740 0.082
1687.77287 19.207 0.123
1691.65472 19.578 0.102
1693.70717 19.585 0.112
1695.81663 19.610 0.127
1698.80919 19.518 0.102
1703.60718 19.427 0.119
1705.72286 19.358 0.112
1709.69178 19.671 0.147
1717.73502 19.436 0.106
1726.80260 19.419 0.122
1728.80055 19.463 0.141
1729.75108 19.336 0.098
1730.73442 19.525 0.125
1731.82759 19.606 0.122
1732.78378 19.478 0.116
1743.77219 19.285 0.120
1748.63452 19.499 0.139
1749.57622 19.412 0.096
1750.58049 19.611 0.123
1751.52157 19.478 0.109
1752.69361 19.593 0.133
1754.67669 19.460 0.109
1755.69010 19.545 0.129
1756.59117 19.448 0.094
1757.66589 19.567 0.162
1758.63553 19.741 0.172
1759.56399 19.530 0.095
1761.61755 19.535 0.119
1762.57790 19.551 0.107
1763.53426 19.515 0.106
1764.52160 19.542 0.125
1765.62490 19.341 0.119
1769.59626 19.524 0.126
1772.60766 19.301 0.108
1773.62275 19.804 0.265
1775.62305 19.468 0.109
1776.62216 19.274 0.087
1777.63288 19.634 0.163
1783.63313 19.422 0.104
1784.62301 19.647 0.140
1785.61671 19.652 0.144
1787.61744 19.447 0.118
1789.57737 19.446 0.088
1802.55701 19.303 0.117
1804.53604 19.689 0.155
1810.52783 19.466 0.115
1812.55134 19.508 0.141
1814.58878 19.313 0.120
1816.60133 19.672 0.197
1819.52725 19.304 0.120
1826.53362 19.838 0.203
1830.50636 19.539 0.138
1833.52430 19.626 0.202
1843.55066 19.467 0.144
1844.54043 19.560 0.141
1845.53519 19.688 0.202
2125.68449 19.316 0.169
2129.73667 19.359 0.101
2132.67964 19.266 0.106
2136.58305 18.466 0.060
2141.59817 18.627 0.060
2144.68095 19.067 0.086
2160.63761 19.217 0.136
2170.57853 19.485 0.149
2178.58931 18.929 0.223
2188.53843 19.299 0.166
2211.54196 19.352 0.215
2333.87889 19.302 0.119
2344.84020 18.752 0.061
2355.89104 19.233 0.085
2364.88358 19.219 0.131
2372.89444 19.293 0.099
2391.92455 19.162 0.127
2405.83181 19.271 0.106
2414.88032 19.423 0.134
2416.89296 19.169 0.124
2424.75161 19.290 0.143
2428.73682 19.153 0.088
2432.88836 19.301 0.194
2434.77636 19.295 0.096
2436.82434 19.334 0.109
2438.79800 19.221 0.099
2441.76032 19.181 0.097
2445.67687 19.289 0.086
2448.70017 19.098 0.165
2459.68889 19.328 0.108
2460.70689 19.159 0.110
2463.58818 19.307 0.091
2466.61097 19.167 0.085
2468.73717 19.370 0.093
2470.72098 19.283 0.088
2472.74842 19.413 0.131
2481.60483 19.343 0.157
2484.66815 19.228 0.110
2486.53034 19.268 0.148
2486.76087 19.488 0.223
2490.74403 19.262 0.148
2493.68873 19.276 0.130
2496.53477 19.304 0.082
2498.55539 19.236 0.081
2500.59886 19.301 0.094
2502.61247 19.432 0.119
2508.71070 19.479 0.182
2517.56158 19.298 0.130
2520.62906 19.181 0.096
2529.49492 19.229 0.117
2538.54658 19.354 0.139
2542.57436 19.300 0.105
2548.50286 19.571 0.206
2552.53917 19.393 0.177
2557.50433 19.481 0.142
2564.52576 19.477 0.169
2708.85304 19.238 0.082
2719.85874 19.325 0.114
2729.88069 19.357 0.125
2734.81967 19.224 0.081
2747.74400 19.397 0.204
2753.92904 19.238 0.146
2757.85613 19.359 0.132
2761.90425 19.263 0.100
2767.85120 18.641 0.077
2775.76807 19.142 0.137
2782.68942 19.247 0.131
2784.61208 19.326 0.097
2786.83544 19.251 0.119
2788.64203 19.312 0.110
2790.74647 19.334 0.103
2793.65967 19.235 0.110
2795.63403 19.475 0.109
2797.64598 19.285 0.077
2802.73837 19.245 0.135
2809.76098 19.215 0.111
2811.68810 19.391 0.141
2812.81738 19.411 0.144
2813.86118 19.220 0.120
2815.84185 19.376 0.113
2816.86281 19.284 0.116
2818.63254 19.221 0.093
2819.80904 19.168 0.102
2821.69489 19.456 0.129
2826.81225 19.442 0.151
2835.68035 19.263 0.118
2837.68806 19.304 0.192
2838.82383 19.274 0.181
2840.74115 19.296 0.131
2843.69244 19.093 0.097
2845.68979 19.260 0.099
2846.51145 19.351 0.179
2847.47567 19.328 0.208
2848.67499 19.410 0.138
2849.64545 19.390 0.124
2850.47654 19.364 0.128
2850.57871 19.288 0.084
2851.66883 19.251 0.099
2852.58646 19.353 0.183
2853.47106 19.409 0.167
2854.59091 19.323 0.106
2855.61160 19.525 0.189
2856.55098 19.366 0.128
2857.50116 19.452 0.123
2858.71348 19.216 0.098
2859.57400 19.192 0.141
2862.47010 19.634 0.302
2862.66060 19.469 0.176
2862.74786 19.358 0.217
2863.49613 19.205 0.134
2864.52891 19.548 0.208
2865.56025 19.335 0.107
2866.61010 19.084 0.110
2866.64122 19.375 0.135
2867.63502 19.375 0.100
2868.58255 19.217 0.087
2868.71191 19.212 0.113
2869.56379 19.216 0.107
2870.65336 19.324 0.107
2871.47012 19.359 0.180
2871.63410 19.312 0.090
2872.55986 19.359 0.100
2875.50434 19.431 0.148
2876.57768 19.258 0.094
2877.51393 19.601 0.149
2877.53213 19.418 0.122
2878.50179 19.250 0.093
2879.58425 19.228 0.100
2880.69742 19.436 0.137
2880.71043 19.410 0.145
2881.65316 20.025 0.166
2881.66743 19.221 0.085
2882.50413 19.122 0.117
2883.59317 19.222 0.086
2883.62680 19.198 0.094
2884.58397 19.363 0.112
2885.55497 19.267 0.129
2890.64984 19.959 0.377
2890.66300 19.513 0.233
2892.55313 19.227 0.119
2893.48848 19.456 0.168
2894.52850 19.386 0.127
2895.61873 19.306 0.100
2896.53658 19.446 0.120
2897.63851 19.452 0.154
2898.55150 19.608 0.175
2899.63518 19.264 0.096
2900.48014 19.342 0.183
2900.63042 19.355 0.138
2901.50407 19.302 0.172
2902.47961 19.463 0.228
2903.49844 20.367 0.470
2903.57808 19.204 0.083
2904.53824 19.733 0.249
2904.61321 19.315 0.156
2905.48843 19.571 0.189
2905.55277 19.227 0.156
2905.62954 19.277 0.157
2906.49241 19.496 0.178
2906.58665 19.318 0.127
2907.48603 19.634 0.232
2907.60585 19.298 0.145
2908.49276 19.358 0.187
2909.49462 19.601 0.184
2909.57295 19.420 0.175
2909.63884 19.424 0.149
2910.48592 19.276 0.189
2910.54195 19.281 0.127
2911.52623 19.319 0.152
2912.47734 19.591 0.315
2915.48832 19.313 0.180
2916.52469 19.364 0.138
2917.51595 19.427 0.163
2918.50717 19.451 0.181
2920.51776 19.174 0.137
2921.50631 19.622 0.228
2922.51332 19.302 0.158
2923.52228 19.359 0.127
2924.52014 19.364 0.109
2925.53017 19.180 0.099
2926.55208 19.985 0.221
2927.51201 19.588 0.179
2928.52341 19.626 0.166
2930.51729 19.443 0.153
2931.51748 19.382 0.106
2932.52366 19.232 0.101
2933.51685 19.476 0.146
2934.53301 19.546 0.171
2937.52714 19.459 0.169
2939.52852 19.436 0.179
2939.53323 19.830 0.254
2941.50156 19.227 0.147
2943.52479 19.339 0.252
2944.52474 19.434 0.219
2945.51029 19.373 0.205
2946.51642 19.089 0.146
2947.50824 19.541 0.229
2951.50479 19.342 0.199
2953.50688 18.578 0.081
3041.87669 19.211 0.148
3050.87089 19.199 0.119
3052.86027 19.352 0.130
3059.83591 19.449 0.127
3064.85282 19.250 0.149
3068.80659 19.185 0.156
3070.88521 19.339 0.120
3073.84129 19.327 0.112
3075.87941 19.264 0.105
3080.78360 19.278 0.111
3082.91525 19.275 0.117
3085.84189 19.302 0.098
3086.91651 19.134 0.108
3088.83449 19.273 0.077
3090.74759 19.285 0.094
3096.90279 19.302 0.130
3099.79848 19.346 0.142
3101.78411 19.322 0.122
3103.80766 19.187 0.094
3104.86635 19.075 0.173
3106.87959 19.325 0.133
3108.80006 19.271 0.084
3109.85902 19.069 0.075
3110.86540 19.230 0.097
3112.85073 19.250 0.085
3114.81532 19.188 0.086
3116.90346 19.316 0.115
3122.94130 19.429 0.399
3123.79393 19.128 0.070
3125.90585 19.526 0.189
3127.85364 19.236 0.112
3128.85349 19.245 0.125
3130.73250 19.380 0.133
3131.69892 19.289 0.139
3135.93058 19.176 0.102
3138.68484 19.308 0.121
3139.91082 19.237 0.094
3140.91428 19.469 0.129
3142.79870 19.134 0.083
3144.81868 19.282 0.092
3146.85584 19.257 0.122
3151.79079 19.434 0.132
3151.93933 19.207 0.142
3152.78845 19.308 0.107
3153.79109 19.328 0.125
3154.87541 19.338 0.168
3156.89494 19.331 0.130
3162.60480 19.441 0.166
3163.78576 19.352 0.119
3164.76802 19.323 0.087
3164.90101 19.312 0.124
3165.74155 19.381 0.105
3167.62796 18.962 0.114
3168.88674 19.160 0.103
3169.75486 19.226 0.107
3170.84276 19.475 0.104
3171.81098 19.219 0.076
3172.78191 19.207 0.100
3173.88292 19.849 0.271
3174.74175 19.448 0.103
3175.75475 19.298 0.093
3177.79097 19.260 0.161
3179.53570 19.264 0.101
3179.91494 19.182 0.142
3180.75674 19.192 0.073
3182.81738 19.165 0.089
3183.77238 19.243 0.106
3184.73349 19.262 0.085
3185.73693 19.242 0.111
3194.58002 19.125 0.120
3195.71156 19.322 0.090
3195.83207 19.317 0.109
3196.63295 19.120 0.097
3196.80344 19.171 0.095
3197.55775 19.246 0.103
3199.66295 19.245 0.085
3202.54921 19.251 0.090
3203.69433 19.234 0.082
3204.68524 19.300 0.086
3205.54408 19.203 0.081
3206.74943 19.244 0.110
3209.66940 19.243 0.104
3210.66948 19.245 0.087
3211.63995 19.293 0.101
3217.68416 19.180 0.107
3218.68291 19.363 0.159
3219.64860 19.109 0.121
3223.68369 19.284 0.135
3224.73173 19.379 0.143
3226.66011 19.466 0.151
3228.63300 19.473 0.114
3229.66548 19.310 0.086
3230.69896 19.270 0.121
3231.60295 19.356 0.105
3232.63942 19.177 0.119
3238.65124 19.491 0.161
3240.50338 19.228 0.089
3241.68711 19.080 0.158
3245.58730 19.248 0.152
3246.69295 19.342 0.188
3247.63600 19.130 0.105
3249.55960 19.259 0.123
3250.69059 19.408 0.181
3256.66988 19.412 0.148
3260.57964 19.336 0.114
3265.59292 19.359 0.111
3272.62167 19.556 0.163
3275.58227 19.398 0.164
3279.55258 19.630 0.177
3282.51110 19.386 0.124
3288.57741 19.200 0.104
3293.54804 19.207 0.078
3295.55648 19.346 0.084
3300.54180 19.286 0.143
3417.88621 19.224 0.079
3423.84880 19.408 0.124
3426.89425 19.497 0.127
3429.87926 19.135 0.100
3436.83866 19.297 0.142
3443.79390 19.187 0.084
3445.83514 19.341 0.083
3447.88545 19.329 0.109
3449.90244 19.281 0.083
3452.91957 19.173 0.127
3453.79138 19.573 0.168
3455.86196 19.408 0.142
3456.87308 19.122 0.075
3457.79073 19.279 0.101
3458.83434 19.126 0.088
3459.80893 19.155 0.091
3467.91211 19.259 0.083
3469.82136 19.174 0.068
3470.86544 19.454 0.100
3472.79275 19.342 0.095
3473.88777 19.295 0.120
3474.86013 19.318 0.108
3475.92774 19.108 0.096
3477.79665 19.390 0.110
3480.86295 19.241 0.104
3481.87488 19.218 0.078
3483.80722 19.312 0.093
3496.76113 19.291 0.115
3497.83263 19.409 0.123
3499.75754 19.335 0.096
3500.76212 19.327 0.101
3502.71066 19.259 0.077
3503.72129 19.317 0.083
3504.73874 19.115 0.100
3506.84062 19.117 0.114
3508.81782 19.319 0.111
3509.72097 19.275 0.085
3511.70761 19.093 0.090
3512.77656 19.276 0.111
3517.81703 19.224 0.137
3520.85221 19.198 0.091
3521.67144 19.288 0.089
3522.78158 19.411 0.108
3523.81633 19.504 0.107
3524.80397 19.350 0.110
3525.78365 19.271 0.088
3526.86900 19.232 0.102
3528.58760 19.295 0.096
3530.81305 19.323 0.082
3537.78088 19.256 0.088
3538.71032 19.447 0.097
3540.68429 19.220 0.091
3544.76809 19.429 0.138
3546.88532 19.727 0.253
3547.84271 19.184 0.115
3549.79665 19.745 0.182
3550.66918 19.228 0.081
3550.72227 19.514 0.114
3550.75596 19.281 0.082
3550.77576 19.267 0.085
3550.79015 19.028 0.067
3550.80485 19.372 0.097
3550.81950 19.236 0.087
3550.84542 19.066 0.087
3550.87421 19.006 0.114
3551.59485 19.241 0.075
3551.67457 19.252 0.065
3551.73165 19.425 0.083
3551.81086 19.234 0.097
3551.88013 19.345 0.166
3552.59592 19.043 0.083
3552.70603 19.236 0.084
3553.70867 19.352 0.126
3553.78386 19.462 0.143
3554.70427 19.589 0.142
3554.79875 19.333 0.119
3555.65593 19.313 0.117
3555.69507 19.463 0.118
3555.77209 19.447 0.169
3555.82886 19.778 0.266
3556.55428 19.580 0.213
3556.66354 19.049 0.083
3556.75583 19.404 0.128
3556.83791 19.400 0.162
3558.46917 19.451 0.178
3558.59147 19.329 0.100
3558.74248 19.107 0.095
3558.84480 19.589 0.141
3559.52611 19.557 0.180
3559.57038 19.434 0.131
3559.68735 19.365 0.096
3560.47330 19.441 0.160
3560.56099 19.220 0.109
3560.64047 19.219 0.071
3560.73869 19.154 0.080
3560.82062 19.258 0.095
3560.85096 19.515 0.143
3561.46552 19.650 0.276
3561.50927 19.401 0.122
3561.53585 19.292 0.112
3561.57756 19.423 0.101
3561.62432 19.245 0.077
3561.67310 19.394 0.116
3561.71145 19.259 0.077
3561.71472 19.368 0.082
3561.74707 19.257 0.079
3561.76115 19.238 0.075
3561.77681 19.262 0.077
3561.80109 19.281 0.082
3561.84787 19.296 0.096
3562.46533 19.341 0.159
3562.62493 19.265 0.102
3562.79301 19.458 0.107
3562.84776 19.166 0.104
3563.47785 19.297 0.142
3563.67139 19.298 0.083
3563.78203 19.328 0.125
3564.56494 19.388 0.122
3568.80845 19.414 0.140
3569.48983 19.631 0.214
3569.70866 19.589 0.258
3573.69531 19.244 0.112
3573.72956 19.072 0.098
3574.72330 19.310 0.106
3575.66215 19.218 0.075
3576.72456 19.414 0.131
3577.77291 19.448 0.106
3578.70955 19.430 0.091
3579.65486 19.264 0.080
3580.69138 19.364 0.108
3581.70782 19.262 0.084
3582.63359 19.359 0.095
3583.67020 19.376 0.100
3584.67898 19.380 0.089
3585.67699 19.377 0.081
3586.70841 19.259 0.071
3588.75948 19.339 0.121
3589.72078 19.324 0.102
3590.71698 19.361 0.107
3592.68968 19.210 0.080
3601.69324 19.335 0.121
3602.69343 19.126 0.133
3603.67359 19.221 0.097
3607.67209 19.283 0.097
3608.68805 19.134 0.087
3615.61533 19.343 0.099
3618.61886 19.443 0.128
3620.58208 19.403 0.090
3628.58410 19.252 0.112
3630.59818 19.438 0.150
3634.52903 19.140 0.083
3639.53607 19.144 0.067
3641.58164 19.383 0.143
3644.54635 19.426 0.108
3649.53575 19.369 0.100
3651.58783 19.235 0.117
3654.57294 19.691 0.323
3655.52070 19.300 0.134
3655.52443 19.379 0.142
3655.55298 19.448 0.123
3657.54622 19.370 0.142
3659.54799 19.178 0.149
3662.55247 19.315 0.171
3665.52294 19.300 0.128
3674.50548 19.339 0.153
3777.85747 19.210 0.110
3782.89348 19.091 0.095
3785.85506 19.237 0.088
3787.86720 19.356 0.101
3791.84156 19.374 0.163
3793.88576 19.246 0.095
3795.87001 19.340 0.118
3796.90246 19.163 0.090
3798.83333 19.171 0.088
3799.88771 19.269 0.142
3801.84247 19.318 0.107
3802.87685 19.486 0.118
3804.79005 19.296 0.117
3805.82863 19.233 0.094
3806.82534 19.218 0.106
3807.84955 19.398 0.116
3808.85319 19.227 0.096
3809.91006 19.343 0.114
3810.90615 19.363 0.115
3811.79670 19.388 0.161
3812.87418 19.365 0.134
3813.85733 19.190 0.093
3814.85277 19.252 0.088
3818.77043 19.299 0.116
3819.83410 19.206 0.071
3820.79811 19.208 0.069
3821.80132 19.559 0.119
3822.84496 19.157 0.081
3823.80595 19.295 0.080
3824.79240 19.279 0.154
3825.83196 19.207 0.100
3826.79169 19.302 0.115
3827.83213 19.377 0.085
3828.81223 19.280 0.097
3829.74000 19.241 0.096
3830.76860 19.308 0.089
3832.77194 19.292 0.096
3833.79920 19.241 0.069
3834.77112 19.291 0.087
3835.75983 19.173 0.091
3836.72125 19.358 0.135
3837.76195 19.399 0.150
3838.76987 19.371 0.152
3838.88727 19.349 0.121
3839.76576 19.376 0.133
3840.76893 19.147 0.100
3841.72412 19.062 0.098
3841.87411 19.170 0.081
3842.71575 19.226 0.132
3845.74561 18.752 0.169
3846.75655 19.143 0.082
3846.88519 19.124 0.084
3847.82959 19.344 0.124
3848.77961 19.480 0.130
3848.89835 19.382 0.128
3849.77712 19.307 0.097
3850.72234 19.175 0.090
3850.89522 19.390 0.135
3851.73597 19.161 0.090
3851.90073 19.229 0.102
3852.72451 19.205 0.101
3852.84532 19.249 0.101
3852.93000 19.265 0.151
3853.71718 19.279 0.069
3853.88140 19.363 0.092
3856.70310 19.206 0.094
3856.89353 19.447 0.104
3856.91127 19.331 0.103
3858.74233 19.279 0.092
3859.85730 19.411 0.110
3860.69776 20.399 0.322
3861.69515 19.203 0.100
3861.79930 19.270 0.085
3861.89705 19.288 0.081
3862.67702 19.333 0.114
3862.89176 19.311 0.105
3863.68986 19.181 0.087
3863.83365 19.370 0.086
3863.90976 19.322 0.081
3864.70665 19.383 0.096
3864.89287 19.431 0.091
3865.66656 19.124 0.096
3865.80227 19.358 0.097
3865.88079 19.298 0.088
3866.71212 19.324 0.091
3866.85162 19.266 0.095
3867.65806 19.321 0.111
3867.84352 19.235 0.097
3867.91374 19.292 0.102
3868.66585 19.483 0.171
3868.80805 19.240 0.104
3868.88961 19.162 0.112
3869.63765 19.204 0.126
3869.82690 19.308 0.132
3869.89932 19.356 0.131
3873.69943 19.468 0.114
3873.83850 19.150 0.083
3873.90899 19.261 0.100
3874.70070 19.365 0.106
3874.86920 19.290 0.098
3875.63739 19.330 0.085
3875.78466 19.425 0.084
3875.86232 19.129 0.073
3876.66078 19.366 0.084
3877.66527 19.333 0.083
3877.81348 19.180 0.077
3877.88726 19.380 0.110
3880.86881 19.145 0.088
3880.94234 19.195 0.149
3881.68905 19.287 0.092
3881.83181 19.218 0.078
3882.60119 19.379 0.114
3882.80409 19.098 0.083
3882.87426 19.330 0.092
3883.66655 19.309 0.089
3883.89942 19.360 0.094
3886.63183 19.208 0.084
3886.82134 19.338 0.079
3886.89340 19.261 0.086
3886.91942 19.222 0.091
3887.60190 19.334 0.105
3887.80456 19.284 0.099
3887.83235 19.502 0.121
3887.90444 19.176 0.097
3888.63275 19.626 0.145
3889.68436 19.323 0.082
3890.57264 19.177 0.116
3891.70892 19.179 0.088
3891.82595 19.174 0.087
3891.90762 19.236 0.103
3892.61935 19.344 0.147
3893.65359 19.403 0.139
3893.90132 19.201 0.117
3894.70142 19.244 0.112
3896.64517 19.337 0.146
3900.56049 19.795 0.322
3900.74689 19.439 0.113
3900.82229 19.303 0.109
3901.57432 19.461 0.142
3901.74913 19.247 0.129
3901.82595 19.420 0.139
3901.89842 19.351 0.134
3902.59525 19.244 0.082
3902.78038 19.224 0.096
3902.89906 19.392 0.157
3903.68413 19.331 0.101
3904.57829 19.445 0.085
3904.74151 19.217 0.085
3904.81054 19.316 0.092
3904.86331 19.401 0.111
3905.57519 19.191 0.074
3905.74918 19.309 0.077
3905.82182 19.168 0.062
3905.89039 19.244 0.102
3906.51388 19.339 0.172
3906.68372 19.155 0.087
3906.75669 19.390 0.101
3906.82930 19.309 0.109
3907.62034 19.156 0.083
3907.81522 20.104 0.339
3907.88779 19.558 0.187
3908.55655 19.245 0.099
3908.74699 19.014 0.071
3908.82227 19.489 0.104
3909.56168 19.381 0.112
3909.75605 19.152 0.069
3909.83797 19.336 0.098
3910.61038 19.202 0.079
3912.56080 19.199 0.061
3912.57805 19.165 0.060
3912.75758 19.238 0.066
3912.84545 19.241 0.078
3913.55857 19.154 0.068
3913.76078 19.607 0.164
3913.85057 19.346 0.097
3914.57604 19.275 0.094
3915.55656 19.182 0.093
3915.75991 19.370 0.092
3915.85686 19.087 0.085
3916.60444 19.308 0.125
3916.77708 19.513 0.151
3917.64441 19.597 0.142
3917.84732 19.386 0.160
3918.63791 19.339 0.104
3918.84760 19.132 0.109
3919.57277 19.232 0.135
3919.81720 19.262 0.131
3920.54240 19.282 0.084
3920.73868 19.539 0.138
3920.81741 19.263 0.076
3921.53540 19.469 0.127
3921.74585 19.621 0.201
3922.74232 19.197 0.110
3930.58996 19.303 0.102
3931.54102 19.310 0.114
3931.66443 19.263 0.100
3932.55290 19.516 0.152
3933.54186 19.413 0.097
3933.72316 20.018 0.201
3933.79875 19.180 0.097
3934.51260 19.269 0.097
3934.56454 19.561 0.115
3934.63600 19.308 0.082
3934.70641 19.130 0.085
3934.77547 19.141 0.076
3934.79282 19.206 0.088
3934.80927 19.326 0.102
3934.82422 19.115 0.080
3934.83369 19.228 0.094
3935.50769 19.315 0.115
3935.56244 19.261 0.087
3935.73378 19.391 0.129
3935.78552 19.173 0.104
3936.51606 19.324 0.114
3936.68139 19.357 0.112
3936.75893 19.327 0.104
3937.58413 19.682 0.179
3938.52355 19.198 0.122
3938.72521 19.554 0.140
3938.77440 19.465 0.146
3940.62660 19.345 0.085
3941.66994 19.567 0.172
3944.58012 19.069 0.072
3945.52895 19.194 0.089
3945.71701 19.244 0.100
3946.53925 19.368 0.133
3946.72865 19.221 0.088
3950.54721 19.252 0.070
3950.76672 19.154 0.093
3951.54348 19.447 0.137
3956.58987 19.132 0.129
3957.53075 19.043 0.108
3958.60353 19.137 0.102
3959.54348 19.694 0.149
3959.70782 19.135 0.105
3960.52144 19.286 0.088
3960.70135 19.253 0.084
3961.59654 20.126 0.322
3963.48309 19.489 0.153
3963.65763 19.486 0.123
3963.73098 19.277 0.128
3964.55318 19.305 0.089
3965.54247 19.440 0.087
3965.73238 19.283 0.089
3966.53439 19.272 0.098
3966.71621 19.320 0.111
3967.55811 19.495 0.163
3968.52091 19.160 0.100
3968.69242 19.488 0.137
3969.52480 19.281 0.118
3969.70342 19.397 0.118
3970.53664 19.638 0.151
3970.71654 19.258 0.089
3971.57643 19.645 0.177
3973.60156 19.523 0.123
3974.53141 19.356 0.130
3975.53387 19.220 0.091
3976.52866 19.282 0.091
3979.53844 18.372 0.075
3982.60561 18.349 0.050
3986.60564 18.490 0.057
3987.52802 18.529 0.055
3988.54086 18.457 0.047
3989.60257 18.490 0.064
3990.64483 18.662 0.071
3994.49755 18.566 0.073
3995.59517 18.808 0.062
3999.63271 19.132 0.098
4000.53975 19.586 0.161
4001.52949 19.199 0.115
4002.52619 19.245 0.091
4004.54914 19.562 0.175
4005.55184 19.249 0.108
4006.54651 19.511 0.114
4012.52220 19.363 0.175
4016.56413 19.238 0.151
4018.57671 19.672 0.188
4021.56064 19.761 0.225
4024.50839 19.351 0.150
4026.50391 19.088 0.088
4028.51996 19.585 0.172
4031.52003 19.309 0.130
4038.52521 19.668 0.197
4041.52434 19.797 0.261
4142.87523 19.070 0.143
4151.88039 19.182 0.119
4154.82783 19.154 0.102
4156.88084 19.239 0.126
4159.81488 19.101 0.094
4161.86831 19.208 0.121
4163.88431 19.295 0.097
4165.84117 19.376 0.165
4168.83867 19.218 0.123
4170.83886 19.144 0.107
4175.87474 19.219 0.104
4177.77451 19.196 0.096
4178.83184 19.199 0.101
4179.87172 19.206 0.087
4181.80814 19.278 0.102
4182.85669 19.202 0.081
4183.88919 19.125 0.087
4184.75926 19.294 0.121
4185.76565 19.374 0.139
4191.77617 19.212 0.140
4193.78728 19.222 0.140
4194.81014 19.177 0.105
4196.80014 19.189 0.107
4202.78174 19.202 0.082
4203.76952 19.246 0.080
4204.76188 19.393 0.113
4205.76010 19.195 0.083
4205.91151 19.263 0.095
4207.75135 19.201 0.087
4208.70530 19.387 0.130
4211.81661 19.264 0.121
4212.84618 19.373 0.135
4213.75424 19.169 0.088
4215.76726 19.573 0.156
4216.72515 19.265 0.091
4217.73265 19.177 0.074
4217.89395 19.268 0.076
4218.78240 19.283 0.139
4219.78966 19.133 0.086
4220.72858 19.149 0.097
4222.69730 19.144 0.112
4224.81040 19.210 0.100
4228.70275 19.187 0.111
4229.69634 19.128 0.109
4229.89326 19.259 0.102
4230.64454 19.100 0.092
4230.83252 19.316 0.138
4230.89420 19.143 0.116
4231.66850 19.532 0.136
4231.71956 19.093 0.089
4231.87459 19.385 0.123
4232.62287 18.877 0.118
4232.65625 19.414 0.181
4232.78126 19.295 0.119
4232.82067 19.083 0.123
4232.85609 19.286 0.153
4232.88985 19.461 0.171
4232.91882 19.350 0.142
4232.93666 19.415 0.207
4233.64991 19.519 0.260
4233.65630 19.082 0.160
4233.65858 19.057 0.129
4233.66083 19.495 0.231
4233.66293 19.064 0.165
4233.66499 21.696 2.383
4233.66721 19.443 0.252
4233.66927 19.265 0.172
4233.67100 18.934 0.128
4233.67265 19.694 0.222
4233.67425 19.788 0.307
4233.70088 19.359 0.198
4233.70389 19.273 0.160
4233.70678 19.175 0.159
4233.71420 19.236 0.130
4233.72021 19.269 0.139
4233.72327 19.090 0.147
4233.72595 19.348 0.207
4233.72883 19.263 0.162
4233.73183 19.143 0.116
4233.73476 19.230 0.128
4233.73766 19.037 0.125
4233.74058 19.297 0.142
4233.74348 19.242 0.126
4233.75046 19.243 0.132
4233.75905 19.214 0.162
4233.76791 19.569 0.231
4233.77086 19.198 0.169
4233.77380 19.175 0.148
4233.77675 19.376 0.165
4233.78301 19.238 0.135
4233.78862 19.257 0.130
4233.79445 19.457 0.159
4233.80137 19.263 0.137
4233.81263 19.512 0.163
4233.82161 19.537 0.196
4233.83004 19.360 0.178
4233.84004 19.590 0.209
4233.84899 19.292 0.123
4233.85745 19.206 0.116
4233.86601 19.190 0.138
4233.87899 19.272 0.137
4233.88731 19.278 0.139
4233.89571 19.194 0.136
4233.90399 19.142 0.121
4233.91247 19.179 0.134
4233.92223 19.248 0.159
4233.92822 19.279 0.179
4233.93125 19.083 0.153
4233.93413 19.305 0.174
4233.93704 20.783 0.876
4234.61520 19.095 0.152
4234.61909 19.260 0.169
4234.62650 19.336 0.178
4234.63407 19.113 0.136
4234.64058 19.377 0.145
4234.65400 18.903 0.091
4234.66230 19.334 0.135
4234.67072 19.246 0.140
4234.67910 19.216 0.119
4234.69412 19.374 0.147
4234.71978 19.203 0.101
4234.73251 19.263 0.110
4234.76193 19.149 0.094
4234.78218 19.357 0.110
4234.80483 19.261 0.090
4234.84231 19.139 0.085
4234.88142 19.197 0.122
4234.89891 19.190 0.115
4234.90453 19.287 0.120
4234.92005 19.256 0.118
4234.92861 19.262 0.133
4234.93743 19.311 0.181
4235.62361 19.227 0.138
4235.69290 19.279 0.093
4235.74182 19.180 0.083
4235.75037 19.131 0.083
4235.85395 19.186 0.082
4235.91606 19.352 0.198
4237.61943 19.141 0.143
4238.69080 19.254 0.106
4238.90028 19.106 0.136
4239.66265 19.177 0.091
4240.70232 19.160 0.081
4240.85598 19.220 0.109
4243.66800 19.343 0.124
4243.76143 19.190 0.094
4243.85430 19.232 0.111
4244.64017 19.339 0.158
4244.73655 19.311 0.093
4244.82915 19.213 0.097
4245.63325 19.208 0.099
4245.72756 19.222 0.082
4245.82302 19.336 0.093
4245.87353 19.410 0.127
4246.69196 19.156 0.092
4246.78506 19.265 0.103
4246.87776 19.327 0.105
4247.70700 19.305 0.115
4250.75508 19.363 0.120
4256.64749 19.318 0.153
4256.79295 19.178 0.143
4257.67440 19.233 0.107
4258.65791 19.247 0.134
4258.78073 19.268 0.105
4258.87335 19.441 0.168
4267.61761 18.974 0.089
4268.68710 19.245 0.092
4268.86458 19.423 0.156
4269.59983 19.268 0.088
4269.75009 19.315 0.104
4270.53452 19.146 0.144
4272.58103 19.186 0.110
4272.73092 19.307 0.086
4272.78954 19.218 0.102
4272.86090 19.134 0.135
4273.64139 19.281 0.120
4273.81955 19.220 0.122
4273.88075 19.441 0.197
4274.57248 19.175 0.124
4274.72539 19.365 0.142
4274.78629 19.254 0.105
4274.84582 18.910 0.106
4275.62399 19.082 0.089
4275.79929 19.339 0.154
4275.86039 19.392 0.195
4276.60876 19.314 0.136
4277.55247 19.293 0.142
4277.72954 19.183 0.108
4277.78820 19.184 0.129
4278.59742 19.135 0.125
4278.77372 19.435 0.184
4283.53501 19.483 0.166
4284.52681 19.299 0.135
4284.67642 19.206 0.125
4284.73654 19.253 0.097
4284.79857 19.380 0.139
4284.86357 19.316 0.182
4285.52997 19.264 0.132
4285.72352 19.267 0.117
4285.78480 19.302 0.110
4285.85001 19.383 0.143
4286.52973 19.209 0.130
4289.54064 19.378 0.142
4289.75955 19.289 0.131
4289.82437 19.576 0.148
4290.58692 19.221 0.124
4291.60659 19.233 0.088
4292.51218 19.217 0.088
4292.69119 19.261 0.087
4292.74997 19.270 0.083
4292.81299 19.207 0.119
4293.51294 19.273 0.093
4293.69711 19.347 0.099
4293.75585 19.255 0.089
4293.79610 19.218 0.096
4293.83361 19.313 0.107
4294.51155 19.191 0.090
4295.52172 19.171 0.092
4295.71681 19.202 0.082
4295.77541 19.261 0.085
4295.84081 19.385 0.152
4296.51581 19.344 0.112
4296.72152 19.296 0.102
4297.53561 19.241 0.105
4297.74018 19.317 0.131
4298.57009 19.259 0.120
4298.68173 19.235 0.092
4298.81913 19.174 0.139
4299.55718 19.187 0.071
4299.64710 19.280 0.084
4299.73838 19.191 0.082
4300.55383 19.329 0.108
4300.66900 19.374 0.100
4300.78411 19.384 0.123
4301.53996 19.189 0.092
4301.63622 19.215 0.096
4301.73840 19.155 0.080
4302.61294 19.303 0.109
4302.77804 19.236 0.100
4303.69955 19.320 0.111
4304.57784 19.222 0.116
4304.71420 19.483 0.193
4306.58358 19.176 0.138
4306.72010 19.533 0.188
4310.63721 19.136 0.145
4312.52479 18.646 0.084
4312.76766 18.540 0.056
4314.78225 18.826 0.105
4315.55627 18.854 0.072
4316.58579 18.992 0.068
4317.50843 19.110 0.088
4319.54351 19.284 0.099
4319.68947 19.368 0.149
4320.61082 19.366 0.117
4326.53215 19.215 0.089
4326.73640 19.582 0.177
4327.61171 19.236 0.116
4327.75013 19.225 0.163
4328.47687 19.418 0.151
4328.71651 19.195 0.123
4329.54709 19.344 0.137
4329.69509 19.332 0.135
4330.47721 19.290 0.104
4330.71449 19.359 0.113
4331.51934 19.307 0.096
4332.52935 19.250 0.083
4333.55436 19.553 0.169
4334.52709 19.195 0.123
4334.68279 19.766 0.442
4338.52382 19.311 0.174
4338.70237 19.226 0.151
4339.52062 19.177 0.108
4340.64080 19.199 0.104
4341.52489 19.451 0.168
4342.55693 19.308 0.116
4343.54077 19.276 0.086
4344.57032 19.313 0.119
4345.53246 19.339 0.096
4346.54206 19.269 0.125
4347.55639 19.303 0.117
4349.52210 19.358 0.109
4350.57552 19.229 0.083
4351.52727 19.335 0.099
4352.58359 19.404 0.171
4353.53755 19.288 0.103
4354.56631 19.323 0.118
4355.57413 19.225 0.109
4356.53134 19.312 0.129
4357.50274 19.214 0.140
4358.54618 19.159 0.103
4359.51510 19.474 0.160
4361.52847 19.392 0.204
4365.58409 19.192 0.174
4367.53749 19.203 0.124
4368.51043 19.293 0.153
4369.58960 19.195 0.171
4370.51682 19.460 0.119
4371.48463 19.327 0.117
4372.54102 19.361 0.099
4373.53208 19.483 0.173
4377.50529 19.260 0.101
4378.53966 19.352 0.123
4379.55767 19.679 0.234
4380.49712 19.281 0.113
4381.54476 19.476 0.192
4382.53126 19.786 0.255
4383.53550 19.393 0.155
4384.50989 19.511 0.201
4388.57321 19.499 0.222
4393.55194 19.270 0.116
4394.52508 19.225 0.124
4395.50751 19.475 0.156
4395.56130 19.630 0.211
4396.53111 20.423 0.575
4397.55480 19.549 0.195
4398.56013 19.424 0.173
4399.51007 19.382 0.193
4400.55453 19.160 0.178
4403.50843 20.080 0.366
4409.52586 19.660 0.261
4507.88413 19.066 0.132
4511.85113 19.336 0.101
4511.87094 19.194 0.087
4513.88230 19.188 0.084
4517.88144 18.273 0.066
4521.82076 18.602 0.080
4523.89318 18.796 0.092
4525.83709 19.350 0.198
4530.90266 19.311 0.101
4531.84496 18.993 0.118
4534.85004 19.154 0.114
4536.79862 19.241 0.153
4537.85877 19.271 0.082
4538.89117 19.503 0.126
4539.87725 19.119 0.087
4540.82117 19.349 0.091
4541.81371 19.342 0.085
4542.80847 19.390 0.129
4543.80400 19.060 0.085
4544.80096 19.092 0.120
4545.76510 19.220 0.130
4546.77172 19.333 0.151
4547.74642 19.318 0.138
4548.83875 19.273 0.127
4548.88967 19.414 0.185
4550.76882 19.201 0.146
4551.78542 19.448 0.133
4552.73912 19.403 0.216
4556.77851 19.210 0.096
4557.79968 19.250 0.100
4558.72933 19.294 0.105
4559.77018 19.227 0.087
4560.77058 19.286 0.113
4561.75987 19.304 0.087
4564.75017 19.158 0.085
4565.74818 19.280 0.072
4566.74764 19.233 0.082
4567.74759 19.184 0.092
4568.75020 19.345 0.097
4569.76472 19.468 0.108
4570.75279 19.151 0.104
4571.74442 19.209 0.131
4572.77127 19.519 0.123
4573.75946 19.165 0.091
4574.76204 19.150 0.101
4575.77083 19.237 0.102
4576.78690 19.356 0.098
4576.91234 19.299 0.122
4577.85901 19.394 0.121
4577.91504 19.119 0.096
4578.81337 19.253 0.140
4579.88721 19.285 0.132
4583.75400 19.358 0.169
4585.78438 19.185 0.145
4586.76046 19.286 0.124
4587.79404 19.112 0.096
4588.66921 19.054 0.103
4588.90168 19.264 0.087
4589.71565 19.171 0.100
4589.87096 19.305 0.113
4589.93283 19.362 0.144
4590.72444 19.260 0.111
4590.92640 19.252 0.099
4591.66555 19.159 0.111
4591.87688 19.337 0.113
4592.68577 19.072 0.082
4592.87506 19.249 0.112
4593.67496 19.116 0.092
4593.88477 19.330 0.111
4593.92463 19.168 0.102
4594.69619 19.118 0.092
4594.89099 19.302 0.124
4594.94034 19.275 0.174
4595.68877 19.262 0.103
4595.88001 19.241 0.101
4596.68060 19.368 0.125
4596.93849 19.050 0.119
4597.70523 19.176 0.091
4597.89684 19.209 0.096
4598.68143 19.164 0.068
4599.65395 19.499 0.130
4600.66628 19.286 0.084
4600.87498 19.243 0.082
4601.66885 19.389 0.096
4601.88507 19.282 0.081
4602.66141 19.240 0.078
4602.88571 19.367 0.100
4603.87280 19.133 0.100
4606.66921 19.277 0.096
4606.92445 19.279 0.127
4610.76254 19.163 0.095
4611.64809 19.415 0.128
4611.79686 19.242 0.101
4612.66963 19.077 0.090
4615.81192 19.285 0.111
4616.62358 19.288 0.109
4616.83990 19.292 0.110
4617.72450 19.261 0.099
4618.63220 19.291 0.099
4622.64576 19.301 0.116
4622.83066 19.205 0.113
4622.94862 19.325 0.183
4623.69238 19.335 0.140
4623.89000 19.317 0.153
4624.61094 19.088 0.116
4624.83384 19.218 0.104
4624.90292 19.072 0.107
4625.62424 19.329 0.127
4625.84363 19.192 0.118
4625.93218 19.195 0.131
4626.64489 19.391 0.139
4627.58286 19.258 0.096
4627.87229 19.277 0.092
4628.58982 19.010 0.087
4628.77957 19.265 0.112
4628.84189 19.338 0.114
4628.91611 19.211 0.111
4629.65268 19.172 0.077
4629.86032 19.222 0.102
4630.58772 19.313 0.101
4630.80347 19.322 0.088
4630.87302 19.209 0.095
4631.61324 19.370 0.090
4631.81192 19.236 0.082
4631.88730 19.158 0.100
4632.59237 19.340 0.099
4632.88202 19.412 0.157
4633.58941 19.331 0.119
4633.70036 19.205 0.080
4633.83376 19.215 0.102
4638.77385 19.222 0.125
4638.88460 19.427 0.310
4639.59748 19.216 0.104
4639.69503 19.255 0.107
4640.61566 19.447 0.132
4640.74753 19.350 0.102
4641.69121 19.367 0.112
4641.80328 19.373 0.127
4642.61364 19.303 0.092
4642.77582 19.165 0.091
4642.85498 19.605 0.181
4643.57290 19.307 0.116
4644.62140 19.337 0.132
4644.89475 19.399 0.127
4645.55178 19.257 0.130
4645.79950 19.430 0.138
4645.86498 18.894 0.111
4646.54680 19.209 0.086
4646.87255 19.172 0.131
4647.54313 19.357 0.124
4647.75931 19.136 0.107
4647.78352 19.326 0.120
4647.81609 19.394 0.155
4648.54021 19.342 0.122
4648.79408 19.055 0.098
4648.86871 19.451 0.197
4649.55041 19.206 0.102
4649.77679 19.146 0.090
4650.55156 19.128 0.095
4650.81467 19.252 0.117
4651.53499 19.392 0.142
4652.52646 19.159 0.109
4652.74068 19.327 0.093
4653.52215 19.361 0.191
4653.74137 19.118 0.087
4654.56123 19.337 0.126
4654.77581 19.211 0.105
4655.52197 19.223 0.119
4655.74655 19.355 0.093
4656.52394 19.330 0.103
4656.71378 19.203 0.092
4656.83310 19.388 0.159
4657.75233 19.395 0.153
4658.68255 19.305 0.125
4660.63482 19.135 0.104
4661.51201 19.152 0.104
4661.71272 19.331 0.124
4661.77974 18.994 0.099
4665.67962 19.195 0.164
4666.58498 19.232 0.105
4666.68592 19.341 0.122
4666.72817 19.239 0.149
4666.80051 19.119 0.146
4670.57653 19.219 0.140
4671.60515 19.257 0.084
4671.77726 19.062 0.115
4672.53102 19.351 0.087
4672.68118 19.359 0.099
4672.76638 19.246 0.126
4674.53682 19.311 0.119
4674.72700 19.190 0.108
4675.77618 19.377 0.150
4677.51038 19.178 0.093
4677.59434 19.234 0.100
4677.74990 19.351 0.134
4679.64917 19.265 0.132
4681.55853 19.202 0.093
4681.65180 19.322 0.111
4681.74206 19.315 0.121
4682.57636 19.244 0.108
4682.68011 19.228 0.091
4682.77524 19.337 0.126
4683.54144 19.343 0.150
4683.73007 19.410 0.129
4684.53401 19.330 0.107
4684.70540 19.319 0.102
4685.47663 19.365 0.175
4685.75414 19.317 0.126
4686.52277 19.484 0.144
4687.52610 19.389 0.141
4687.76201 19.241 0.124
4688.51940 19.250 0.102
4688.70909 19.225 0.102
4693.56709 19.133 0.094
4694.62822 19.183 0.157
4697.52286 19.199 0.097
4698.52828 19.272 0.085
4699.52646 19.177 0.084
4699.55387 19.239 0.119
4699.56989 19.196 0.109
4699.57643 19.434 0.149
4699.58330 19.919 0.282
4699.60807 19.229 0.132
4699.64094 19.331 0.149
4700.47980 19.282 0.121
4700.53089 19.198 0.078
4701.47516 19.292 0.152
4701.52613 19.301 0.112
4702.54238 19.281 0.098
4703.60984 19.287 0.116
4704.66524 19.179 0.098
4705.59350 19.245 0.109
4707.62169 19.265 0.083
4708.57358 19.345 0.104
4709.53767 19.327 0.160
4710.57839 19.228 0.111
4715.61268 19.493 0.171
4716.61033 19.238 0.124
4720.52808 19.245 0.132
4721.52835 19.365 0.170
4722.49415 19.448 0.166
4724.53089 19.422 0.163
4725.50954 19.303 0.143
4726.49706 19.523 0.195
4728.62344 19.600 0.201
4729.49112 19.340 0.137
4730.49252 19.340 0.116
4731.59950 19.477 0.157
4733.54797 19.305 0.118
4734.57729 19.243 0.118
4737.56592 19.367 0.152
4740.57881 19.574 0.196
4753.56980 19.337 0.167
4758.53554 19.258 0.120
4869.87118 19.655 0.200
4872.86356 19.445 0.200
4873.88534 19.214 0.136
4875.88518 19.232 0.127
4878.85928 19.213 0.120
4884.87591 19.174 0.099
4887.84834 19.118 0.085
4890.90386 19.409 0.145
4896.89552 19.005 0.087
4899.86328 18.730 0.068
4901.79290 18.953 0.106
4903.78858 19.038 0.094
4905.83684 19.273 0.115
4910.83485 19.545 0.168
4911.87180 19.161 0.069
4913.88536 19.280 0.084
4917.73190 19.249 0.088
4921.73390 19.318 0.127
4925.72070 19.281 0.112
4925.83701 19.163 0.073
4926.71383 19.337 0.135
4927.73684 19.342 0.146
4927.89151 19.301 0.118
4928.78530 19.324 0.110
4929.70501 19.330 0.147
4929.73194 19.161 0.121
4930.72393 19.171 0.121
4930.87178 19.185 0.113
4931.76808 19.307 0.147
4932.70221 19.400 0.134
4932.90103 19.152 0.096
4933.71807 19.177 0.123
4933.89579 19.249 0.116
4934.81673 19.340 0.120
4938.71765 19.154 0.098
4939.67848 19.303 0.118
4940.67847 19.461 0.127
4940.85410 19.168 0.116
4941.87255 19.329 0.117
4942.66808 19.396 0.153
4942.69496 19.216 0.102
4942.76692 19.276 0.081
4943.70732 19.286 0.090
4943.86415 19.122 0.077
4944.71874 19.232 0.077
4944.87331 19.276 0.074
4945.66390 19.277 0.129
4946.68654 19.202 0.079
4947.67735 19.148 0.077
4948.65699 19.486 0.140
4950.64773 19.273 0.109
4951.81145 19.234 0.107
4952.78060 19.350 0.099
4953.68082 19.305 0.096
4954.65955 19.225 0.107
4954.72564 19.301 0.101
4955.82864 19.431 0.125
5260.89178 19.377 0.072
5261.82270 19.507 0.100
5262.86030 19.340 0.240
5265.87881 19.350 0.096
5266.82506 19.436 0.100
5267.85232 19.386 0.093
5268.85473 19.534 0.089
5269.81840 19.488 0.069
5270.82406 19.382 0.074
5271.81959 19.493 0.087
5272.82474 19.491 0.092
5273.80973 19.365 0.079
5274.82830 19.416 0.081
5275.81457 19.175 0.074
5276.79275 19.395 0.083
5277.84878 19.597 0.099
5278.82485 19.449 0.100
5279.82612 19.504 0.116
5280.83272 19.421 0.075
5281.81267 19.366 0.069
5282.83541 19.543 0.088
5283.79542 19.411 0.103
5283.88687 19.465 0.094
5284.80111 19.377 0.112
5285.79190 19.352 0.117
5285.92239 19.538 0.216
5286.80759 19.581 0.156
5287.86076 19.339 0.088
5288.78611 19.541 0.121
5289.83801 19.433 0.130
5293.86595 19.406 0.075
5294.83609 19.366 0.068
5295.83951 19.454 0.079
5296.87892 19.453 0.057
5297.91485 19.613 0.075
5299.74763 19.427 0.063
5300.85639 19.457 0.078
5301.86528 19.540 0.099
5306.85041 19.377 0.073
5307.85077 19.418 0.075
5308.83991 19.426 0.078
5309.89483 19.464 0.076
5310.89361 19.419 0.076
5312.75019 18.290 0.043
5313.78658 18.316 0.052
5314.71471 18.455 0.072
5314.92633 18.297 0.041
5315.85513 18.395 0.039
5316.81044 18.374 0.063
5320.64523 18.382 0.045
5320.85189 18.385 0.038
5321.79516 18.435 0.043
5322.81556 18.349 0.038
5323.90585 18.509 0.047
5324.83927 18.501 0.042
5325.75264 18.538 0.038
5326.63837 18.711 0.061
5326.87925 18.603 0.042
5327.82712 18.676 0.048
5328.75635 18.576 0.039
5329.71124 18.636 0.047
5334.87820 19.190 0.062
5335.85346 19.316 0.063
5336.93915 19.386 0.097
5337.94039 19.203 0.133
5339.69871 19.013 0.070
5340.65739 19.113 0.091
5340.91582 19.172 0.149
5341.84704 19.224 0.080
5342.67445 19.439 0.130
5342.87059 19.001 0.086
5343.70419 19.640 0.141
5343.91061 19.178 0.092
5348.84499 19.275 0.079
5349.78221 19.366 0.093
5350.73412 19.074 0.084
5351.89274 18.738 0.063
5352.88913 19.005 0.062
5353.82162 19.124 0.061
5354.83308 19.272 0.077
5355.77697 19.171 0.062
5357.77819 19.461 0.094
5359.74029 19.348 0.079
5364.52756 19.459 0.123
5365.58985 19.441 0.109
5368.63185 19.272 0.112
5376.64797 19.127 0.119
5376.84234 19.430 0.130
5377.53703 19.455 0.128
5377.77983 19.326 0.084
5378.70016 19.511 0.093
5379.50663 19.448 0.092
5379.81038 19.322 0.086
5380.51804 19.651 0.109
5380.70250 19.446 0.069
5381.55437 19.583 0.144
5381.76814 19.429 0.146
5382.64278 19.368 0.095
5383.74221 19.451 0.114
5383.75477 19.364 0.118
5385.85269 19.433 0.080
5386.54744 19.589 0.119
5386.62897 19.359 0.095
5386.71340 19.308 0.073
5387.50864 19.296 0.070
5388.47245 19.840 0.160
5388.81235 19.496 0.107
5389.76187 19.791 0.148
5390.68812 19.022 0.075
5391.54783 19.439 0.113
5392.48507 19.567 0.121
5392.81500 19.513 0.082
5393.79168 19.546 0.131
5396.77434 19.456 0.087
5403.52317 19.536 0.097
5403.71898 19.413 0.099
5404.58701 19.598 0.128
5404.79182 19.518 0.132
5405.79936 19.566 0.142
5407.65618 19.488 0.125
5408.58390 19.327 0.105
5408.77624 19.080 0.103
5409.77838 19.419 0.097
5410.78274 19.584 0.116
5412.51639 19.578 0.123
5412.73858 19.687 0.145
5414.47792 19.429 0.087
5416.63546 19.517 0.097
5418.70231 19.516 0.091
5421.71847 19.606 0.104
5423.53130 19.420 0.064
5426.59733 19.603 0.124
5430.62759 19.347 0.106
5431.62501 19.499 0.123
5432.64208 19.328 0.124
5434.59309 19.486 0.091
5435.58639 19.287 0.081
5436.66385 19.542 0.091
5438.65481 19.494 0.094
5439.65884 19.567 0.114
5443.67871 19.412 0.084
5445.50125 19.408 0.070
5446.59086 19.352 0.070
5447.62525 19.169 0.066
5449.53358 19.531 0.106
5450.62138 19.353 0.093
5453.58538 19.335 0.082
5458.48140 19.475 0.133
5459.52744 19.293 0.081
5460.54266 19.419 0.143
5461.56967 19.238 0.136
5463.49251 19.404 0.097
5464.48480 19.523 0.117
5469.61072 19.415 0.084
5471.60234 18.720 0.045
5473.53352 19.071 0.071
5478.53331 19.474 0.097
5480.57377 19.567 0.147
5485.56471 19.611 0.145
5487.55638 19.487 0.116
5494.53044 19.391 0.148
5620.88064 18.608 0.050
5621.90294 18.835 0.079
5624.89408 19.471 0.074
5626.86532 19.456 0.090
5628.82475 19.473 0.102
5629.85143 19.585 0.113
5631.88075 19.550 0.084
5633.83467 19.654 0.102
5635.86756 19.621 0.121
5637.91032 19.577 0.131
5638.86838 19.634 0.117
5639.82344 19.285 0.096
5640.82863 19.442 0.114
5640.91720 19.180 0.162
5641.82699 19.459 0.091
5641.86516 19.329 0.091
5642.78692 19.581 0.117
5642.90898 19.569 0.151
5643.81093 19.381 0.091
5643.91192 19.260 0.086
5644.82109 19.529 0.139
5647.75163 19.377 0.092
5647.79592 19.425 0.105
5647.83251 19.598 0.158
5647.86434 19.497 0.093
5647.91575 19.325 0.182
5648.82769 19.464 0.075
5648.91522 19.416 0.123
5649.81067 19.448 0.081
5649.91340 19.300 0.081
5650.82303 19.491 0.070
5650.91595 19.457 0.100
5651.82412 19.615 0.080
5652.76117 19.404 0.078
5652.86635 19.470 0.075
5653.92168 19.291 0.087
5654.84273 19.538 0.120
5655.75682 19.459 0.103
5655.83312 19.631 0.093
5656.78774 19.447 0.078
5656.87571 19.460 0.073
5657.83266 19.419 0.067
5657.92256 19.476 0.105
5658.84559 19.610 0.093
5659.77787 19.459 0.088
5659.86086 19.584 0.111
5660.74722 19.485 0.114
5660.83598 19.330 0.068
5660.83746 19.522 0.085
5662.74230 19.528 0.120
5662.84377 19.256 0.075
5662.92386 19.538 0.094
5664.78907 19.321 0.104
5664.89197 19.466 0.100
5665.76890 19.431 0.143
5665.88660 19.345 0.057
5667.81344 19.423 0.081
5668.81554 19.612 0.120
5669.80290 19.358 0.085
5670.77807 19.272 0.092
5671.76069 19.524 0.112
5675.85862 19.261 0.118
5676.76597 19.568 0.072
5677.72089 19.423 0.073
5677.90771 19.481 0.066
5679.81980 19.528 0.100
5680.71123 19.487 0.118
5680.89692 19.470 0.073
5681.79197 19.508 0.096
5682.69040 19.601 0.116
5682.91136 19.209 0.077
5683.86354 19.497 0.083
5684.76753 19.457 0.096
5685.74605 19.526 0.085
5685.94073 19.491 0.287
5686.84873 19.414 0.099
5687.73043 19.568 0.103
5688.91534 19.357 0.119
5690.64349 19.584 0.116
5690.84117 19.627 0.148
5691.77734 19.606 0.114
5692.66623 19.613 0.118
5692.84760 19.441 0.076
5693.68525 19.493 0.095
5693.86930 19.503 0.087
5694.68666 19.811 0.142
5694.87726 19.400 0.085
5695.74140 19.478 0.148
5695.91692 19.429 0.070
5696.74402 19.628 0.114
5696.92741 19.524 0.094
5697.75050 19.574 0.120
5697.91407 19.573 0.103
5698.75009 19.540 0.169
5698.91071 19.646 0.164
5705.71276 19.614 0.171
5705.90354 19.526 0.132
5706.85932 19.279 0.128
5707.72445 19.423 0.095
5708.71709 19.369 0.085
5708.90162 19.455 0.160
5712.57685 19.223 0.168
5712.79285 19.400 0.069
5713.79584 19.269 0.068
5713.80829 19.354 0.070
5714.87461 19.402 0.123
5715.74681 19.421 0.071
5716.58192 19.544 0.123
5716.81534 19.497 0.085
5721.67423 19.169 0.079
5721.68681 19.240 0.080
5721.69998 19.389 0.090
5721.89773 19.468 0.121
5722.73003 19.508 0.083
5722.74351 19.286 0.066
5723.62259 19.366 0.086
5723.79066 19.483 0.070
5724.65063 19.518 0.119
5725.54372 19.623 0.150
5725.76627 19.434 0.077
5726.67465 19.655 0.135
5734.61459 19.587 0.136
5734.83297 19.389 0.113
5735.77580 19.482 0.090
5736.52398 19.698 0.141
5736.69142 19.450 0.061
5737.52488 19.603 0.123
5737.71296 19.515 0.078
5737.88090 19.417 0.092
5738.73998 19.209 0.059
5739.61000 19.491 0.098
5739.79375 19.425 0.082
5740.59015 19.470 0.140
5740.79800 19.564 0.104
5741.56316 19.553 0.101
5741.74533 19.456 0.066
5742.49544 19.315 0.117
5742.68022 19.423 0.064
5742.83387 19.461 0.067
5743.73082 19.446 0.083
5743.88259 19.415 0.126
5744.66228 19.475 0.086
5744.86695 19.397 0.120
5745.64148 19.644 0.115
5745.81618 19.633 0.125
5746.67957 19.472 0.087
5746.85892 19.377 0.121
5747.75109 19.734 0.156
5749.52857 19.553 0.156
5749.69490 19.668 0.118
5752.57298 19.243 0.122
5753.70017 19.581 0.200
5760.46841 19.410 0.168
5760.66167 19.691 0.157
5760.82745 19.591 0.140
5762.52766 19.508 0.107
5763.56381 19.447 0.069
5763.74984 19.441 0.087
5764.56620 19.586 0.105
5764.75076 19.357 0.067
5765.63549 19.323 0.064
5766.49746 19.556 0.109
5766.68153 19.312 0.062
5767.56155 19.567 0.101
5767.76935 19.613 0.127
5768.61876 19.530 0.079
5768.79458 19.501 0.102
5769.66439 19.514 0.063
5770.74150 19.353 0.089
5776.59085 19.549 0.131
5777.50985 19.340 0.074
5777.76094 19.355 0.065
5779.58590 19.540 0.082
5785.61331 19.365 0.101
5786.55722 19.470 0.142
5786.74556 19.548 0.182
5787.59297 19.390 0.073
5788.49488 19.697 0.127
5788.67966 19.589 0.139
5790.57604 19.451 0.117
5790.73680 19.533 0.119
5793.58524 19.357 0.082
5793.74228 19.424 0.141
5794.65994 19.762 0.117
5795.71334 19.454 0.102
5796.46994 19.596 0.149
5796.57652 19.495 0.103
5796.63872 19.544 0.095
5796.68554 19.491 0.107
5801.56070 19.636 0.117
5802.54970 19.277 0.085
5804.54489 19.509 0.116
5805.49383 19.477 0.070
5805.68420 19.368 0.115
5807.62484 19.897 0.173
5812.60705 19.501 0.160
5813.59096 19.505 0.086
5815.55913 19.521 0.082
5816.53932 19.462 0.107
5817.54056 19.577 0.102
5818.52201 19.796 0.143
5819.52160 19.494 0.090
5820.49934 19.581 0.155
5820.65828 19.543 0.173
5822.58793 19.422 0.086
5823.51966 19.852 0.206
5823.60658 19.668 0.127
5824.54354 19.244 0.068
5824.62405 19.375 0.097
5825.56156 19.548 0.098
5826.48447 19.573 0.143
5826.57182 19.686 0.124
5827.51080 19.460 0.155
5827.59129 19.627 0.131
5828.52404 19.278 0.071
5828.59957 19.618 0.107
5829.53497 19.464 0.085
5829.61094 19.460 0.083
5830.54807 19.555 0.083
5831.52012 19.577 0.086
5831.59506 19.550 0.096
5832.54118 19.519 0.084
5833.48757 19.571 0.133
5833.57881 19.516 0.092
5834.53830 19.425 0.072
5835.51929 19.709 0.179
5836.52186 19.478 0.109
5836.58542 19.471 0.120
5839.54277 19.584 0.192
5840.50281 19.906 0.211
5840.58862 19.593 0.122
5841.51517 19.632 0.152
5841.59779 19.769 0.208
5842.56132 19.933 0.224
5843.51873 19.596 0.125
5843.60004 19.504 0.156
5844.54251 19.365 0.116
5845.50339 19.616 0.157
5845.58358 19.503 0.156
5846.54529 19.940 0.252
5850.56928 19.616 0.123
5851.53243 19.598 0.116
5851.57921 19.286 0.110
5852.56216 19.610 0.166
5854.55326 19.601 0.178
5855.54161 19.708 0.158
5856.54849 19.636 0.164
5858.51455 19.514 0.172
5860.49746 18.420 0.060
5861.52968 18.386 0.048
5862.53095 18.477 0.049
5969.87566 19.344 0.093
5972.88004 19.421 0.084
5977.85686 19.505 0.101
5978.85556 19.518 0.091
5979.84526 19.409 0.118
5980.86548 19.680 0.137
5982.86970 19.429 0.072
5983.88186 19.359 0.056
5984.86599 19.373 0.062
5985.85001 19.389 0.092
5986.83127 19.842 0.134
5987.82417 19.402 0.102
5987.89600 19.444 0.076
5988.88349 19.478 0.078
5989.85853 19.733 0.157
5990.82302 19.512 0.099
5991.81690 19.608 0.127
5991.89111 19.494 0.081
5992.85660 19.500 0.085
5993.83627 19.668 0.139
5994.81126 19.352 0.091
5994.89547 19.491 0.087
5996.85004 19.217 0.067
5997.80584 19.533 0.119
5997.89218 19.419 0.077
5998.84376 19.414 0.095
6003.85404 19.498 0.152
6004.78587 19.319 0.099
6004.88225 19.577 0.087
6005.90884 19.205 0.059
6006.82856 19.447 0.066
6006.91719 19.331 0.090
6007.82994 19.471 0.076
6007.91582 19.645 0.150
6008.82375 19.411 0.070
6008.91137 19.389 0.099
6009.82639 19.527 0.078
6009.91082 19.562 0.103
6010.81808 19.343 0.065
6010.90566 19.465 0.054
6011.79814 19.211 0.061
6011.91181 19.268 0.098
6012.81303 19.659 0.081
6012.90925 19.493 0.055
6013.80693 19.632 0.096
6013.90970 19.618 0.080
6014.78327 19.366 0.066
6014.88204 19.675 0.119
6015.76123 19.625 0.082
6016.74105 19.478 0.070
6016.82139 19.521 0.086
6017.73088 19.667 0.124
6017.80737 19.480 0.062
6017.90485 19.284 0.048
6018.79614 19.454 0.091
6018.87782 19.565 0.077
6019.77435 19.519 0.098
6019.87084 19.277 0.055
6020.72929 19.373 0.080
6020.82393 19.500 0.077
6020.90239 19.277 0.078
6021.76248 19.299 0.089
6021.84022 19.346 0.067
6022.71077 19.321 0.138
6022.78748 19.671 0.108
6022.88360 19.476 0.067
6023.74345 19.342 0.089
6023.82370 19.517 0.085
6024.70214 19.105 0.105
6024.78076 19.383 0.085
6024.89248 19.472 0.098
6025.75585 19.426 0.116
6025.84890 19.364 0.111
6031.87727 19.385 0.111
6032.82160 19.338 0.062
6033.74408 19.410 0.103
6034.69314 19.287 0.081
6034.92800 19.415 0.109
6036.79534 19.375 0.066
6036.82041 19.426 0.059
6037.76935 19.555 0.096
6038.73825 19.394 0.098
6039.73293 19.510 0.120
6039.92315 19.414 0.077
6040.91000 19.667 0.104
6041.86254 19.596 0.085
6046.90863 18.408 0.030
6047.79988 18.293 0.029
6048.74003 18.308 0.033
6048.92993 18.390 0.038
6049.86132 18.415 0.029
6050.73682 18.478 0.034
6050.92476 18.481 0.041
6052.75239 18.429 0.037
6052.90991 18.493 0.038
6053.78311 18.413 0.031
6054.88036 18.483 0.040
6058.80218 18.573 0.040
6059.69873 18.577 0.036
6059.87398 18.719 0.040
6061.76337 18.636 0.034
6061.93007 18.744 0.045
6062.82349 18.746 0.044
6063.79266 18.962 0.077
6064.71620 18.845 0.042
6064.90052 18.849 0.049
6065.73585 19.129 0.056
6066.66437 19.272 0.069
6066.84747 19.454 0.078
6067.65116 19.309 0.071
6067.82847 19.246 0.059
6068.65165 19.444 0.093
6068.87059 19.440 0.064
6069.60593 19.347 0.090
6069.81298 19.424 0.067
6070.61557 19.699 0.158
6070.78053 19.272 0.070
6071.58859 19.404 0.104
6071.75492 19.442 0.072
6071.92495 19.665 0.151
6075.74105 19.336 0.065
6076.60232 19.441 0.098
6076.78702 19.166 0.061
6077.70285 19.508 0.091
6077.90334 19.244 0.074
6078.70045 19.525 0.091
6078.88679 19.578 0.083
6079.68035 19.462 0.084
6079.88086 19.518 0.068
6080.64811 19.477 0.103
6080.82551 19.254 0.060
6081.60545 19.441 0.125
6081.77883 19.493 0.089
6082.59751 19.478 0.191
6082.80336 19.527 0.168
6082.88147 19.356 0.196
6085.60098 19.344 0.135
6085.77444 19.350 0.102
6085.93218 19.377 0.131
6086.71713 19.339 0.067
6086.89986 19.546 0.132
6087.80837 19.471 0.099
6088.65196 19.339 0.069
6089.76571 19.385 0.074
6092.61224 19.456 0.092
6092.89711 19.525 0.115
6093.69229 19.424 0.084
6094.55598 19.353 0.127
6094.75270 19.554 0.084
6094.91439 19.517 0.134
6096.76392 19.270 0.084
6097.66680 19.453 0.096
6097.85385 19.430 0.090
6098.64926 19.582 0.118
6098.83001 19.572 0.110
6099.83939 19.446 0.130
6100.68598 19.453 0.074
6100.86319 19.349 0.117
6101.62782 19.491 0.090
6101.80717 19.344 0.079
6102.60239 19.702 0.126
6102.76824 19.346 0.064
6103.51849 19.199 0.093
6103.69736 19.397 0.075
6104.51985 19.500 0.093
6104.68087 19.310 0.050
6104.84735 19.157 0.063
6105.60533 19.567 0.095
6106.56838 19.535 0.121
6108.60827 19.477 0.119
6108.78256 19.709 0.104
6109.76869 19.105 0.123
6109.85478 19.556 0.126
6113.57931 19.580 0.139
6113.73778 19.444 0.109
6114.58760 19.274 0.121
6114.75903 19.321 0.083
6115.52406 19.479 0.099
6115.71200 19.144 0.083
6116.56461 19.365 0.076
6116.74663 19.466 0.085
6117.54232 19.484 0.104
6117.72120 19.579 0.104
6118.49491 19.416 0.094
6118.67939 19.552 0.080
6118.83503 19.328 0.069
6119.63205 19.605 0.087
6119.78017 19.556 0.110
6120.66684 19.450 0.073
6120.83444 19.251 0.089
6121.64575 19.462 0.070
6121.78753 19.357 0.059
6123.67911 19.509 0.076
6123.83220 19.442 0.073
6124.68536 19.641 0.099
6125.51410 19.595 0.108
6125.68758 19.542 0.086
6126.51138 19.493 0.101
6126.72248 19.673 0.106
6127.63740 19.461 0.097
6128.61714 19.815 0.123
6130.79905 19.693 0.192
6131.69658 19.235 0.062
6131.76987 19.438 0.083
6132.72021 19.437 0.072
6133.67973 19.555 0.087
6134.57923 19.537 0.121
6135.54860 19.373 0.136
6135.77038 19.480 0.082
6136.75864 19.806 0.200
6140.55752 19.425 0.141
6140.73073 19.378 0.231
6141.58390 19.432 0.131
6141.74949 19.386 0.111
6142.68561 19.346 0.142
6147.63619 19.198 0.083
6148.57389 19.303 0.054
6149.59406 19.546 0.097
6150.47454 19.637 0.149
6150.61541 19.332 0.086
6151.51906 19.485 0.129
6151.60982 19.596 0.118
6151.68200 19.607 0.124
6152.48637 19.513 0.102
6152.55699 19.451 0.099
6152.67032 19.625 0.087
6153.66898 19.544 0.113
6154.47825 19.394 0.090
6154.63516 19.455 0.085
6154.71241 19.531 0.095
6157.63770 18.805 0.054
6157.68352 18.846 0.053
6158.50378 18.723 0.037
6158.58126 18.622 0.045
6158.68588 18.771 0.042
6159.51539 18.809 0.071
6159.56983 18.850 0.052
6159.61737 18.871 0.053
6160.49617 19.086 0.068
6160.60700 19.038 0.052
6160.71758 19.145 0.066
6161.50356 19.382 0.110
6161.67115 19.290 0.076
6161.70326 19.749 0.151
6163.65247 19.536 0.149
6164.50543 19.339 0.088
6164.56917 19.571 0.127
6164.63923 19.401 0.117
6164.69316 19.620 0.151
6164.69466 19.588 0.139
6165.58280 19.519 0.121
6165.62452 19.477 0.107
6165.66771 19.372 0.101
6165.70020 19.434 0.127
6166.69601 19.200 0.133
6167.52885 19.195 0.148
6167.62066 19.765 0.247
6167.66912 19.673 0.212
6167.67090 19.372 0.156
6168.54791 19.517 0.082
6168.63856 19.320 0.075
6168.69013 19.551 0.086
6169.51129 19.407 0.101
6169.59897 19.366 0.082
6169.66325 19.418 0.094
6171.53979 19.308 0.072
6171.62746 19.262 0.084
6172.52641 19.290 0.068
6172.59606 19.588 0.083
6172.67952 19.390 0.100
6174.57576 19.575 0.130
6175.54721 19.212 0.080
6179.49049 20.001 0.196
6179.52696 19.903 0.165
6179.57815 19.422 0.112
6179.62163 19.651 0.161
6180.50894 19.497 0.104
6180.53771 19.515 0.117
6180.59289 19.497 0.125
6180.67368 19.419 0.167
6181.51269 19.533 0.091
6181.57953 19.422 0.069
6181.64239 19.467 0.096
6182.49598 19.335 0.082
6182.57500 19.472 0.082
6182.65614 19.365 0.097
6183.58464 19.515 0.067
6184.53575 19.475 0.071
6184.57435 19.572 0.067
6184.65453 19.460 0.099
6185.52709 19.655 0.086
6185.63471 19.494 0.088
6186.48282 19.695 0.144
6186.52727 19.438 0.096
6190.51849 19.358 0.090
6190.55086 19.413 0.085
6191.57143 19.606 0.094
6191.58943 19.555 0.107
6191.63286 19.539 0.088
6195.53374 19.255 0.071
6195.61173 19.522 0.097
6196.53163 19.749 0.163
6196.61339 19.928 0.183
6197.53301 19.451 0.111
6198.50116 19.755 0.207
6199.55360 19.349 0.137
6200.58110 19.375 0.126
6201.51205 19.905 0.231
6202.51726 19.889 0.245
6202.59281 19.864 0.272
6203.49819 19.527 0.157
6203.58444 19.457 0.125
6204.53805 19.464 0.096
6204.61480 19.119 0.096
6205.48379 19.719 0.174
6205.56089 19.575 0.096
6207.56037 19.523 0.166
6207.56238 19.829 0.216
6208.50924 19.533 0.116
6209.56845 19.750 0.145
6210.48596 19.278 0.152
6210.53181 19.656 0.108
6210.60463 19.317 0.107
6211.48661 19.648 0.147
6211.56296 19.546 0.088
6211.60135 19.528 0.108
6212.48363 19.817 0.211
6212.55895 19.455 0.083
6213.48848 19.607 0.159
6213.51098 19.639 0.121
6213.57923 19.642 0.139
6214.48994 19.310 0.102
6214.56535 19.939 0.178
6215.52276 19.821 0.196
6216.56825 19.583 0.108
6217.48887 19.432 0.101
6217.52396 19.441 0.072
6218.49892 19.502 0.099
6218.57557 19.543 0.135
6219.49274 19.421 0.136
6219.50337 19.534 0.125
6223.56329 19.455 0.139
6224.50952 19.498 0.151
6225.55288 19.591 0.201
6226.49601 19.473 0.143
6227.51034 19.280 0.104
6230.52161 19.565 0.227
6231.49593 19.811 0.283
6232.49393 19.915 0.482
6232.49761 19.836 0.325
6233.49624 19.822 0.368
6233.52263 19.522 0.147
6234.50051 19.482 0.166
6235.50303 19.242 0.131
6238.50500 19.367 0.142
6239.50707 19.753 0.227
6334.86374 19.487 0.098
6335.84818 19.410 0.091
6337.89331 19.650 0.128
6338.87309 19.354 0.069
6340.84376 19.457 0.087
6341.88129 19.558 0.125
6343.84614 19.437 0.121
6344.85917 19.526 0.089
6345.87842 19.520 0.088
6347.88117 19.606 0.103
6348.87857 19.526 0.093
6350.89791 19.532 0.117
6351.90406 19.536 0.170
6352.89526 19.459 0.092
6353.88390 19.261 0.072
6354.88854 19.219 0.071
6360.79818 19.582 0.081
6360.88315 19.482 0.076
6361.85854 19.477 0.077
6362.80658 19.756 0.114
6362.89534 19.462 0.084
6363.86793 19.469 0.089
6367.87166 19.476 0.069
6368.80913 19.520 0.070
6368.90155 19.289 0.075
6369.84236 19.446 0.084
6370.79453 19.303 0.061
6370.88656 19.315 0.075
6371.80807 19.381 0.070
6371.89908 19.389 0.055
6372.81034 19.387 0.074
6372.89260 19.523 0.080
6373.82726 19.535 0.092
6373.90628 19.516 0.098
6374.83350 19.486 0.098
6374.91454 19.380 0.088
6375.84850 19.412 0.072
6376.75611 19.486 0.099
6376.84460 19.811 0.106
6377.75454 19.408 0.082
6377.85636 19.380 0.055
6378.76367 19.585 0.091
6378.85142 19.618 0.079
6379.75134 19.288 0.085
6379.83828 19.235 0.085
6380.75111 19.269 0.071
6380.85274 19.468 0.078
6381.77181 19.296 0.067
6381.85969 19.233 0.056
6382.76624 19.422 0.123
6382.84383 19.373 0.095
6386.75934 19.500 0.096
6386.85865 19.256 0.073
6387.74819 19.603 0.082
6387.83099 19.416 0.068
6387.91453 19.677 0.122
6388.74807 19.599 0.102
6388.85920 19.622 0.083
6388.87530 19.510 0.077
6389.75092 19.281 0.072
6389.84000 19.385 0.064
6389.92297 19.281 0.096
6390.78776 19.512 0.071
6390.87228 19.541 0.083
6391.79580 19.444 0.096
6393.79364 19.197 0.081
6394.74812 19.527 0.105
6395.71309 19.391 0.103
6396.85072 19.387 0.052
6397.78782 19.701 0.079
6398.70586 19.386 0.070
6399.80797 19.367 0.065
6400.76088 19.610 0.085
6401.72333 19.530 0.081
6403.73599 19.355 0.064
6405.82581 19.115 0.082
6405.86214 19.796 0.096
6406.87843 19.668 0.167
6408.74488 19.455 0.139
6416.69054 19.434 0.104
6418.66356 19.496 0.094
6419.71240 19.365 0.070
6420.73003 19.469 0.069
6422.68595 19.609 0.092
6423.64813 19.766 0.149
6423.85574 19.558 0.096
6424.69659 19.493 0.083
6426.80420 19.632 0.088
6427.93271 19.138 0.078
6429.94974 19.367 0.207
6431.78827 19.357 0.075
6432.64272 19.508 0.111
6432.81083 19.344 0.083
6433.61510 19.577 0.158
6434.69950 19.431 0.103
6434.88987 19.536 0.091
6435.74006 19.225 0.071
6436.71837 19.519 0.106
6436.90605 19.472 0.099
6437.84188 19.471 0.160
6441.70195 19.265 0.103
6441.94776 19.269 0.202
6442.90320 19.222 0.066
6443.65658 19.462 0.134
6444.93405 19.296 0.089
6445.74778 19.245 0.067
6446.93183 19.423 0.090
6447.69854 19.404 0.088
6448.63845 19.713 0.124
6448.82408 19.328 0.063
6449.59753 19.356 0.078
6450.56368 19.714 0.140
6450.73308 19.382 0.060
6450.90233 19.656 0.102
6451.66409 19.506 0.094
6451.84971 19.267 0.078
6452.62823 19.428 0.071
6452.86373 19.501 0.067
6454.63786 19.332 0.076
6454.82284 19.334 0.072
6455.60232 19.583 0.112
6456.60399 19.365 0.059
6456.79037 19.533 0.075
6457.76368 19.550 0.070
6458.54882 19.382 0.102
6458.72256 19.573 0.110
6458.89962 19.239 0.080
6459.66649 19.213 0.060
6459.85535 19.358 0.067
6460.72169 19.247 0.068
6461.61202 19.551 0.105
6461.82380 19.184 0.065
6462.69129 19.524 0.089
6463.55381 19.366 0.107
6463.74323 19.379 0.083
6464.56229 19.273 0.120
6464.74169 19.473 0.110
6468.54713 19.405 0.122
6468.74242 19.506 0.117
6469.61086 19.307 0.084
6469.83102 19.231 0.094
6472.79051 19.113 0.075
6473.56615 19.498 0.097
6473.75176 19.394 0.071
6474.51067 19.329 0.119
6476.61058 19.423 0.104
6477.60392 19.491 0.093
6480.61769 19.594 0.118
6484.52378 19.232 0.089
6485.60319 19.305 0.085
6485.82351 19.473 0.094
6486.56278 19.390 0.077
6486.77188 19.560 0.086
6487.56244 19.775 0.117
6487.76086 19.610 0.070
6489.59563 19.376 0.080
6489.81051 19.506 0.119
6490.63942 19.417 0.079
6491.48550 19.581 0.143
6492.51906 19.629 0.135
6496.54264 19.419 0.136
6497.63807 19.436 0.116
6498.47149 19.402 0.079
6498.65175 19.542 0.096
6499.48575 19.272 0.082
6500.61062 19.411 0.115
6501.62211 19.688 0.092
6505.53704 19.680 0.123
6505.73679 19.585 0.109
6506.66466 19.604 0.116
6507.72520 19.587 0.151
6508.63394 19.281 0.066
6509.54758 19.495 0.064
6511.54711 19.227 0.076
6512.72443 19.202 0.083
6514.67708 18.621 0.036
6515.62847 18.360 0.025
6516.62012 18.429 0.034
6518.63272 18.511 0.029
6519.58555 18.396 0.029
6523.51805 19.121 0.074
6524.61947 19.380 0.081
6525.62548 19.388 0.114
6531.68007 19.633 0.117
6532.67550 19.351 0.090
6536.47948 19.670 0.148
6538.57044 19.541 0.106
6546.61816 19.430 0.104
6560.57194 19.611 0.105
6562.53119 19.540 0.096
6563.57418 19.354 0.095
6564.51247 19.642 0.148
6564.59821 19.538 0.115
6565.57580 19.420 0.091
6567.55212 19.514 0.118
6568.54866 19.472 0.139
6569.50932 19.413 0.072
6569.59146 19.568 0.080
6570.56921 19.501 0.121
6571.58168 19.337 0.106
6572.54186 19.554 0.097
6573.50503 19.542 0.099
6573.59242 19.224 0.075
6577.57110 19.111 0.121
6578.56484 19.492 0.123
6579.52138 19.373 0.106
6581.57696 19.657 0.143
6582.58125 19.386 0.106
6583.57154 18.817 0.108
6584.57166 19.054 0.142
6585.56823 19.618 0.164
6590.53994 19.524 0.141
6593.53071 18.926 0.074
