2127.48967 19.710 0.163
2130.52253 20.328 0.161
2133.53663 20.029 0.142
2136.65785 20.143 0.196
2141.64861 20.037 0.214
2165.57107 20.035 0.184
2171.63809 19.873 0.156
2189.52344 19.817 0.195
2212.54880 19.754 0.160
2214.50608 19.537 0.181
2337.83571 19.939 0.140
2352.85318 20.051 0.140
2361.84765 20.160 0.196
2373.80241 20.058 0.167
2384.83828 20.112 0.150
2388.83756 20.055 0.156
2390.87591 19.962 0.160
2393.86980 19.685 0.192
2400.81712 20.473 0.206
2402.92386 20.012 0.188
2406.86662 19.957 0.165
2411.72465 19.926 0.143
2415.89990 20.721 0.371
2417.86762 20.053 0.162
2425.89709 20.844 0.767
2428.88069 23.102 3.723
2432.90943 20.187 0.354
2434.79730 20.241 0.168
2436.84601 20.178 0.209
2438.82738 20.282 0.180
2441.78216 20.150 0.148
2445.69879 20.492 0.188
2448.73252 20.033 0.294
2454.75052 20.030 0.164
2460.72951 20.479 0.273
2463.60913 20.114 0.138
2466.58310 20.163 0.145
2468.76771 20.005 0.153
2470.75152 20.397 0.211
2472.78606 20.424 0.230
2481.62703 20.173 0.248
2484.68924 20.119 0.195
2486.78230 21.753 1.344
2491.51139 20.543 0.361
2493.70972 20.508 0.249
2496.55570 20.678 0.189
2498.59377 20.163 0.111
2500.61994 20.401 0.177
2502.63808 20.457 0.267
2510.53522 20.202 0.172
2516.49842 20.248 0.207
2517.54530 20.196 0.279
2520.65405 20.363 0.199
2529.52056 19.836 0.117
2538.56984 20.160 0.207
2542.55879 20.307 0.286
2548.52399 19.840 0.159
2552.56063 20.283 0.229
2557.52560 20.188 0.178
2561.52154 19.839 0.214
2568.55605 20.674 0.491
2708.87377 19.908 0.124
2719.87993 19.816 0.137
2729.90553 20.033 0.156
2734.84033 20.187 0.133
2747.76366 19.930 0.211
2754.77344 20.099 0.158
2757.83852 20.110 0.176
2763.79160 20.254 0.172
2767.88391 20.704 0.346
2775.78933 20.032 0.238
2783.87840 20.308 0.170
2785.74473 20.664 0.255
2788.62420 20.185 0.187
2790.77052 20.071 0.158
2793.69767 19.931 0.184
2795.65720 20.011 0.149
2797.66831 20.076 0.120
2809.78842 19.865 0.161
2811.70885 20.222 0.213
2812.83812 20.227 0.199
2813.88190 20.751 0.426
2815.86263 19.944 0.149
2817.76113 20.036 0.157
2819.67151 20.236 0.153
2821.72066 19.928 0.133
2830.69221 20.332 0.243
2835.70240 20.161 0.185
2837.71284 20.102 0.328
2839.77261 20.106 0.201
2841.79375 20.265 0.198
2843.72102 19.959 0.132
2845.71068 19.955 0.126
2852.61809 19.893 0.197
2854.61158 20.090 0.198
2857.52180 20.013 0.151
2858.73412 20.118 0.184
2862.64512 20.110 0.228
2865.62527 20.270 0.158
2868.62155 20.092 0.154
2871.70220 20.241 0.184
2876.70321 19.981 0.147
2879.66858 20.102 0.218
2884.69970 20.106 0.227
2893.57620 20.009 0.128
2894.68574 19.638 0.200
2900.51140 20.625 0.347
2911.57174 20.114 0.188
2918.61444 19.613 0.185
2931.56848 20.064 0.180
3052.88086 20.293 0.184
3059.86848 20.319 0.191
3064.87983 19.931 0.120
3068.83291 19.983 0.141
3071.88545 19.808 0.125
3073.89462 20.496 0.193
3077.78477 19.806 0.378
3080.83076 20.110 0.172
3081.83746 20.425 0.187
3082.84637 20.322 0.162
3083.77935 20.261 0.153
3084.82889 20.173 0.134
3085.87459 19.889 0.101
3087.82665 19.922 0.125
3088.81384 20.147 0.127
3089.76810 20.100 0.140
3090.79847 19.939 0.102
3091.84442 20.099 0.143
3092.88272 19.859 0.176
3093.89376 19.833 0.161
3096.82054 20.017 0.176
3097.82700 19.859 0.106
3098.82740 20.358 0.143
3099.85302 19.902 0.131
3100.78267 19.988 0.141
3101.82232 20.289 0.176
3102.85466 20.211 0.177
3103.81153 20.168 0.158
3104.77028 21.151 1.100
3106.91682 19.972 0.147
3107.80086 19.808 0.113
3108.80347 20.092 0.128
3109.77757 20.460 0.167
3110.89684 20.309 0.187
3112.85385 19.851 0.104
3113.91128 20.112 0.121
3114.84882 19.904 0.110
3116.83640 20.449 0.236
3122.84293 20.055 0.216
3124.76438 19.817 0.150
3124.87354 21.324 0.670
3125.70826 20.324 0.290
3125.79429 20.861 0.472
3125.85561 20.349 0.235
3125.90932 20.307 0.222
3126.62528 19.701 0.154
3126.68621 20.182 0.166
3126.80588 20.152 0.139
3126.90743 20.309 0.172
3127.63667 20.245 0.220
3127.89191 20.547 0.236
3128.63288 20.502 0.291
3128.75383 20.207 0.168
3128.88116 20.023 0.167
3128.92694 20.418 0.234
3129.62861 19.761 0.198
3129.70937 20.268 0.220
3129.78335 20.223 0.275
3130.66904 20.030 0.213
3130.75880 20.469 0.266
3130.91154 20.830 0.399
3131.62403 20.480 0.447
3134.89419 19.850 0.298
3135.77907 19.978 0.119
3135.93695 19.960 0.148
3137.82990 20.297 0.225
3138.71240 20.152 0.198
3139.80181 20.014 0.117
3139.91445 20.525 0.193
3140.68534 20.264 0.174
3141.75308 20.065 0.131
3142.82731 20.357 0.170
3144.84531 20.173 0.146
3146.91171 19.026 0.046
3147.92732 19.171 0.077
3151.81928 19.149 0.085
3151.94315 19.704 0.179
3152.81896 19.370 0.082
3153.81756 19.319 0.090
3154.90730 19.593 0.142
3156.92425 19.808 0.146
3157.89145 19.662 0.121
3158.70396 20.031 0.297
3162.85524 19.708 0.114
3163.81760 20.087 0.133
3164.80332 19.714 0.098
3164.91080 20.446 0.274
3166.91669 20.036 0.276
3167.66616 19.929 0.163
3168.81643 20.217 0.151
3169.84237 19.424 0.126
3170.87192 20.557 0.195
3171.71814 20.179 0.121
3172.82036 20.338 0.186
3173.80366 20.362 0.217
3174.77092 20.113 0.140
3175.85183 20.092 0.164
3177.82748 20.140 0.200
3179.57031 20.185 0.168
3179.87220 21.123 0.409
3180.78873 20.161 0.128
3182.84899 19.956 0.140
3183.80480 20.972 0.412
3184.76342 20.812 0.283
3185.61829 20.371 0.161
3193.61357 20.073 0.110
3194.50871 20.290 0.283
3194.80250 20.051 0.153
3195.73709 20.183 0.120
3196.58997 20.244 0.187
3196.83274 20.784 0.318
3197.77845 20.141 0.169
3199.77499 20.445 0.251
3201.82216 20.092 0.197
3202.76956 20.323 0.190
3203.59868 20.028 0.087
3204.74673 20.130 0.146
3205.67704 19.986 0.095
3206.78352 21.611 0.920
3210.56059 20.268 0.260
3211.74053 20.358 0.250
3217.71643 20.543 0.257
3218.72742 20.149 0.224
3223.71649 19.835 0.169
3224.76097 20.026 0.202
3226.69809 20.102 0.207
3228.68197 20.175 0.185
3229.71272 19.929 0.147
3230.72863 20.362 0.213
3231.65585 19.600 0.134
3232.67134 20.550 0.295
3238.68044 20.439 0.287
3240.52960 19.992 0.152
3241.71326 20.075 0.305
3245.64225 21.585 0.791
3247.50355 20.057 0.170
3249.61595 20.209 0.211
3251.51895 20.125 0.201
3254.58236 19.930 0.186
3257.53846 20.293 0.134
3260.58395 19.847 0.174
3265.53691 19.710 0.126
3267.59515 19.909 0.156
3273.49015 19.197 0.114
3277.51353 20.365 0.280
3280.51439 20.446 0.254
3282.58510 19.587 0.085
3289.51926 19.194 0.101
3294.51456 20.748 0.368
3296.51368 19.407 0.102
3302.51085 20.200 0.242
3418.85372 20.066 0.144
3423.88176 19.935 0.108
3427.83546 20.435 0.233
3429.90756 20.258 0.230
3436.86746 20.928 0.383
3443.83489 20.300 0.145
3445.86708 20.065 0.106
3447.91141 20.190 0.169
3450.79105 20.172 0.128
3453.83448 20.407 0.191
3455.89952 20.489 0.264
3456.92071 20.189 0.188
3458.86969 20.208 0.156
3459.88489 20.094 0.152
3468.86838 20.256 0.131
3469.87110 20.420 0.146
3472.85597 20.271 0.144
3474.78964 19.761 0.142
3476.76616 19.995 0.101
3478.86152 20.239 0.150
3480.87714 21.053 0.364
3483.81044 20.844 0.257
3496.90538 19.955 0.155
3497.89238 20.214 0.171
3500.90144 20.082 0.152
3502.88328 20.215 0.147
3503.86280 20.239 0.152
3506.92586 20.208 0.165
3508.90323 20.510 0.309
3509.88605 20.194 0.121
3511.90959 19.832 0.108
3512.89617 20.354 0.236
3520.66173 19.845 0.113
3521.76396 19.848 0.111
3521.79245 19.871 0.124
3522.86005 20.294 0.194
3524.85136 19.949 0.141
3527.63461 20.142 0.148
3528.87894 19.984 0.148
3529.91777 20.690 0.270
3530.85726 19.976 0.094
3530.88862 19.930 0.106
3538.84683 19.891 0.113
3541.88100 20.182 0.193
3544.87733 19.346 0.109
3547.84582 19.769 0.148
3550.82260 20.244 0.148
3551.83459 19.971 0.134
3552.82996 20.898 0.402
3554.85895 20.665 0.306
3556.84100 19.671 0.179
3558.61790 19.971 0.103
3559.62631 20.132 0.145
3560.70271 20.098 0.126
3561.60991 20.583 0.200
3562.65731 21.169 0.304
3563.72195 20.232 0.143
3569.64996 19.794 0.217
3573.78035 19.832 0.158
3574.75258 21.459 0.641
3575.69449 19.703 0.085
3576.76114 20.993 0.378
3578.73561 20.329 0.162
3579.68413 20.150 0.112
3580.72378 20.322 0.213
3581.73363 19.621 0.121
3582.68259 19.911 0.097
3583.70077 20.552 0.252
3585.70332 20.157 0.114
3586.75736 19.959 0.113
3589.74676 19.985 0.131
3590.74299 20.060 0.157
3591.72460 19.872 0.108
3592.69581 20.262 0.134
3603.71456 19.565 0.121
3607.69851 20.628 0.338
3608.69114 20.614 0.227
3615.64603 20.861 0.317
3617.61048 20.953 0.413
3619.60759 19.353 0.067
3621.64927 19.178 0.077
3629.53351 19.834 0.106
3631.56240 19.427 0.109
3633.58736 19.518 0.153
3640.52074 20.202 0.206
3644.59655 19.571 0.123
3649.57253 23.826 5.234
3652.54651 19.780 0.181
3656.53928 19.843 0.162
3660.54348 19.610 0.151
3665.52629 21.083 0.488
3670.51192 19.671 0.186
3777.88408 19.506 0.100
3783.87510 19.746 0.092
3785.88610 20.068 0.157
3788.89010 20.008 0.158
3791.90187 20.058 0.240
3794.87940 20.487 0.204
3796.87117 20.260 0.183
3797.87083 19.948 0.120
3800.85189 20.610 0.333
3802.79881 19.837 0.121
3803.83140 20.101 0.143
3804.87859 20.146 0.152
3806.89106 20.208 0.144
3808.87610 20.118 0.140
3810.79207 20.010 0.170
3812.77821 19.769 0.172
3814.76910 20.049 0.164
3818.83407 19.703 0.093
3819.89350 20.083 0.107
3820.88571 20.274 0.148
3821.89711 20.167 0.140
3822.90896 19.979 0.107
3824.90397 20.002 0.169
3825.89608 20.044 0.130
3827.89519 20.451 0.154
3828.90731 20.803 0.333
3829.90321 20.094 0.125
3830.86683 19.703 0.093
3832.89744 20.210 0.158
3833.88586 20.316 0.149
3834.81099 20.106 0.115
3835.86342 19.956 0.096
3836.87289 19.931 0.114
3837.85167 20.264 0.161
3838.85579 20.481 0.214
3839.87489 19.518 0.136
3840.85888 19.826 0.107
3841.84213 20.205 0.163
3842.75607 19.615 0.125
3842.90491 21.307 0.919
3845.84572 20.140 0.183
3846.85051 20.294 0.148
3847.89241 20.192 0.215
3848.86610 20.079 0.154
3849.89445 20.369 0.215
3850.81540 19.995 0.149
3851.82168 20.144 0.198
3852.81378 20.306 0.156
3853.80302 20.246 0.126
3856.79171 20.142 0.154
3858.85571 20.080 0.149
3859.89434 20.299 0.199
3860.84708 20.757 0.343
3861.83183 19.919 0.098
3861.86235 19.880 0.103
3861.88832 19.976 0.117
3862.64074 19.567 0.118
3862.66810 19.992 0.171
3862.69428 19.931 0.127
3862.71712 19.994 0.124
3862.72608 19.984 0.129
3862.74358 20.161 0.131
3862.76458 19.976 0.124
3862.79904 20.119 0.114
3862.85843 20.117 0.131
3862.93199 20.058 0.184
3863.64228 20.381 0.213
3863.78378 20.056 0.118
3863.92726 20.082 0.128
3864.64531 20.923 0.396
3864.80722 20.144 0.113
3865.65673 20.395 0.214
3865.77000 19.832 0.108
3866.73516 20.328 0.156
3867.74253 20.487 0.238
3868.73790 20.314 0.234
3869.71960 19.843 0.152
3869.93404 20.098 0.235
3872.85694 20.049 0.131
3873.72310 20.068 0.135
3874.76986 19.839 0.138
3875.75170 20.356 0.145
3877.71145 20.269 0.136
3880.77823 19.942 0.112
3881.78681 20.189 0.134
3882.72174 20.038 0.140
3883.77352 20.728 0.254
3886.73425 19.866 0.115
3887.71685 20.118 0.139
3889.87861 20.032 0.127
3891.61026 20.094 0.203
3892.74549 20.314 0.166
3893.77670 19.828 0.180
3894.81375 20.292 0.220
3896.76413 20.209 0.181
3900.66091 20.213 0.204
3901.66643 21.006 0.374
3902.68394 20.085 0.125
3903.82148 20.224 0.173
3904.66379 19.708 0.081
3905.67450 20.206 0.131
3906.65233 20.116 0.136
3907.71837 20.106 0.219
3907.74412 19.817 0.140
3908.65826 19.861 0.092
3909.65636 20.120 0.111
3912.66045 19.856 0.076
3912.74325 20.101 0.101
3912.77483 19.989 0.093
3912.80401 19.999 0.106
3912.83322 19.836 0.104
3912.86269 20.150 0.143
3913.48523 20.462 0.196
3913.51740 20.078 0.114
3913.54667 20.041 0.102
3913.57578 20.140 0.108
3913.61047 20.071 0.107
3913.65197 19.792 0.084
3913.66065 20.118 0.112
3913.69031 20.222 0.140
3913.71956 20.455 0.189
3913.75214 20.288 0.173
3913.78249 20.846 0.240
3914.51109 20.409 0.315
3914.70260 21.138 0.323
3915.48686 20.274 0.235
3915.65754 19.745 0.090
3915.78324 20.160 0.135
3917.75644 20.757 0.291
3918.75673 19.996 0.116
3919.68691 19.762 0.087
3920.64062 20.675 0.277
3921.64906 19.833 0.154
3930.71071 20.348 0.179
3931.62688 20.003 0.137
3932.58534 20.123 0.127
3933.63759 19.892 0.075
3934.60465 20.200 0.128
3934.80605 19.775 0.111
3935.58567 19.937 0.109
3936.57072 20.706 0.246
3936.82182 19.780 0.156
3937.64948 20.695 0.243
3938.61497 20.423 0.178
3940.75577 20.260 0.140
3944.71077 19.988 0.117
3945.64663 20.169 0.156
3946.64285 20.026 0.127
3950.65363 20.344 0.157
3951.66924 20.050 0.193
3957.68576 20.634 0.419
3959.63003 19.987 0.131
3960.62116 20.181 0.113
3963.62658 20.012 0.129
3964.66270 20.235 0.146
3965.63757 19.874 0.094
3966.63206 19.685 0.109
3967.65548 20.256 0.177
3968.61499 20.884 0.311
3969.62543 20.339 0.184
3970.63221 20.881 0.339
3971.66354 19.937 0.135
3973.69179 20.095 0.172
3974.62932 19.776 0.108
3975.62185 19.987 0.122
3976.61581 20.304 0.163
3979.65099 19.652 0.142
3982.68371 21.334 1.027
3986.66431 19.420 0.147
3987.61310 20.433 0.206
3988.64529 21.338 0.486
3989.56339 19.891 0.165
3991.56478 20.382 0.211
3995.51262 21.026 0.345
4001.58297 19.570 0.097
4002.61858 19.669 0.102
4003.57303 19.769 0.087
4011.55636 19.443 0.114
4015.58535 19.562 0.151
4017.55902 20.346 0.218
4019.56036 19.581 0.119
4021.58328 19.979 0.204
4025.50154 21.434 0.569
4027.50927 19.926 0.152
4029.55083 19.806 0.174
4150.88335 20.292 0.242
4155.85566 20.084 0.178
4158.81751 19.961 0.161
4160.87249 20.430 0.311
4162.86813 20.261 0.230
4164.90800 20.050 0.248
4167.83559 20.089 0.197
4169.84711 19.707 0.115
4170.82419 19.934 0.155
4174.78681 20.300 0.241
4174.85718 20.021 0.157
4174.86032 19.996 0.149
4176.83888 20.313 0.198
4177.89258 19.928 0.133
4179.79035 20.220 0.192
4180.84209 20.153 0.207
4182.76521 19.976 0.154
4183.80422 19.738 0.128
4184.87229 20.090 0.126
4185.85161 20.059 0.151
4190.87800 19.938 0.136
4192.88237 20.373 0.184
4193.89328 20.018 0.154
4194.91483 19.959 0.166
4202.88462 20.030 0.123
4203.87281 20.086 0.127
4204.87191 20.314 0.187
4205.86840 19.853 0.111
4207.87209 20.089 0.129
4208.90174 19.883 0.128
4213.86983 19.244 0.056
4215.90738 19.222 0.066
4216.82818 19.231 0.079
4217.85414 19.455 0.064
4218.89134 19.640 0.097
4219.93503 19.863 0.265
4220.87539 19.930 0.167
4222.84190 19.524 0.091
4228.82705 19.909 0.202
4229.80586 20.454 0.221
4230.79283 19.750 0.099
4231.81493 19.874 0.120
4232.82621 19.977 0.202
4234.77024 20.261 0.172
4235.79222 20.149 0.145
4238.81606 20.329 0.239
4239.91751 20.176 0.246
4243.70980 19.468 0.151
4244.87165 20.342 0.282
4245.86490 20.696 0.345
4246.91955 20.503 0.282
4250.88543 20.141 0.303
4256.73770 20.164 0.252
4258.72714 20.273 0.194
4268.63063 19.893 0.147
4269.67079 20.205 0.147
4272.72205 20.243 0.153
4273.68147 20.920 0.358
4274.66514 20.020 0.155
4275.72215 19.883 0.160
4277.62112 20.134 0.185
4278.69586 20.476 0.304
4283.64080 20.439 0.245
4284.62465 20.071 0.183
4285.63134 20.627 0.358
4286.72520 20.795 0.539
4289.67114 20.211 0.225
4290.75105 19.858 0.181
4291.74889 20.061 0.193
4292.61001 19.815 0.103
4293.63743 19.930 0.114
4294.60923 19.924 0.127
4295.63856 20.036 0.116
4296.61805 20.231 0.150
4297.61181 20.009 0.119
4298.72136 20.419 0.218
4299.47208 19.832 0.141
4299.49101 19.862 0.134
4299.54883 20.041 0.118
4299.68833 20.448 0.207
4299.80839 20.278 0.248
4300.46891 20.226 0.281
4300.77586 20.121 0.175
4300.81316 20.249 0.236
4301.49067 20.398 0.203
4301.81405 20.269 0.202
4302.55318 20.643 0.304
4302.76977 20.325 0.196
4303.61679 20.188 0.241
4304.47492 20.200 0.310
4305.64577 20.319 0.275
4307.56091 20.129 0.154
4307.60484 20.065 0.146
4310.75454 19.878 0.212
4312.65064 20.452 0.204
4317.63795 20.065 0.152
4319.64569 19.842 0.145
4320.74709 19.372 0.128
4326.65666 20.362 0.221
4327.68525 19.767 0.190
4328.62626 20.132 0.187
4329.61680 21.377 0.728
4330.59980 20.072 0.160
4331.62627 20.206 0.218
4332.63138 20.215 0.190
4333.62672 20.343 0.243
4334.62096 20.617 0.477
4338.66090 20.021 0.244
4339.62992 19.942 0.166
4340.55668 20.311 0.312
4341.62836 19.112 0.133
4342.66455 19.990 0.190
4343.64396 20.218 0.206
4344.69334 20.038 0.191
4345.64373 20.396 0.324
4346.64905 20.585 0.360
4347.66306 20.294 0.218
4349.63482 20.433 0.227
4351.63352 20.206 0.213
4357.64496 19.999 0.173
4359.61766 20.362 0.252
4362.60238 20.316 0.526
4370.61411 21.264 0.621
4372.58618 20.038 0.174
4380.59590 20.507 0.288
4515.89127 20.986 0.418
4519.86278 20.578 0.306
4520.86226 20.252 0.239
4523.85359 20.198 0.250
4524.90464 19.798 0.170
4530.89416 20.275 0.148
4534.84086 20.153 0.218
4536.85004 19.807 0.121
4538.85896 20.037 0.155
4540.88875 20.090 0.132
4542.91512 19.887 0.203
4543.87658 20.039 0.133
4544.87335 20.399 0.165
4545.89092 20.163 0.153
4547.91701 19.975 0.146
4550.86467 20.076 0.144
4552.91940 19.943 0.173
4556.88384 20.052 0.109
4557.90982 20.050 0.113
4558.84489 19.919 0.111
4559.87405 20.424 0.177
4560.87446 20.150 0.129
4561.86335 20.132 0.118
4564.86756 20.085 0.115
4565.85644 20.027 0.108
4566.85853 20.231 0.137
4567.86275 20.066 0.137
4568.89280 21.487 0.627
4569.87871 19.929 0.121
4570.88400 19.755 0.105
4571.84949 20.130 0.137
4572.88774 21.291 0.527
4573.86305 20.109 0.127
4574.86520 20.481 0.251
4575.87686 19.940 0.126
4579.92919 19.989 0.192
4583.84901 20.747 0.309
4586.82950 20.209 0.188
4587.86738 20.574 0.353
4588.75766 20.426 0.196
4589.78932 20.137 0.171
4590.80369 19.913 0.130
4591.78094 20.173 0.169
4592.79309 20.767 0.369
4593.77854 20.069 0.140
4594.80681 20.480 0.185
4595.79733 20.632 0.202
4596.81787 20.155 0.142
4597.81514 20.268 0.172
4598.78453 19.941 0.100
4599.76395 19.975 0.108
4600.76949 20.004 0.102
4601.77415 20.359 0.166
4602.77171 20.061 0.127
4606.82954 20.787 0.334
4610.89842 20.394 0.240
4611.75582 20.226 0.233
4611.94230 19.954 0.200
4616.74808 20.047 0.140
4617.93252 19.513 0.151
4622.72439 20.316 0.194
4623.80423 20.114 0.227
4624.74303 20.380 0.219
4625.72438 20.182 0.212
4626.78313 20.153 0.172
4627.70371 19.882 0.109
4628.69388 20.170 0.147
4629.76007 20.113 0.156
4630.69936 20.164 0.144
4631.71773 19.896 0.102
4632.74036 20.033 0.137
4633.88022 20.950 0.492
4639.82078 20.312 0.287
4640.79627 20.174 0.238
4641.88151 20.698 0.436
4642.71921 20.272 0.198
4643.68526 20.669 0.297
4644.76839 23.521 4.509
4645.68707 20.199 0.188
4646.65475 19.971 0.113
4648.67273 19.964 0.115
4648.78500 20.516 0.278
4649.66007 20.339 0.167
4650.69155 19.963 0.147
4651.70287 20.554 0.280
4652.63133 20.281 0.177
4653.62516 20.145 0.149
4654.66432 20.695 0.297
4655.62858 20.361 0.202
4656.63181 20.635 0.288
4658.78903 19.808 0.196
4660.74268 21.244 0.732
4661.62125 20.485 0.223
4666.55398 20.163 0.194
4671.67782 20.213 0.173
4672.63753 20.233 0.217
4674.66544 20.130 0.188
4677.69017 20.074 0.167
4681.69350 19.536 0.120
4682.64922 20.674 0.260
4683.64710 20.381 0.240
4684.66555 19.841 0.175
4685.69169 20.447 0.235
4686.76429 19.909 0.148
4687.67975 20.475 0.288
4688.62588 20.037 0.149
4694.70998 20.185 0.310
4697.63126 20.039 0.201
4698.65283 20.337 0.265
4700.64799 19.565 0.112
4701.63094 19.544 0.109
4702.64576 19.780 0.143
4708.66740 19.581 0.119
4710.68529 19.829 0.156
4720.59845 20.227 0.284
4721.63400 19.689 0.198
4724.65071 19.754 0.187
4726.62694 19.563 0.136
4733.59115 19.910 0.185
4738.55134 20.191 0.230
4741.63332 20.383 0.272
4756.55566 19.161 0.119
4757.54595 20.255 0.217
4763.51458 19.717 0.149
4767.52040 20.304 0.356
4768.50178 20.231 0.335
4771.51130 20.593 0.504
4876.88747 19.736 0.128
4883.87333 20.537 0.315
4886.84025 20.067 0.163
4888.86780 19.683 0.107
4892.86185 20.016 0.173
4898.83212 19.818 0.124
4901.83498 19.993 0.154
4903.88238 20.060 0.144
4905.87873 20.406 0.285
4912.86352 20.328 0.145
4914.90971 20.366 0.202
4924.75877 19.918 0.105
4925.87647 20.169 0.134
4928.76669 19.647 0.123
4930.81081 20.291 0.216
4931.85523 20.464 0.242
4932.86379 19.909 0.128
4933.85863 19.984 0.175
4938.83858 20.108 0.202
4940.78008 20.366 0.201
4941.81581 20.297 0.240
4942.75893 20.044 0.132
4944.76124 20.425 0.216
4945.81431 20.004 0.116
4951.66087 20.074 0.186
4953.85389 20.114 0.218
4954.82317 20.428 0.201
4955.81454 20.460 0.212
5260.87825 20.225 0.138
5261.80922 20.320 0.167
5262.84681 19.829 0.280
5265.86364 19.955 0.112
5266.81005 20.223 0.154
5267.83727 20.581 0.202
5268.83970 20.416 0.161
5269.80339 20.559 0.176
5270.80907 20.474 0.163
5271.80389 20.334 0.165
5272.80975 20.321 0.197
5273.79475 20.326 0.172
5274.81322 20.171 0.148
5275.79957 20.362 0.209
5276.77774 20.328 0.183
5276.90522 20.170 0.122
5277.81428 20.150 0.229
5278.80985 20.507 0.215
5279.81112 20.180 0.230
5280.81773 20.123 0.123
5281.79765 20.159 0.120
5282.82037 20.157 0.124
5283.78049 20.475 0.207
5283.87179 20.203 0.122
5284.78608 20.393 0.239
5285.77693 20.146 0.196
5285.90692 20.260 0.156
5286.79253 20.581 0.338
5287.84571 20.026 0.117
5288.77110 20.479 0.239
5289.82297 20.081 0.145
5293.85091 20.213 0.135
5294.75870 20.371 0.150
5294.79578 20.151 0.096
5294.83317 20.312 0.112
5294.86327 20.324 0.100
5294.90429 20.248 0.111
5295.76018 20.229 0.118
5295.79865 20.204 0.123
5295.83661 20.131 0.113
5295.87476 20.143 0.094
5295.91378 20.340 0.133
5296.80377 20.061 0.093
5296.83824 20.235 0.098
5296.87602 20.116 0.084
5297.75708 19.976 0.098
5297.79708 20.378 0.129
5297.83498 20.587 0.147
5297.87301 20.305 0.110
5297.91195 20.414 0.158
5298.79790 20.165 0.116
5298.83565 20.139 0.116
5298.87386 20.466 0.117
5298.91337 20.268 0.123
5299.74473 20.181 0.123
5299.82008 20.034 0.092
5299.85805 19.964 0.091
5299.89849 20.115 0.110
5300.85350 20.309 0.118
5300.89413 20.259 0.130
5301.74918 20.383 0.159
5301.78685 20.097 0.115
5301.82415 20.285 0.137
5301.86240 20.606 0.223
5301.90261 20.274 0.244
5303.91013 20.542 0.220
5304.74716 20.190 0.181
5306.68279 19.974 0.130
5306.71988 20.296 0.134
5306.78422 19.975 0.090
5306.84748 20.160 0.107
5306.88739 20.184 0.104
5306.92540 20.198 0.124
5307.73328 19.917 0.115
5307.79690 20.091 0.093
5307.83490 19.941 0.101
5307.87610 20.125 0.103
5307.91372 20.051 0.111
5308.72573 20.018 0.130
5308.78701 20.154 0.101
5308.82447 20.268 0.124
5308.86485 20.308 0.137
5309.69919 20.194 0.181
5309.79213 20.091 0.105
5309.83464 20.389 0.129
5309.87935 20.036 0.098
5309.91680 20.287 0.130
5310.68415 19.930 0.143
5310.76801 20.888 0.298
5310.83039 19.746 0.079
5310.87665 20.233 0.121
5310.91415 20.088 0.100
5311.80443 20.118 0.135
5311.86282 20.244 0.135
5311.90765 20.203 0.145
5312.73325 20.073 0.158
5312.77435 20.559 0.250
5312.81348 20.097 0.146
5312.85803 20.449 0.198
5312.89761 20.232 0.156
5313.80703 20.003 0.155
5313.84709 20.147 0.163
5313.88638 20.351 0.217
5313.92390 20.477 0.252
5314.69675 20.117 0.201
5314.73712 20.248 0.202
5314.77711 20.074 0.171
5314.82064 20.058 0.130
5314.87207 20.301 0.202
5314.90946 19.970 0.141
5315.67498 19.386 0.129
5315.71825 19.216 0.106
5315.76025 19.656 0.121
5315.79765 19.504 0.089
5315.83691 19.518 0.120
5315.87855 19.397 0.103
5315.91783 19.572 0.139
5316.71331 19.348 0.109
5316.75640 19.821 0.189
5316.79339 19.767 0.178
5316.83725 19.313 0.113
5319.80938 19.372 0.080
5319.85339 19.311 0.084
5319.89767 19.327 0.109
5319.93507 19.330 0.169
5320.67300 19.316 0.102
5320.71538 19.406 0.088
5320.75407 19.433 0.095
5320.79175 19.489 0.083
5320.83245 19.633 0.092
5320.87328 19.499 0.088
5320.91278 19.448 0.081
5321.67065 19.622 0.146
5321.73852 19.591 0.087
5321.77827 19.727 0.091
5321.81626 19.672 0.105
5321.85799 19.539 0.080
5321.89535 19.710 0.093
5321.93246 19.670 0.124
5322.82388 19.411 0.070
5322.86646 19.761 0.099
5322.89169 19.767 0.129
5322.93201 19.614 0.094
5323.71613 19.648 0.108
5323.75617 19.539 0.080
5323.79551 19.726 0.086
5323.83748 19.716 0.096
5323.87638 19.664 0.091
5323.91384 19.593 0.101
5324.65494 19.747 0.125
5324.71982 19.710 0.096
5324.75718 19.818 0.104
5324.79564 19.546 0.112
5324.83633 19.854 0.127
5324.87371 19.658 0.098
5324.91436 19.653 0.083
5325.65024 19.630 0.083
5325.71024 19.637 0.081
5325.74821 19.709 0.083
5325.78541 19.777 0.091
5325.82726 19.570 0.075
5325.87236 19.947 0.119
5325.91116 19.643 0.103
5326.62165 20.148 0.256
5326.68530 19.758 0.102
5326.74613 19.860 0.101
5326.78378 19.635 0.059
5326.82346 19.687 0.081
5326.86115 19.675 0.094
5326.89957 19.608 0.081
5327.62525 19.642 0.074
5327.69963 19.825 0.099
5327.77083 19.879 0.105
5327.80982 19.599 0.088
5327.84800 19.706 0.083
5327.88707 19.850 0.106
5327.92491 19.744 0.093
5328.62151 19.920 0.123
5328.72662 19.795 0.089
5328.76529 19.817 0.084
5328.80275 20.110 0.130
5328.84358 19.872 0.102
5328.88132 19.674 0.086
5328.91896 19.903 0.103
5329.71920 19.956 0.119
5334.67032 20.154 0.244
5334.75038 20.044 0.113
5334.80713 20.090 0.121
5334.84856 19.900 0.116
5334.88901 20.229 0.193
5334.92679 20.541 0.249
5335.73213 20.018 0.081
5335.77139 19.927 0.136
5335.81209 20.485 0.170
5335.85054 20.474 0.184
5335.88816 20.160 0.178
5335.92717 19.944 0.123
5336.80546 20.417 0.160
5336.89712 20.318 0.201
5336.93471 20.402 0.237
5337.78151 20.000 0.107
5337.82130 20.095 0.143
5337.85970 20.391 0.234
5337.89752 20.742 0.302
5337.93594 19.933 0.187
5338.77915 20.532 0.282
5338.82178 20.164 0.213
5338.87848 20.479 0.347
5339.65632 20.257 0.224
5339.69427 20.276 0.206
5339.76089 20.076 0.110
5339.85364 20.161 0.192
5339.89374 20.002 0.235
5339.93168 19.772 0.141
5340.67970 20.936 0.444
5340.76598 20.070 0.177
5340.82233 20.327 0.273
5340.86097 19.915 0.163
5340.89877 21.127 0.582
5340.93644 20.351 0.266
5341.61087 20.012 0.150
5341.68407 19.996 0.127
5341.79166 20.076 0.132
5341.83013 20.357 0.165
5341.86791 20.444 0.202
5341.90820 20.159 0.152
5342.58240 19.969 0.249
5342.61980 20.434 0.254
5342.65749 20.149 0.193
5342.69488 20.189 0.173
5342.73306 20.567 0.216
5342.77638 20.405 0.252
5342.81558 20.496 0.268
5342.85370 20.102 0.161
5342.89133 19.898 0.151
5342.92921 20.280 0.290
5343.60063 20.190 0.276
5343.63826 20.263 0.247
5343.67592 20.721 0.350
5343.71371 20.026 0.150
5343.75170 20.465 0.211
5343.79240 20.317 0.216
5343.83137 19.826 0.141
5343.88218 20.036 0.195
5343.92005 20.087 0.193
5348.61837 20.013 0.181
5348.71314 20.562 0.310
5348.77866 20.443 0.215
5348.81659 20.452 0.233
5348.86076 20.065 0.138
5348.89906 20.585 0.318
5348.93874 20.405 0.312
5349.61572 20.773 0.458
5349.72658 19.760 0.117
5349.79212 20.195 0.174
5349.82969 19.723 0.141
5350.62951 20.554 0.313
5350.66748 20.679 0.347
5350.70485 20.516 0.233
5350.74578 20.245 0.206
5351.61103 20.104 0.175
5351.67626 20.693 0.222
5351.75942 20.091 0.142
5351.84384 20.409 0.197
5351.90218 20.209 0.198
5352.62487 20.613 0.264
5352.68773 20.236 0.119
5352.77368 20.176 0.151
5352.85640 20.140 0.144
5352.89855 19.923 0.134
5353.57903 20.190 0.160
5353.66185 20.218 0.124
5353.74197 20.148 0.112
5353.79341 19.984 0.103
5353.83114 20.014 0.115
5353.88115 20.323 0.191
5354.59705 19.823 0.107
5354.68687 20.342 0.162
5354.78387 20.499 0.187
5354.84291 20.376 0.178
5354.88310 20.091 0.178
5354.92159 20.337 0.236
5355.62738 20.380 0.181
5355.71172 20.247 0.137
5355.79893 20.416 0.191
5355.83956 20.096 0.156
5355.88487 20.408 0.320
5357.62603 20.168 0.156
5357.71100 20.020 0.109
5357.80357 20.697 0.329
5357.88496 20.382 0.221
5358.68008 21.007 0.286
5358.77318 20.447 0.233
5359.59453 20.284 0.239
5359.63563 20.241 0.168
5359.69053 19.920 0.119
5359.73881 20.448 0.212
5359.78751 20.066 0.126
5359.83156 19.941 0.127
5359.87130 20.764 0.359
5361.63738 20.047 0.193
5361.68339 20.275 0.204
5362.59800 20.282 0.204
5362.69729 20.165 0.135
5362.79915 19.868 0.128
5362.89285 20.267 0.239
5364.53669 19.993 0.186
5364.58113 20.179 0.136
5364.66841 20.333 0.156
5364.76383 20.002 0.133
5364.80498 20.241 0.200
5364.84445 20.334 0.218
5364.88441 20.550 0.274
5365.55395 20.098 0.192
5365.60132 20.448 0.205
5365.69181 20.208 0.125
5365.78650 20.312 0.164
5365.84286 20.570 0.242
5365.88146 20.140 0.203
5368.62884 20.259 0.222
5369.71358 20.177 0.239
5369.75935 20.177 0.208
5369.79802 21.080 0.513
5369.83715 20.157 0.198
5376.64342 20.432 0.262
5376.68434 20.211 0.201
5376.72327 20.208 0.215
5376.76164 20.223 0.195
5376.79979 19.903 0.149
5376.83779 20.770 0.440
5376.87570 19.764 0.229
5377.53253 20.628 0.294
5377.61531 20.468 0.251
5377.68338 20.169 0.141
5377.73228 20.011 0.129
5377.77532 19.894 0.123
5377.81304 20.488 0.218
5377.85124 20.005 0.166
5378.50743 20.336 0.172
5378.59115 20.065 0.109
5378.67974 20.277 0.125
5378.73717 20.420 0.133
5378.77521 20.393 0.139
5378.81371 20.379 0.170
5378.85362 20.024 0.166
5379.49253 20.499 0.254
5379.54292 20.936 0.310
5379.62778 19.913 0.104
5379.71475 20.166 0.132
5379.76800 20.190 0.128
5379.80587 20.408 0.203
5380.50396 20.406 0.238
5380.54183 20.420 0.179
5380.60997 20.597 0.213
5380.69704 20.263 0.130
5380.73771 20.366 0.161
5380.77570 20.204 0.142
5380.81381 19.864 0.175
5380.85182 20.439 0.372
5381.55133 20.567 0.234
5381.58882 21.393 0.808
5381.64761 20.026 0.196
5381.68883 20.710 0.299
5381.72684 20.707 0.445
5381.76510 19.933 0.200
5381.81191 20.189 0.238
5382.54006 19.892 0.179
5382.58445 20.231 0.235
5382.62738 20.332 0.268
5382.66870 20.329 0.220
5382.70870 20.933 0.392
5382.74672 20.580 0.302
5382.79147 20.637 0.350
5382.83524 20.732 0.454
5384.77655 19.676 0.145
5384.83042 19.901 0.231
5385.48601 20.536 0.226
5385.56783 20.083 0.095
5385.82457 20.117 0.111
5386.47137 20.189 0.169
5386.51232 20.421 0.212
5386.59441 20.332 0.168
5386.67881 20.721 0.262
5386.69340 20.244 0.121
5386.75774 20.149 0.110
5386.79717 20.199 0.122
5386.83912 20.210 0.138
5387.54229 20.099 0.110
5387.70166 20.512 0.146
5387.74007 20.112 0.100
5387.78094 20.392 0.153
5387.82430 20.093 0.132
5388.48187 21.584 0.666
5388.51975 20.356 0.175
5388.60697 20.282 0.117
5388.71428 19.993 0.118
5388.77874 20.216 0.153
5388.82186 20.356 0.209
5389.48092 20.162 0.234
5389.51901 20.400 0.196
5389.58280 20.485 0.174
5389.68797 20.319 0.142
5389.76995 20.462 0.199
5389.80914 20.140 0.151
5389.84885 20.511 0.286
5390.55224 20.290 0.198
5390.59805 20.063 0.149
5390.68362 20.328 0.223
5390.73374 20.262 0.135
5390.77159 20.161 0.116
5390.80932 20.256 0.150
5391.50341 19.555 0.119
5391.54329 20.664 0.384
5391.58069 20.140 0.131
5391.68997 20.413 0.160
5391.79519 19.976 0.133
5391.83291 20.144 0.163
5392.48054 20.915 0.389
5392.51842 20.085 0.150
5392.55840 20.262 0.170
5392.66483 20.148 0.142
5392.77277 20.622 0.211
5392.81045 20.397 0.179
5393.62584 20.342 0.233
5393.66530 20.337 0.227
5393.70364 20.638 0.302
5393.74395 20.472 0.327
5393.78714 20.871 0.378
5393.82489 19.903 0.182
5395.81959 20.070 0.182
5396.53925 21.567 0.974
5396.61444 20.201 0.166
5396.67674 20.109 0.135
5396.71132 20.458 0.178
5396.78392 19.941 0.112
5397.58911 21.555 0.982
5397.63894 20.438 0.341
5397.67716 20.370 0.261
5397.75945 19.861 0.180
5402.65377 20.977 0.962
5403.46859 19.925 0.148
5403.50605 19.962 0.121
5403.54329 20.540 0.218
5403.58119 19.931 0.125
5403.62248 20.231 0.166
5403.66107 20.123 0.148
5403.69886 20.048 0.142
5403.73969 20.049 0.160
5403.77763 20.004 0.232
5404.48139 20.625 0.230
5404.51927 20.206 0.156
5404.55706 20.324 0.188
5404.59546 20.511 0.257
5404.63807 20.450 0.198
5404.67763 20.281 0.190
5404.71652 20.094 0.171
5404.75603 19.922 0.132
5405.61518 20.163 0.227
5405.65446 20.053 0.171
5405.69439 20.545 0.247
5405.73214 20.265 0.212
5405.76964 19.830 0.118
5407.46912 20.705 0.429
5407.50893 20.711 0.291
5407.54698 20.560 0.254
5407.58557 20.826 0.405
5407.66428 20.747 0.372
5407.70320 20.463 0.268
5407.74127 20.255 0.200
5407.77912 19.850 0.159
5408.53345 20.306 0.250
5408.58081 20.222 0.187
5408.62107 20.596 0.257
5408.65885 20.461 0.253
5408.69756 20.113 0.173
5408.73548 20.534 0.269
5408.77316 19.943 0.205
5409.48339 20.099 0.142
5409.52464 20.238 0.156
5409.63052 20.052 0.101
5409.73753 20.447 0.191
5409.77530 20.229 0.190
5410.48760 20.959 0.344
5410.52575 20.162 0.151
5410.63405 20.261 0.156
5410.74121 20.225 0.184
5410.77966 20.107 0.150
5411.50219 20.389 0.161
5411.56261 20.575 0.144
5411.67075 20.209 0.105
5411.75471 20.161 0.168
5412.52586 20.698 0.277
5412.56424 20.244 0.210
5412.60429 20.229 0.186
5412.64250 20.224 0.196
5412.68572 20.115 0.147
5412.75993 19.841 0.159
5413.50550 20.403 0.183
5413.58947 20.389 0.153
5413.69734 20.131 0.118
5413.75771 20.270 0.189
5414.48593 20.098 0.118
5414.52371 20.411 0.136
5414.63346 20.267 0.108
5414.74428 20.936 0.275
5416.60258 20.216 0.215
5416.64851 20.335 0.189
5416.71133 20.299 0.198
5418.56710 21.077 0.263
5418.61134 20.393 0.159
5418.66636 20.294 0.144
5418.71298 20.081 0.126
5421.51990 20.388 0.183
5421.57924 20.063 0.117
5421.62530 20.104 0.161
5421.66812 20.416 0.200
5421.71387 20.309 0.168
5422.50304 20.167 0.153
5422.54714 20.191 0.113
5422.67101 20.313 0.129
5423.48481 20.029 0.098
5423.52670 19.979 0.095
5423.63145 20.194 0.154
5425.49374 20.180 0.145
5425.53490 20.038 0.114
5426.50217 20.373 0.316
5426.54122 19.733 0.144
5426.69245 20.687 0.526
5430.48809 20.561 0.283
5430.52796 19.967 0.141
5430.57277 20.232 0.212
5430.61196 20.207 0.171
5430.64999 20.188 0.187
5431.48913 20.071 0.158
5431.52859 20.222 0.177
5431.56791 20.114 0.173
5431.60942 19.968 0.141
5431.64702 20.120 0.191
5431.68796 20.403 0.302
5432.62497 20.505 0.297
5432.66786 20.520 0.343
5433.64261 20.286 0.298
5433.68790 19.824 0.158
5434.51978 20.328 0.213
5434.56411 20.179 0.168
5434.60709 20.299 0.174
5434.64957 20.164 0.158
5434.69192 21.138 0.430
5435.49131 20.389 0.216
5435.53426 20.593 0.234
5435.60094 19.989 0.123
5435.65450 20.211 0.147
5435.69515 20.592 0.229
5436.48905 20.488 0.200
5436.58794 20.466 0.232
5436.70222 20.468 0.226
5437.54348 20.341 0.143
5437.67452 19.939 0.122
5438.52437 20.886 0.381
5438.58967 20.301 0.194
5438.66411 20.226 0.135
5438.70172 20.318 0.155
5439.53852 21.062 0.461
5439.57994 20.290 0.206
5439.61773 20.019 0.168
5439.65574 20.586 0.245
5443.51020 20.707 0.293
5443.54815 19.912 0.148
5443.59418 20.572 0.297
5443.63190 19.926 0.132
5443.67557 20.539 0.231
5444.50522 20.530 0.220
5444.55674 20.328 0.178
5444.60840 20.449 0.202
5444.64649 20.295 0.158
5445.47994 20.209 0.141
5445.57781 20.241 0.148
5445.65392 20.633 0.197
5446.48436 20.095 0.145
5446.53549 20.279 0.156
5446.57596 20.595 0.249
5446.61466 20.145 0.121
5446.65451 20.138 0.125
5447.50309 20.131 0.102
5447.54567 20.074 0.134
5447.60957 20.236 0.144
5448.47688 20.131 0.221
5448.52169 20.585 0.241
5448.57578 20.851 0.318
5449.47806 20.761 0.381
5449.51640 21.169 0.451
5449.54740 20.095 0.147
5449.63100 20.659 0.236
5450.51916 21.070 0.502
5450.55667 20.189 0.198
5450.60533 20.598 0.277
5450.64523 20.095 0.206
5453.47936 20.400 0.385
5453.57908 20.425 0.198
5457.49756 20.552 0.162
5457.55542 20.254 0.129
5457.60267 20.244 0.161
5458.48793 20.199 0.199
5458.54409 20.114 0.251
5458.58704 20.538 0.235
5459.50555 20.671 0.337
5459.55310 19.943 0.121
5459.60219 20.115 0.134
5460.49357 20.170 0.224
5460.53955 19.918 0.226
5461.50030 20.247 0.272
5461.54994 19.862 0.229
5461.59229 20.263 0.218
5462.48145 20.190 0.256
5462.56161 20.457 0.227
5463.51429 20.658 0.256
5463.58864 20.343 0.200
5464.50646 19.862 0.125
5464.54846 20.478 0.254
5465.51157 20.865 0.381
5467.48474 20.324 0.227
5468.55427 20.533 0.312
5469.60908 20.224 0.161
5471.51898 20.474 0.223
5471.58741 20.257 0.160
5472.55311 20.655 0.289
5473.50276 20.722 0.357
5476.49398 19.998 0.148
5477.54097 19.889 0.150
5479.51016 20.511 0.284
5480.50540 20.465 0.256
5480.56912 19.919 0.143
5485.52189 20.107 0.183
5486.50831 20.397 0.264
5487.48807 20.037 0.172
5487.55171 20.670 0.273
5488.54165 20.643 0.260
5489.52979 20.657 0.388
5490.52818 20.579 0.412
5492.52986 21.006 0.588
5494.53507 20.598 0.366
5495.53897 20.243 0.202
5497.53649 20.300 0.211
5502.50494 20.137 0.207
5598.86658 20.632 0.239
5599.88228 20.318 0.216
5600.87289 20.917 0.292
5602.86580 20.550 0.351
5604.87399 20.870 0.372
5605.87209 20.183 0.129
5606.86981 20.511 0.218
5607.87413 20.247 0.169
5608.86902 20.669 0.334
5611.85343 20.945 0.568
5612.86865 20.504 0.260
5614.85410 20.113 0.170
5615.86240 20.665 0.250
5616.85545 20.079 0.194
5620.84350 20.301 0.206
5621.84632 20.705 0.216
5622.88386 20.438 0.140
5624.83899 20.589 0.197
5625.81814 19.717 0.120
5627.84239 20.247 0.153
5628.85312 20.958 0.284
5629.82132 20.378 0.207
5630.79875 20.228 0.178
5631.82599 21.253 0.680
5632.83379 20.480 0.196
5633.79102 20.397 0.176
5634.84588 20.703 0.272
5635.85443 19.719 0.137
5637.81433 20.049 0.268
5638.79322 20.124 0.204
5639.79236 20.128 0.176
5639.86791 20.349 0.156
5640.75719 20.959 0.573
5640.80005 20.352 0.222
5640.83847 21.257 0.573
5640.88704 20.476 0.187
5641.75339 20.039 0.171
5641.79393 20.442 0.221
5641.87350 20.123 0.145
5642.75971 20.628 0.320
5642.79525 20.048 0.139
5642.85426 20.550 0.237
5642.87555 20.107 0.158
5643.76977 20.130 0.182
5643.80805 20.276 0.189
5643.86780 20.620 0.198
5643.90903 20.036 0.138
5644.77750 19.973 0.184
5644.81821 19.944 0.182
5644.88878 20.437 0.206
5647.85410 21.385 0.712
5647.87432 20.739 0.393
5647.90867 20.614 0.448
5648.75937 20.812 0.299
5648.82479 20.249 0.136
5648.86693 20.329 0.145
5648.91234 21.633 0.726
5649.76579 20.554 0.210
5649.80777 20.405 0.144
5649.87219 20.625 0.177
5649.91052 20.909 0.278
5650.75758 20.239 0.142
5650.82012 20.198 0.117
5650.86416 20.171 0.124
5650.91305 20.433 0.179
5651.77820 20.484 0.179
5651.82124 20.352 0.160
5651.89761 20.425 0.165
5652.75827 20.221 0.132
5652.82157 20.237 0.113
5652.86347 20.154 0.112
5653.78688 20.413 0.142
5653.91731 20.116 0.111
5654.79207 20.273 0.159
5654.83832 20.205 0.140
5654.88247 20.275 0.136
5655.74053 20.168 0.154
5655.77963 20.404 0.180
5655.81757 20.054 0.128
5655.85848 19.911 0.098
5655.90874 19.908 0.098
5656.80003 20.664 0.211
5656.84090 20.381 0.123
5656.92754 20.697 0.454
5657.78882 20.100 0.108
5657.82978 20.358 0.120
5657.87526 20.238 0.115
5657.91965 20.642 0.210
5658.78567 20.719 0.291
5658.84269 19.888 0.099
5658.88113 20.681 0.250
5658.92222 20.947 0.463
5659.73734 20.266 0.130
5659.77496 20.142 0.129
5659.81425 20.670 0.226
5659.85707 20.347 0.208
5659.90471 20.344 0.142
5660.74125 20.030 0.118
5660.78577 20.723 0.248
5660.82747 20.587 0.185
5660.89911 20.495 0.203
5662.73635 20.187 0.167
5662.77677 20.166 0.169
5662.83783 20.033 0.135
5662.87652 20.027 0.116
5662.91790 20.189 0.137
5664.73775 20.311 0.269
5664.78313 20.201 0.172
5664.84330 19.895 0.129
5664.88352 20.667 0.324
5664.92618 20.243 0.225
5665.75020 20.510 0.239
5665.79590 20.162 0.133
5665.86011 20.557 0.187
5665.90778 20.294 0.136
5667.73539 20.093 0.134
5667.74696 20.234 0.150
5667.78800 19.945 0.107
5667.83973 20.384 0.153
5667.89424 20.331 0.133
5668.72180 20.339 0.225
5668.77893 20.894 0.328
5668.84544 20.209 0.185
5668.90042 19.962 0.162
5669.74088 20.095 0.170
5669.78899 20.267 0.152
5669.83802 20.316 0.145
5669.88983 20.294 0.165
5670.72300 20.560 0.248
5670.76346 20.496 0.218
5670.82667 20.996 0.395
5670.86753 20.079 0.122
5670.90893 20.442 0.202
5671.74492 20.428 0.212
5675.70877 20.237 0.154
5675.74723 20.333 0.184
5675.78510 20.137 0.145
5675.82592 20.054 0.148
5675.89535 21.011 0.365
5676.67328 20.854 0.213
5676.71178 20.074 0.075
5676.75092 20.275 0.100
5676.79053 20.218 0.133
5676.85509 20.197 0.124
5676.90116 20.186 0.106
5677.70266 20.144 0.144
5677.74804 20.148 0.111
5677.78940 20.368 0.164
5677.83956 20.679 0.231
5677.89192 20.403 0.134
5679.67054 20.334 0.204
5679.71117 20.690 0.204
5679.75259 20.344 0.148
5679.80469 20.180 0.154
5679.85574 20.176 0.124
5679.89604 20.255 0.132
5680.65814 20.244 0.218
5680.69716 20.435 0.261
5680.73589 20.144 0.153
5680.78538 20.588 0.236
5680.83828 20.257 0.135
5680.88220 20.183 0.117
5680.92247 20.357 0.176
5681.68763 20.167 0.160
5681.72579 20.494 0.193
5681.76555 20.703 0.207
5681.82818 20.349 0.157
5681.87284 20.345 0.194
5681.91280 20.604 0.197
5682.67483 20.378 0.199
5682.71667 20.688 0.230
5682.76427 20.800 0.224
5682.81605 20.086 0.123
5682.89627 20.077 0.121
5682.93526 19.910 0.176
5683.69740 20.432 0.169
5683.76810 20.896 0.243
5683.81659 20.191 0.103
5683.87736 20.395 0.147
5683.91920 20.285 0.132
5684.67954 19.995 0.114
5684.72990 20.216 0.136
5684.78077 20.828 0.229
5684.83288 20.277 0.142
5684.89143 19.972 0.108
5684.93169 20.804 0.345
5685.76721 20.436 0.138
5685.80617 20.079 0.090
5685.85846 20.042 0.086
5685.90251 20.302 0.124
5686.65493 20.715 0.312
5686.71689 20.220 0.124
5686.76227 20.263 0.119
5686.81312 20.169 0.108
5686.86332 20.416 0.215
5686.90259 20.382 0.203
5687.65627 20.178 0.205
5687.70054 20.229 0.214
5687.75239 20.213 0.146
5687.79439 20.043 0.116
5687.84665 19.946 0.105
5688.87015 20.596 0.194
5688.92715 21.395 0.615
5689.69914 19.841 0.090
5689.77396 20.495 0.159
5689.81392 20.227 0.107
5690.64204 20.647 0.255
5690.69222 20.170 0.130
5690.74899 20.851 0.376
5690.79350 20.608 0.223
5690.90565 20.317 0.259
5691.66042 19.970 0.130
5691.73135 20.161 0.123
5691.77440 20.006 0.125
5691.82390 20.065 0.120
5691.86388 20.631 0.223
5692.66330 20.331 0.196
5692.71875 20.242 0.148
5692.76599 20.716 0.199
5692.80577 20.161 0.147
5692.84470 20.158 0.125
5692.88312 20.119 0.147
5692.92071 20.789 0.286
5693.63376 20.371 0.202
5693.68232 20.178 0.121
5693.75176 20.279 0.125
5693.78953 20.123 0.097
5693.82878 19.941 0.095
5693.86640 20.519 0.185
5693.90433 20.953 0.311
5694.61526 20.561 0.258
5694.64583 20.155 0.169
5694.68375 20.164 0.143
5694.75001 20.627 0.207
5694.79820 20.515 0.175
5694.83701 20.478 0.157
5694.87435 20.364 0.188
5694.91202 20.714 0.259
5695.61911 20.342 0.220
5695.65752 20.546 0.238
5695.73846 19.961 0.149
5695.79419 20.454 0.151
5695.83846 20.575 0.167
5695.87643 20.032 0.106
5695.91398 20.117 0.117
5696.61066 20.556 0.322
5696.64395 20.291 0.203
5696.69353 20.106 0.153
5696.74110 20.182 0.137
5696.78060 20.511 0.213
5696.82454 20.181 0.136
5696.86597 20.974 0.328
5696.92448 20.641 0.250
5697.61397 20.568 0.298
5697.66135 20.429 0.189
5697.70891 20.055 0.130
5697.74758 20.043 0.140
5697.78979 20.213 0.140
5697.82885 20.207 0.130
5697.86913 20.280 0.159
5697.91112 20.285 0.161
5698.60653 20.358 0.324
5698.64388 20.951 0.471
5698.69456 20.416 0.255
5698.73456 20.838 0.357
5698.77272 20.078 0.188
5698.81504 20.508 0.213
5698.85335 20.454 0.207
5698.89326 20.947 0.462
5698.93771 20.945 0.603
5702.91628 21.050 0.924
5703.68423 20.625 0.370
5703.71540 20.756 0.462
5703.76306 20.357 0.251
5703.83290 20.519 0.322
5705.71109 20.155 0.216
5705.75341 20.123 0.186
5705.85517 20.159 0.177
5705.90186 20.235 0.254
5706.64489 20.551 0.365
5706.74042 20.530 0.312
5706.79215 20.725 0.319
5706.85788 20.141 0.222
5707.59019 20.398 0.211
5707.62834 20.409 0.201
5707.68487 20.784 0.263
5707.72301 20.280 0.187
5707.76219 20.180 0.121
5707.80259 20.348 0.150
5707.84201 20.534 0.172
5707.88177 20.390 0.220
5708.60774 20.080 0.153
5708.66375 20.563 0.212
5708.71415 20.380 0.200
5708.75227 20.098 0.165
5708.80310 20.368 0.219
5708.84675 20.365 0.278
5708.89773 21.456 0.987
5709.58293 21.596 0.719
5709.63589 20.912 0.353
5709.79148 20.195 0.147
5711.69433 20.483 0.198
5712.59558 20.651 0.368
5712.67030 20.235 0.148
5712.68291 20.111 0.134
5712.72204 19.984 0.103
5712.76370 20.193 0.110
5712.80459 20.448 0.158
5712.84401 20.304 0.157
5713.77267 20.205 0.116
5713.81935 20.719 0.215
5713.85994 21.100 0.377
5714.59972 21.142 0.589
5714.61415 21.072 0.417
5714.69041 21.535 0.526
5715.56849 19.995 0.133
5715.61986 20.240 0.139
5715.67189 20.253 0.125
5715.71371 20.136 0.118
5715.76330 20.564 0.181
5715.80490 20.358 0.140
5715.84708 20.272 0.151
5715.90333 20.016 0.167
5716.59011 20.452 0.297
5716.60278 20.002 0.147
5716.61749 20.778 0.302
5716.63012 20.221 0.171
5716.69053 19.849 0.126
5716.74396 20.336 0.143
5716.78764 20.636 0.204
5716.82674 20.102 0.148
5716.86750 20.232 0.181
5716.91458 20.447 0.279
5721.63287 20.743 0.272
5721.71115 19.987 0.138
5721.77948 20.238 0.143
5721.81865 19.667 0.095
5721.87072 20.243 0.182
5721.91186 21.120 0.627
5722.60419 20.415 0.216
5722.61779 20.170 0.143
5722.65860 20.502 0.180
5722.67219 20.205 0.132
5722.71336 20.137 0.132
5722.77840 20.252 0.133
5722.81794 20.378 0.184
5723.60845 20.880 0.273
5723.65587 20.572 0.222
5723.69651 20.148 0.149
5723.73755 20.112 0.125
5723.77598 20.414 0.178
5723.81497 20.171 0.116
5723.85464 20.568 0.231
5724.62411 20.628 0.337
5724.63661 20.930 0.462
5724.67469 20.229 0.185
5724.68875 20.172 0.181
5724.73769 20.195 0.159
5724.78625 20.406 0.215
5724.82695 20.230 0.174
5725.57789 20.839 0.245
5725.59134 20.204 0.127
5725.60480 20.142 0.125
5725.64540 20.142 0.144
5725.65968 20.252 0.143
5725.71214 20.174 0.113
5725.75180 19.957 0.108
5725.79156 20.683 0.228
5726.55577 20.811 0.400
5726.60062 19.827 0.153
5726.63848 20.245 0.181
5726.68598 20.106 0.136
5726.72702 20.426 0.406
5726.76633 21.041 0.610
5726.81124 21.269 0.542
5734.65990 20.534 0.354
5734.70281 21.256 0.726
5734.75098 20.222 0.261
5734.79412 20.316 0.211
5734.84283 20.762 0.409
5734.88749 21.136 0.650
5735.74273 20.076 0.144
5735.78952 20.263 0.172
5735.83593 20.037 0.160
5735.88057 20.883 0.467
5736.53867 20.256 0.168
5736.57665 20.684 0.240
5736.61881 19.985 0.085
5736.66244 20.153 0.097
5736.70412 20.097 0.091
5736.78418 20.276 0.122
5736.83121 20.739 0.202
5736.87935 20.570 0.238
5737.52189 20.128 0.177
5737.55998 20.070 0.126
5737.61327 20.483 0.150
5737.65583 20.494 0.158
5737.70995 20.192 0.105
5737.75077 20.156 0.107
5737.78991 20.385 0.151
5737.83704 20.218 0.133
5737.87789 20.245 0.161
5738.58937 20.064 0.124
5738.63018 20.356 0.136
5738.69745 20.236 0.118
5738.73697 21.008 0.244
5739.50291 21.428 0.673
5739.52815 20.270 0.182
5739.56641 19.958 0.146
5739.60700 20.639 0.224
5739.65571 20.315 0.132
5739.71364 20.243 0.154
5739.75201 20.404 0.149
5739.79077 20.508 0.191
5739.84561 20.127 0.150
5740.49851 20.975 0.519
5740.54605 20.580 0.309
5740.58714 21.835 0.950
5740.64695 19.937 0.121
5740.71061 20.336 0.161
5740.75014 20.111 0.125
5740.79500 20.120 0.135
5740.83405 20.555 0.270
5740.88146 21.503 0.740
5741.52090 20.232 0.181
5741.56014 20.429 0.191
5741.60432 19.935 0.106
5741.64217 20.221 0.157
5741.70324 20.287 0.160
5741.74230 20.239 0.136
5741.78325 20.242 0.130
5741.82151 20.296 0.158
5741.85949 20.386 0.152
5742.49241 20.518 0.317
5742.53507 20.364 0.194
5742.57743 20.357 0.174
5742.61541 20.415 0.155
5742.67719 20.691 0.178
5742.71602 20.126 0.107
5742.75457 19.952 0.085
5742.79283 20.204 0.118
5742.83084 20.408 0.138
5742.87111 20.181 0.144
5743.62700 20.351 0.207
5743.66677 20.560 0.200
5743.72777 20.023 0.147
5743.76595 20.571 0.234
5743.80401 20.241 0.178
5743.87955 19.949 0.214
5744.52366 20.140 0.223
5744.56204 20.673 0.315
5744.60021 20.904 0.382
5744.64869 20.095 0.115
5744.72702 20.231 0.150
5744.77703 20.279 0.146
5744.81875 20.210 0.161
5744.86393 20.460 0.290
5745.51240 20.526 0.261
5745.55858 20.140 0.153
5745.59933 20.243 0.222
5745.63848 20.535 0.209
5745.69903 20.201 0.122
5745.73706 20.061 0.126
5745.77524 20.223 0.174
5745.81315 20.385 0.221
5745.86620 20.745 0.387
5746.56985 20.204 0.200
5746.60960 20.078 0.138
5746.65031 20.050 0.135
5746.71630 20.428 0.200
5746.75409 21.106 0.392
5746.79646 20.043 0.178
5746.84220 20.823 0.381
5747.61270 21.124 0.549
5747.65754 20.722 0.284
5747.70282 20.632 0.306
5747.74655 21.077 0.486
5747.81288 20.831 0.460
5748.63036 20.027 0.112
5748.68773 21.548 0.665
5749.56352 19.833 0.121
5749.60289 20.177 0.150
5749.65221 20.160 0.167
5749.69186 20.106 0.184
5749.73014 20.192 0.180
5749.76853 20.927 0.365
5749.80781 20.347 0.240
5752.56993 20.945 0.550
5753.55316 19.979 0.469
5753.60372 21.484 0.779
5754.59632 20.010 0.396
5760.49079 21.528 1.012
5760.53242 20.332 0.235
5760.58501 20.368 0.203
5760.64122 20.379 0.223
5760.68460 20.085 0.150
5760.73586 21.155 0.404
5760.77413 20.719 0.270
5760.81180 20.400 0.234
5761.50523 20.188 0.123
5761.54847 20.548 0.139
5762.51181 20.579 0.228
5762.55010 20.705 0.259
5762.59176 20.454 0.174
5762.63012 20.205 0.180
5762.66987 20.399 0.199
5762.70609 20.969 0.367
5762.74796 20.145 0.240
5762.76747 21.611 0.966
5763.50213 20.434 0.184
5763.54613 20.315 0.123
5763.58777 20.468 0.142
5763.64468 20.400 0.166
5763.68653 21.145 0.416
5763.73411 20.160 0.179
5763.77207 20.273 0.235
5763.81093 20.100 0.205
5764.50997 20.300 0.153
5764.54980 20.338 0.149
5764.59039 20.433 0.162
5764.63860 20.508 0.200
5764.68762 20.637 0.190
5764.73324 20.499 0.160
5765.46895 20.707 0.285
5765.50896 19.999 0.132
5765.55186 20.223 0.138
5765.61589 20.455 0.147
5765.66089 20.267 0.143
5765.70511 20.547 0.201
5765.75102 20.863 0.326
5766.48134 20.129 0.158
5766.52026 20.582 0.207
5766.58469 20.665 0.202
5766.62454 20.210 0.121
5766.66525 20.355 0.134
5766.70645 20.325 0.155
5766.75013 20.470 0.220
5767.49850 20.402 0.240
5767.54409 20.249 0.174
5767.58743 20.497 0.186
5767.65534 20.503 0.199
5767.71128 20.262 0.164
5767.75202 20.735 0.344
5767.79360 20.726 0.353
5768.48818 20.421 0.188
5768.52804 20.176 0.134
5768.58856 20.253 0.128
5768.63540 19.903 0.092
5768.68002 20.000 0.101
5768.72693 19.963 0.100
5768.76770 20.092 0.139
5769.47238 20.515 0.248
5769.51182 20.386 0.173
5769.56577 20.170 0.123
5769.62357 20.382 0.170
5769.67672 20.665 0.193
5769.72564 20.213 0.153
5769.76784 20.628 0.244
5770.66880 20.927 0.355
5770.75276 20.447 0.218
5775.59508 19.969 0.173
5775.63783 20.494 0.254
5776.53895 21.238 0.644
5776.60617 21.061 0.456
5776.64721 20.602 0.244
5777.47873 20.250 0.160
5777.52324 20.038 0.101
5777.57529 20.411 0.149
5777.65570 20.100 0.113
5777.70580 20.225 0.122
5777.77061 20.723 0.247
5778.50347 20.631 0.346
5778.55991 20.594 0.275
5778.60823 19.899 0.158
5779.59828 20.267 0.150
5779.64221 20.395 0.154
5779.69674 20.445 0.196
5779.74132 20.722 0.242
5784.51576 21.119 0.604
5784.60166 20.587 0.271
5784.71899 21.014 0.674
5785.51857 20.495 0.296
5785.57893 20.263 0.232
5785.62547 20.302 0.245
5785.66781 20.724 0.312
5785.70968 21.318 0.646
5786.49204 20.354 0.330
5786.56907 21.198 0.581
5786.61350 20.410 0.269
5786.65613 20.271 0.218
5786.71147 19.928 0.158
5787.47664 20.180 0.186
5787.54777 20.141 0.138
5787.58987 20.396 0.167
5787.63530 20.356 0.153
5787.67424 20.289 0.187
5787.71993 20.279 0.203
5788.49178 20.852 0.334
5788.55544 20.365 0.223
5788.59501 20.361 0.189
5788.63580 20.827 0.319
5788.67656 21.595 0.748
5790.47339 20.732 0.369
5790.52083 20.193 0.186
5790.57293 20.426 0.251
5790.61463 21.163 0.500
5790.65532 20.433 0.212
5790.69550 20.009 0.140
5791.51159 20.836 0.334
5791.61361 20.483 0.200
5793.51488 20.234 0.149
5793.56800 20.589 0.234
5793.61028 20.267 0.159
5793.64884 20.175 0.176
5793.68782 20.147 0.162
5793.73204 20.355 0.268
5794.50655 20.151 0.180
5794.57380 20.121 0.149
5794.61493 20.613 0.269
5794.65684 20.475 0.225
5794.70368 20.291 0.161
5795.56710 20.784 0.399
5795.62848 20.500 0.263
5795.71021 20.681 0.277
5796.47671 20.611 0.236
5796.52798 20.146 0.139
5796.59666 20.007 0.134
5796.63561 20.102 0.129
5796.71892 20.214 0.289
5799.49139 20.802 0.325
5801.53186 20.579 0.278
5801.57112 20.712 0.279
5801.60924 20.475 0.256
5801.65050 20.068 0.151
5801.69056 20.446 0.247
5802.64196 20.392 0.248
5803.53585 20.515 0.237
5804.47911 20.691 0.230
5804.54326 20.556 0.234
5804.58374 20.530 0.209
5804.62153 20.080 0.128
5804.66078 20.707 0.331
5805.49072 20.233 0.111
5805.54398 20.197 0.134
5805.58197 20.336 0.150
5805.62533 20.565 0.219
5805.68106 21.635 0.803
5806.53929 20.332 0.223
5806.62422 20.642 0.267
5807.57912 20.598 0.316
5807.62172 20.818 0.293
5807.65949 21.134 0.574
5812.56324 21.581 0.912
5812.60391 20.653 0.347
5812.64504 19.987 0.193
5813.53634 20.483 0.217
5813.57655 20.360 0.168
5813.61442 20.186 0.142
5813.65226 20.274 0.177
5815.51759 20.097 0.133
5815.55600 20.421 0.172
5815.60325 20.081 0.130
5815.64101 20.241 0.145
5816.47785 20.371 0.204
5816.53619 20.344 0.207
5816.57436 20.194 0.184
5816.61271 20.658 0.291
5817.48059 20.755 0.246
5817.53743 20.455 0.188
5817.57537 20.669 0.304
5817.61444 20.820 0.367
5818.51889 20.279 0.196
5818.55697 20.854 0.337
5818.59533 20.776 0.354
5818.63702 20.332 0.293
5819.51848 20.331 0.158
5819.56532 20.073 0.157
5819.60302 20.791 0.291
5819.64289 20.649 0.257
5820.49619 20.780 0.485
5820.54329 20.249 0.178
5820.58098 20.132 0.162
5820.61886 20.808 0.347
5820.65515 20.728 0.404
5822.53829 20.568 0.289
5822.58327 20.499 0.228
5822.62693 20.150 0.189
5823.51499 21.880 1.291
5823.55834 20.287 0.249
5823.60195 20.792 0.322
5824.53891 20.736 0.244
5824.57947 20.382 0.180
5824.61942 20.582 0.265
5825.49896 21.150 0.512
5825.55693 20.497 0.230
5825.59542 20.563 0.230
5826.47982 20.256 0.272
5826.51969 20.803 0.374
5826.56719 20.427 0.231
5827.50616 21.365 0.789
5827.54414 20.089 0.222
5827.58662 20.483 0.281
5828.51939 20.317 0.166
5828.55737 21.055 0.316
5828.59493 20.385 0.197
5829.48130 20.677 0.417
5829.53033 20.312 0.171
5829.56802 20.649 0.203
5829.60629 20.654 0.220
5830.50525 20.851 0.249
5830.54340 20.572 0.188
5831.48356 20.672 0.252
5831.54210 20.871 0.300
5831.57954 20.850 0.274
5831.61523 20.621 0.308
5832.52553 20.857 0.244
5832.56513 21.945 0.799
5833.52341 20.937 0.266
5833.56297 20.466 0.179
5834.52262 20.266 0.138
5834.56036 20.837 0.253
5836.50619 20.726 0.395
5836.53940 20.280 0.243
5836.57125 21.079 0.559
5839.49969 19.966 0.218
5839.53815 20.107 0.266
5839.57593 20.309 0.316
5840.48092 20.967 0.852
5840.52995 20.382 0.227
5840.58240 20.525 0.242
5841.52414 20.914 0.485
5841.56745 20.370 0.253
5841.60347 20.484 0.303
5842.52542 20.370 0.352
5842.57415 21.053 0.571
5843.48343 20.423 0.371
5843.52715 20.404 0.241
5843.56764 21.504 0.797
5843.60866 19.912 0.199
5844.51206 20.911 0.369
5844.55099 20.166 0.204
5844.59057 21.005 0.686
5845.51150 21.743 0.933
5845.55196 20.749 0.384
5845.59220 20.866 0.549
5846.51515 21.202 0.702
5846.55392 20.390 0.323
5847.54211 20.679 0.523
5850.52619 20.897 0.305
5850.56463 19.856 0.120
5851.51518 20.531 0.235
5851.55294 20.351 0.207
5852.50374 21.037 0.575
5852.54627 21.611 0.900
5854.50767 21.238 0.643
5854.54864 20.909 0.448
5855.53542 21.795 0.953
5856.49170 21.726 1.321
5859.50639 20.256 0.266
5859.54236 21.344 0.690
5860.52187 20.288 0.243
5861.51563 21.306 0.577
5866.50624 20.402 0.418
5867.50941 21.261 0.528
5868.50891 20.551 0.344
5868.51075 20.127 0.229
5869.50169 19.874 0.202
5870.50631 20.221 0.185
5872.50546 21.099 0.547
5873.50665 21.514 0.845
5970.87416 20.913 0.359
5971.87552 20.172 0.150
5972.89038 20.333 0.207
5976.87959 20.578 0.200
5977.84068 20.778 0.312
5977.87709 20.507 0.222
5978.84281 20.558 0.258
5978.88738 20.371 0.182
5979.84083 20.287 0.232
5979.87930 21.688 0.997
5980.86069 21.070 0.461
5982.86526 21.933 1.029
5983.82663 21.894 0.936
5983.85698 20.497 0.166
5983.90464 20.518 0.246
5984.83918 20.457 0.183
5984.88649 20.216 0.124
5985.82480 20.217 0.210
5985.86141 20.001 0.129
5986.81898 20.569 0.274
5986.83946 20.555 0.221
5986.88739 19.944 0.101
5987.81768 20.932 0.446
5987.85423 20.473 0.191
5987.90420 20.140 0.182
5988.83329 21.136 0.451
5988.88059 20.330 0.139
5989.81080 20.639 0.274
5989.84089 21.620 0.625
5989.88271 21.773 0.752
5990.80914 20.836 0.453
5990.84689 20.200 0.148
5990.88832 20.366 0.157
5991.82197 20.433 0.202
5991.86235 20.481 0.172
5992.81626 20.256 0.185
5992.83896 20.825 0.253
5992.88102 20.241 0.130
5993.80682 19.987 0.183
5993.84601 20.348 0.208
5993.88913 20.493 0.196
5994.80833 19.888 0.149
5994.84009 20.613 0.218
5994.89100 20.689 0.233
5995.80026 20.131 0.144
5995.81978 19.903 0.112
5995.86538 20.672 0.205
5995.90355 20.714 0.252
5996.80799 19.972 0.127
5996.84557 20.094 0.121
5996.89231 20.517 0.145
5997.80140 21.729 0.745
5997.84010 20.984 0.320
5997.88773 20.167 0.132
5998.78829 21.890 0.944
5998.81628 20.894 0.285
5998.86786 20.682 0.211
5998.90558 20.073 0.114
5999.80014 20.496 0.233
5999.84871 20.321 0.162
5999.88691 20.190 0.138
6002.90828 20.099 0.209
6003.86512 21.926 0.884
6004.76562 20.261 0.228
6004.79780 20.985 0.345
6004.85567 20.740 0.243
6004.89329 20.179 0.121
6005.80211 20.819 0.259
6005.85067 20.797 0.242
6005.90745 20.132 0.092
6006.77282 19.865 0.105
6006.82567 20.214 0.114
6006.87661 20.461 0.165
6006.91430 20.061 0.120
6007.77865 20.817 0.233
6007.82556 20.768 0.208
6007.87380 20.547 0.167
6007.91142 20.264 0.124
6008.77040 20.056 0.143
6008.81776 20.427 0.179
6008.86704 20.088 0.125
6008.90452 20.240 0.152
6009.76404 20.062 0.131
6009.80647 20.532 0.163
6009.85489 20.562 0.163
6009.89228 19.957 0.094
6010.74766 21.567 0.611
6010.77623 20.195 0.137
6010.82519 20.601 0.184
6010.87442 20.131 0.092
6010.91268 20.441 0.133
6011.76232 20.445 0.216
6011.82280 20.452 0.235
6011.88025 20.760 0.286
6011.91842 20.610 0.305
6012.76641 20.869 0.283
6012.80709 20.962 0.248
6012.86542 20.080 0.091
6012.90328 20.293 0.092
6013.76222 20.980 0.305
6013.80100 20.510 0.161
6013.86247 20.454 0.163
6013.90372 20.469 0.144
6014.73844 20.415 0.199
6014.77731 20.266 0.133
6014.83668 20.353 0.166
6014.87611 20.450 0.192
6014.91577 20.268 0.207
6015.75527 20.290 0.135
6015.79413 20.368 0.120
6015.83258 20.311 0.108
6015.88279 20.200 0.102
6015.92417 20.695 0.398
6016.73174 20.694 0.208
6016.74823 20.288 0.133
6016.76556 20.176 0.115
6016.78801 20.457 0.156
6016.80590 20.165 0.114
6016.82810 20.097 0.101
6016.86864 20.197 0.106
6016.89144 20.134 0.096
6016.90904 20.113 0.090
6017.74087 20.672 0.199
6017.77901 20.542 0.142
6017.81729 20.358 0.111
6017.87575 20.259 0.099
6017.91628 20.347 0.120
6018.76737 20.418 0.210
6018.80623 20.547 0.265
6018.84614 20.280 0.114
6018.91145 19.996 0.075
6019.74293 20.460 0.242
6019.78233 20.226 0.144
6019.83957 20.403 0.138
6019.87738 20.200 0.090
6019.91731 20.047 0.097
6020.72641 20.565 0.222
6020.76493 21.051 0.292
6020.82107 20.043 0.089
6020.85989 20.410 0.117
6020.89950 20.567 0.225
6021.71580 20.621 0.408
6021.74769 20.138 0.157
6021.78668 20.447 0.187
6021.82534 20.018 0.091
6021.88371 20.375 0.137
6021.92413 20.462 0.215
6022.73524 20.595 0.237
6022.77350 20.195 0.130
6022.81176 19.976 0.099
6022.86925 20.284 0.137
6022.91150 20.014 0.118
6023.76915 20.489 0.179
6023.80975 20.210 0.146
6023.84988 19.980 0.109
6023.91438 20.632 0.205
6024.72276 20.091 0.184
6024.76373 20.876 0.342
6024.82430 20.234 0.134
6024.86486 20.364 0.149
6024.91513 20.853 0.297
6025.75294 19.979 0.166
6025.79276 20.682 0.315
6025.84599 20.117 0.178
6025.89826 21.570 0.576
6029.84336 20.251 0.175
6031.76593 20.463 0.214
6031.80537 20.795 0.227
6031.84633 20.278 0.140
6031.88712 20.854 0.350
6032.68226 21.115 0.497
6032.72227 20.402 0.168
6032.77012 20.568 0.167
6032.81855 20.274 0.132
6032.85888 20.253 0.136
6032.90264 20.444 0.138
6033.69432 20.953 0.390
6033.74105 21.569 0.594
6033.78266 20.614 0.243
6033.85370 20.296 0.123
6033.89528 20.142 0.129
6034.69016 20.197 0.150
6034.73683 20.555 0.176
6034.78258 20.301 0.111
6034.83670 20.895 0.237
6034.92494 20.507 0.213
6035.86873 20.505 0.179
6035.93324 20.100 0.264
6036.72726 20.365 0.136
6036.77127 20.370 0.128
6036.84763 20.172 0.090
6036.90208 20.247 0.123
6037.71314 20.753 0.313
6037.75375 20.839 0.311
6037.79745 20.275 0.146
6037.86857 20.093 0.099
6037.90907 20.217 0.170
6038.72205 21.303 0.519
6038.76365 20.397 0.194
6038.82889 20.240 0.122
6038.87399 19.908 0.089
6038.92461 20.145 0.139
6039.74515 20.846 0.427
6039.79139 20.837 0.321
6039.85155 20.296 0.153
6039.89597 20.170 0.129
6039.93423 21.066 0.583
6040.76246 20.226 0.188
6040.80438 20.537 0.192
6040.86744 20.775 0.236
6040.90860 20.242 0.141
6041.71043 20.376 0.218
6041.75518 20.596 0.287
6041.79937 20.361 0.151
6041.86114 20.491 0.154
6041.90146 20.441 0.157
6045.89599 20.170 0.120
6045.93363 20.187 0.185
6046.90722 20.373 0.150
6047.68024 20.854 0.332
6047.71939 20.220 0.158
6047.75889 20.130 0.109
6047.79846 20.282 0.128
6047.87159 20.536 0.197
6047.91292 20.463 0.181
6048.69668 20.655 0.222
6048.73697 20.354 0.148
6048.79804 20.458 0.156
6048.84251 20.248 0.124
6048.88578 20.319 0.138
6048.92687 20.021 0.108
6049.70535 20.776 0.225
6049.75900 20.294 0.113
6049.81760 20.528 0.134
6049.85826 20.595 0.179
6049.89941 20.488 0.159
6050.69470 20.649 0.276
6050.73381 20.173 0.152
6050.80417 19.997 0.116
6050.84407 20.308 0.163
6050.88294 20.378 0.169
6050.92167 20.298 0.175
6051.66384 20.508 0.247
6051.75317 20.172 0.122
6052.67908 20.157 0.198
6052.72702 20.135 0.158
6052.77522 20.007 0.126
6052.81431 20.083 0.139
6052.85526 20.079 0.125
6052.89405 20.692 0.217
6052.93259 20.836 0.283
6053.67070 20.256 0.221
6053.71074 20.090 0.160
6053.75822 20.264 0.155
6053.80613 20.331 0.145
6053.86151 20.162 0.139
6053.90247 20.368 0.200
6054.86568 20.036 0.129
6054.89883 20.310 0.184
6057.87757 19.609 0.086
6057.92556 19.365 0.093
6058.67735 19.675 0.155
6058.71736 19.160 0.067
6058.75670 19.374 0.063
6058.80075 19.368 0.062
6058.84740 19.403 0.075
6058.88903 19.306 0.059
6058.92752 19.406 0.087
6059.69487 19.420 0.083
6059.73350 19.153 0.061
6059.77195 19.306 0.060
6059.83210 19.220 0.050
6059.87092 19.158 0.047
6059.90980 19.139 0.051
6060.77757 19.615 0.078
6061.67136 19.709 0.119
6061.71025 19.504 0.095
6061.76032 19.348 0.055
6061.81087 19.653 0.088
6061.84978 19.399 0.064
6061.88803 19.292 0.076
6061.92659 19.424 0.082
6062.66592 19.704 0.108
6062.70876 19.540 0.097
6062.74778 19.733 0.113
6062.79739 19.399 0.075
6062.84857 19.662 0.085
6062.88687 19.547 0.077
6062.92486 19.689 0.105
6063.77661 20.011 0.171
6063.81772 19.745 0.106
6063.86631 19.561 0.106
6063.91355 19.607 0.085
6064.66419 19.689 0.091
6064.74033 19.525 0.055
6064.80205 19.645 0.064
6064.84378 19.293 0.054
6064.88627 19.750 0.091
6064.92472 19.383 0.070
6065.63522 19.514 0.084
6065.67336 19.847 0.099
6065.71186 19.895 0.087
6065.77260 19.642 0.064
6065.81399 19.749 0.095
6065.86111 19.512 0.073
6066.63767 19.544 0.086
6066.67561 19.806 0.090
6066.71363 19.667 0.075
6066.76403 19.594 0.058
6066.81805 19.660 0.080
6066.85866 19.594 0.075
6066.89888 19.723 0.080
6066.93706 19.635 0.075
6067.62193 19.913 0.110
6067.66257 19.647 0.082
6067.70065 19.676 0.075
6067.74958 19.555 0.057
6067.80084 19.725 0.083
6067.83976 19.670 0.071
6067.87863 19.552 0.073
6067.91644 19.766 0.080
6068.61679 19.652 0.099
6068.66578 19.652 0.077
6068.71252 19.872 0.089
6068.76468 19.573 0.063
6068.84041 19.894 0.078
6068.88516 19.624 0.063
6068.93185 19.656 0.077
6069.60450 19.842 0.113
6069.66499 20.025 0.117
6069.70489 19.674 0.071
6069.74437 19.845 0.079
6069.81155 19.690 0.077
6069.85323 19.899 0.079
6069.89378 19.646 0.064
6069.93190 19.562 0.068
6070.61413 20.383 0.258
6070.65228 20.022 0.162
6070.69204 19.964 0.099
6070.73029 19.736 0.077
6070.77909 19.572 0.072
6070.82911 20.268 0.130
6070.86901 20.076 0.122
6070.90750 19.780 0.101
6070.94666 20.023 0.256
6071.61412 19.922 0.110
6071.65333 19.950 0.111
6071.69296 20.273 0.135
6071.73170 19.845 0.078
6071.79508 20.253 0.165
6071.83492 19.892 0.098
6071.87300 19.747 0.088
6071.91097 20.465 0.298
6075.60812 19.827 0.087
6075.64625 19.929 0.087
6075.68452 20.202 0.099
6075.73533 20.033 0.101
6075.79012 20.192 0.099
6075.82964 19.887 0.082
6075.87408 20.016 0.101
6076.59924 19.883 0.120
6076.64087 20.096 0.147
6076.68764 20.372 0.187
6076.73487 20.112 0.101
6076.78389 20.109 0.117
6076.82261 20.097 0.129
6076.87193 20.229 0.168
6076.91763 20.070 0.168
6077.69976 20.298 0.152
6077.75887 20.238 0.155
6077.81785 20.161 0.127
6077.85887 20.104 0.107
6077.90025 20.563 0.194
6077.93889 20.234 0.179
6078.62078 20.362 0.158
6078.65888 20.523 0.213
6078.69735 20.114 0.123
6078.76016 20.207 0.125
6078.80130 20.210 0.109
6078.83950 20.367 0.138
6078.88366 20.439 0.158
6078.92316 20.195 0.131
6079.58600 20.200 0.139
6079.62525 20.375 0.153
6079.66321 20.636 0.177
6079.71658 20.271 0.124
6079.77685 20.291 0.151
6079.81601 20.755 0.229
6079.86665 20.160 0.095
6079.90653 20.551 0.199
6079.94529 20.191 0.217
6080.59570 21.068 0.478
6080.63382 20.214 0.173
6080.67683 20.080 0.122
6080.72215 20.012 0.108
6080.76224 20.295 0.178
6080.80155 20.714 0.208
6080.85886 20.303 0.158
6080.89979 21.147 0.335
6080.94159 20.375 0.189
6081.59143 19.868 0.139
6081.62922 20.359 0.189
6081.67027 20.248 0.162
6081.71565 19.845 0.099
6081.75495 20.202 0.178
6081.80967 19.997 0.107
6081.85291 21.018 0.346
6081.89155 20.014 0.168
6082.62322 20.670 0.451
6082.71309 21.044 0.557
6082.78439 21.398 0.738
6082.82876 19.900 0.191
6082.86577 20.503 0.325
6082.91045 19.856 0.227
6085.58653 20.184 0.216
6085.63643 20.252 0.181
6085.67270 20.151 0.161
6085.71662 19.781 0.144
6085.75953 20.071 0.147
6085.79833 20.844 0.287
6085.83717 20.378 0.235
6085.87700 20.471 0.415
6085.91735 21.385 0.666
6086.56991 20.637 0.266
6086.61032 20.246 0.182
6086.65345 20.609 0.207
6086.69243 20.312 0.133
6086.75554 20.266 0.132
6086.79383 20.426 0.200
6086.83923 20.062 0.125
6086.88572 19.736 0.123
6086.92710 20.710 0.391
6087.58939 20.979 0.303
6087.72639 20.159 0.172
6087.78275 20.195 0.134
6087.83377 20.160 0.166
6088.56163 21.607 0.667
6088.59946 20.915 0.271
6088.63785 20.336 0.143
6088.67565 20.102 0.090
6089.64169 20.037 0.114
6089.68048 20.281 0.136
6089.74162 20.454 0.176
6089.79200 20.049 0.128
6089.85314 20.071 0.134
6089.92818 20.941 0.422
6092.59782 20.321 0.163
6092.67625 20.112 0.146
6092.80568 20.571 0.192
6092.87525 19.967 0.146
6093.55061 20.704 0.281
6093.59217 20.888 0.282
6093.63023 20.531 0.173
6093.66823 20.359 0.179
6093.72870 20.290 0.125
6093.79067 21.155 0.411
6093.83066 20.462 0.223
6093.87116 20.287 0.238
6094.60416 20.447 0.267
6094.64165 20.285 0.184
6094.67915 20.308 0.179
6094.72897 20.868 0.283
6094.77616 20.385 0.190
6094.81518 20.379 0.184
6094.85444 20.693 0.284
6094.90441 20.623 0.371
6096.60290 20.374 0.199
6096.64848 20.462 0.176
6096.68780 20.301 0.171
6096.76243 20.597 0.233
6096.80176 20.357 0.207
6096.84265 20.316 0.186
6096.88475 19.830 0.168
6097.67659 20.484 0.209
6097.74925 20.441 0.266
6097.78798 19.934 0.135
6097.82562 21.809 0.722
6097.86528 20.500 0.226
6097.90396 20.294 0.241
6098.58302 20.206 0.196
6098.62270 20.516 0.222
6098.66030 20.636 0.256
6098.71191 20.902 0.326
6098.76196 20.447 0.162
6098.80246 20.276 0.160
6098.84120 20.461 0.210
6098.87914 20.904 0.335
6099.63924 21.238 0.618
6099.75012 20.107 0.195
6100.51400 21.058 0.490
6100.56995 20.655 0.340
6100.60988 20.806 0.271
6100.64753 20.048 0.122
6100.70750 20.492 0.149
6100.74675 20.966 0.260
6100.78453 20.142 0.216
6100.83495 20.750 0.265
6100.87266 20.230 0.232
6101.51096 20.177 0.190
6101.54900 20.111 0.156
6101.58656 20.405 0.184
6101.62470 20.233 0.134
6101.66433 20.336 0.125
6101.72609 20.387 0.142
6101.76504 20.085 0.122
6101.80402 20.270 0.163
6101.85156 21.230 0.576
6102.55085 20.845 0.357
6102.59929 20.437 0.198
6102.64651 20.080 0.125
6102.68607 20.078 0.128
6102.72615 20.142 0.110
6102.76508 19.988 0.096
6102.80488 20.299 0.150
6102.84482 20.350 0.175
6102.88409 20.405 0.236
6103.51697 20.133 0.175
6103.55631 20.045 0.130
6103.59746 20.781 0.220
6103.64685 20.241 0.113
6103.69586 20.102 0.133
6103.73670 20.183 0.137
6103.80218 20.101 0.125
6103.85038 21.057 0.366
6104.51834 20.859 0.279
6104.55625 20.261 0.123
6104.59384 20.601 0.166
6104.62987 20.246 0.113
6104.67935 20.322 0.100
6104.72140 20.089 0.095
6104.76017 20.404 0.138
6104.79981 20.085 0.112
6104.84583 21.050 0.307
6105.52869 21.001 0.371
6105.56633 20.773 0.296
6105.62444 20.595 0.191
6105.67944 20.305 0.135
6105.71847 20.342 0.136
6105.75831 21.087 0.391
6106.62427 20.158 0.171
6106.69266 21.301 0.659
6108.52845 20.645 0.282
6108.56733 19.988 0.127
6108.61994 19.964 0.142
6108.67096 20.530 0.169
6108.71358 20.183 0.120
6108.75315 20.324 0.140
6108.79201 20.237 0.160
6108.83395 20.451 0.169
6108.87058 19.787 0.114
6109.68201 20.194 0.194
6109.71840 20.686 0.270
6109.75628 20.147 0.188
6109.79913 20.053 0.174
6109.83929 21.095 0.460
6113.53552 21.250 0.652
6113.57778 20.864 0.368
6113.61542 20.431 0.215
6113.65657 20.539 0.258
6113.69733 20.085 0.158
6113.73627 20.168 0.195
6113.77402 19.950 0.126
6113.81188 20.003 0.152
6113.85050 20.070 0.195
6113.86145 20.332 0.363
6114.58608 21.192 0.593
6114.62209 21.653 0.737
6114.67149 21.782 0.828
6114.71989 20.195 0.146
6114.75750 20.330 0.199
6114.79654 20.130 0.154
6114.83805 20.756 0.353
6115.48331 20.493 0.244
6115.52253 20.635 0.239
6115.55983 20.396 0.175
6115.61002 20.375 0.153
6115.66658 20.257 0.177
6115.77564 20.751 0.332
6116.48141 20.116 0.151
6116.52300 20.323 0.136
6116.56308 20.032 0.102
6116.61122 20.360 0.125
6116.65983 20.229 0.120
6116.69784 20.910 0.256
6116.74510 20.676 0.214
6116.78385 20.095 0.135
6116.82584 19.991 0.127
6117.50334 21.205 0.423
6117.54079 20.277 0.159
6117.57813 20.732 0.223
6117.63006 19.988 0.098
6117.68082 20.416 0.149
6117.71966 20.132 0.125
6117.75883 20.499 0.181
6117.79633 20.351 0.174
6117.83433 20.008 0.151
6118.49337 20.294 0.179
6118.53162 20.610 0.196
6118.57192 20.287 0.127
6118.62224 20.415 0.133
6118.67785 20.261 0.131
6118.71983 20.149 0.106
6118.75861 20.620 0.189
6118.79583 20.409 0.178
6118.83349 20.086 0.135
6119.48165 20.841 0.369
6119.52083 20.248 0.177
6119.56103 21.401 0.495
6119.60836 20.379 0.187
6119.66038 20.546 0.177
6119.69914 19.954 0.091
6119.72650 20.109 0.120
6119.76605 20.827 0.282
6119.80433 20.407 0.222
6120.50974 19.997 0.166
6120.54925 20.750 0.315
6120.60424 20.382 0.155
6120.66531 20.312 0.137
6120.70451 20.333 0.179
6120.74593 20.453 0.159
6120.79165 20.117 0.146
6120.83139 21.006 0.450
6121.50157 20.444 0.148
6121.53931 20.935 0.251
6121.57688 20.234 0.095
6121.64419 20.029 0.088
6121.68224 20.430 0.118
6121.70841 20.058 0.094
6121.74648 20.296 0.107
6121.78600 19.775 0.074
6123.51425 21.031 0.405
6123.55266 20.450 0.194
6123.59977 20.980 0.285
6123.65068 20.439 0.170
6123.69023 20.209 0.124
6123.72797 19.870 0.101
6123.76921 20.624 0.252
6123.80820 20.075 0.152
6124.49816 20.367 0.234
6124.53786 20.594 0.196
6124.59886 20.551 0.187
6124.66884 21.101 0.315
6124.70857 20.158 0.126
6124.74918 20.034 0.127
6124.78947 20.425 0.232
6124.82933 20.095 0.145
6125.55334 20.297 0.155
6125.61512 20.506 0.194
6125.67016 20.766 0.254
6125.71271 20.303 0.161
6125.75799 19.984 0.111
6125.79864 20.557 0.209
6126.49092 20.536 0.220
6126.54229 20.232 0.145
6126.58766 20.159 0.170
6126.64678 20.805 0.260
6126.70548 20.456 0.175
6126.74982 20.634 0.192
6127.49123 20.800 0.293
6127.53316 20.219 0.177
6127.61774 20.260 0.184
6127.72000 20.625 0.216
6127.78819 21.662 0.500
6128.54232 20.239 0.119
6128.58174 20.662 0.194
6128.63066 19.864 0.088
6128.68117 20.021 0.117
6129.66050 20.396 0.130
6130.71633 20.314 0.173
6131.51731 20.317 0.191
6131.56503 19.940 0.116
6131.67643 19.854 0.093
6131.74593 20.318 0.174
6132.49787 20.642 0.275
6132.56758 20.031 0.212
6132.65419 20.301 0.193
6132.74059 20.568 0.185
6132.77712 20.765 0.267
6133.55127 20.514 0.220
6133.59972 20.004 0.122
6133.66179 20.354 0.162
6133.70493 20.789 0.264
6133.75358 20.329 0.170
6134.51983 20.888 0.372
6134.60641 21.386 0.631
6134.67326 20.799 0.312
6135.50371 19.963 0.149
6135.54542 20.614 0.304
6135.60574 20.902 0.326
6135.67267 20.775 0.308
6135.72523 19.954 0.114
6135.76718 21.029 0.325
6135.80867 21.420 0.591
6136.59524 20.580 0.326
6136.62140 20.173 0.230
6136.65188 21.709 0.865
6140.50600 21.585 0.824
6140.55434 20.442 0.270
6140.60735 20.489 0.315
6140.64521 20.689 0.368
6140.68436 20.590 0.320
6141.49363 20.866 0.341
6141.53130 20.179 0.173
6141.57957 20.758 0.340
6141.62913 21.326 0.521
6141.66679 20.223 0.175
6141.70771 20.888 0.359
6141.74625 20.274 0.197
6141.78272 20.614 0.323
6142.53487 20.975 0.455
6142.57738 21.734 1.125
6142.68403 20.154 0.273
6143.71781 21.667 0.954
6147.50472 21.215 0.489
6147.56518 20.096 0.148
6147.60739 20.700 0.331
6147.70253 21.382 0.643
6148.49671 20.668 0.175
6148.53490 20.129 0.102
6148.59490 20.505 0.173
6148.63871 20.113 0.099
6148.68062 20.586 0.172
6149.55993 20.740 0.250
6149.60523 20.565 0.230
6150.48298 21.253 0.581
6150.53595 20.516 0.217
6150.58830 20.120 0.172
6150.63848 20.507 0.195
6150.67839 20.793 0.273
6151.58090 20.549 0.238
6151.62131 21.135 0.407
6151.66081 20.545 0.225
6151.70221 20.113 0.193
6151.74030 20.210 0.166
6152.51151 20.135 0.144
6152.54985 20.319 0.164
6152.60450 20.059 0.120
6152.65448 20.296 0.143
6153.69330 20.516 0.246
6154.50008 20.777 0.253
6154.54008 21.726 0.603
6154.60938 20.364 0.194
6154.69280 20.134 0.155
6157.69099 21.051 0.431
6158.48786 20.154 0.120
6158.53829 20.601 0.172
6158.58877 20.225 0.151
6158.63061 20.292 0.154
6158.67004 20.391 0.201
6158.70949 20.387 0.171
6159.49534 21.157 0.475
6159.55035 20.622 0.245
6159.59126 20.867 0.294
6159.66231 20.347 0.200
6159.71853 20.488 0.257
6160.51911 20.171 0.119
6160.59091 20.376 0.142
6160.63246 20.924 0.265
6160.67257 20.428 0.185
6160.72541 20.471 0.191
6161.51495 20.181 0.212
6161.55642 21.203 0.446
6161.60709 20.399 0.197
6161.67958 20.630 0.289
6164.49238 19.985 0.112
6164.55538 19.940 0.166
6164.59410 20.642 0.291
6164.65118 20.831 0.353
6164.70463 21.065 0.715
6167.53673 20.330 0.298
6167.58686 20.102 0.260
6167.63933 20.131 0.254
6167.68178 21.454 0.962
6168.53884 20.646 0.194
6168.60346 21.218 0.356
6168.65981 21.107 0.320
6168.69722 20.685 0.239
6168.70440 20.438 0.202
6169.53094 19.974 0.138
6169.58134 20.394 0.170
6169.62179 20.509 0.211
6169.66164 20.032 0.134
6169.69941 21.800 0.982
6171.53515 20.540 0.192
6171.58418 20.196 0.155
6171.62583 21.104 0.405
6171.67292 21.246 0.537
6172.49410 20.072 0.076
6172.54541 20.086 0.113
6172.59445 20.128 0.117
6172.63435 20.124 0.112
6172.67636 20.859 0.353
6174.60012 21.513 0.810
6174.63398 20.060 0.217
6175.49723 20.308 0.144
6175.54558 20.137 0.130
6175.58386 20.273 0.166
6175.62220 20.540 0.233
6175.66870 20.445 0.241
6179.50000 21.309 0.606
6179.55892 21.814 0.821
6179.60067 21.277 0.580
6179.64149 21.115 0.503
6180.54684 20.577 0.258
6180.58469 20.819 0.382
6180.62584 20.328 0.222
6180.66122 20.373 0.255
6181.49182 20.410 0.202
6181.54584 20.555 0.187
6181.58754 20.329 0.149
6181.62661 20.343 0.168
6182.49220 20.365 0.182
6182.54709 20.621 0.221
6182.59529 20.454 0.169
6182.64041 21.003 0.409
6183.48933 20.741 0.337
6183.59232 20.087 0.115
6183.63141 20.277 0.147
6184.52719 20.677 0.187
6184.58566 20.517 0.154
6184.63147 20.451 0.175
6185.49404 20.635 0.175
6185.55289 20.404 0.140
6185.59221 20.402 0.142
6185.64254 21.090 0.366
6186.60959 20.736 0.254
6190.50386 21.108 0.404
6190.56077 20.080 0.116
6190.60125 20.286 0.148
6191.50079 21.046 0.454
6191.55657 20.328 0.185
6191.59929 20.910 0.319
6191.64253 20.736 0.243
6195.51789 20.211 0.155
6195.55853 21.123 0.394
6195.59721 19.963 0.123
6195.63505 20.122 0.167
6196.51698 21.142 0.464
6196.55555 20.177 0.189
6196.59631 19.910 0.147
6196.63212 20.509 0.273
6197.51866 21.773 0.780
6197.55730 20.653 0.306
6197.59805 20.933 0.442
6198.56370 20.725 0.342
6199.52771 21.474 0.815
6200.62024 20.812 0.430
6201.54457 20.499 0.330
6203.51642 20.439 0.254
6203.56720 21.231 0.559
6203.60787 21.296 0.892
6204.52068 21.097 0.386
6204.55931 20.056 0.151
6204.59713 20.226 0.180
6205.50061 20.011 0.149
6205.54355 21.270 0.354
6205.58162 20.514 0.191
6208.51319 20.516 0.247
6209.57699 20.337 0.261
6210.51454 20.043 0.141
6210.55271 20.168 0.168
6210.59184 19.832 0.137
6211.51611 20.243 0.149
6211.55831 20.545 0.197
6211.59674 21.218 0.490
6212.51550 20.020 0.134
6212.55430 21.095 0.348
6213.49052 20.118 0.216
6213.53067 20.145 0.143
6213.56917 21.726 0.867
6214.52352 21.334 0.581
6214.55914 20.189 0.196
6215.53499 20.783 0.445
6216.52626 20.313 0.186
6216.56512 20.301 0.173
6217.52084 20.436 0.170
6217.55892 20.344 0.160
6218.49579 20.384 0.203
6218.53426 21.776 1.033
6218.57244 21.922 1.003
6219.52861 20.212 0.154
6219.56727 21.147 0.487
6223.50915 21.147 0.571
6223.56015 20.236 0.253
6224.49617 20.586 0.434
6226.49933 21.365 0.705
6231.51852 20.695 0.398
6233.49943 20.814 0.598
6233.54899 20.601 0.286
6238.53404 21.455 0.691
6242.51164 20.280 0.340
6326.88207 21.781 1.385
6334.87640 20.417 0.183
6335.85670 21.476 0.696
6337.86779 21.337 0.564
6338.84630 20.901 0.351
6338.88989 20.323 0.206
6339.87262 20.689 0.205
6340.85244 20.568 0.205
6340.88276 20.528 0.184
6341.89118 20.764 0.332
6343.85548 20.685 0.295
6343.89102 20.480 0.236
6344.85473 20.219 0.123
6344.89828 21.179 0.636
6345.86349 20.597 0.209
6347.82677 19.727 0.122
6347.86673 20.222 0.143
6348.81880 21.828 0.800
6348.86031 20.364 0.160
6349.83020 20.854 0.372
6349.86576 20.904 0.362
6350.81937 20.241 0.200
6350.86585 20.329 0.206
6351.81797 21.649 0.789
6351.86628 21.149 0.444
6352.81573 20.295 0.196
6352.86215 20.605 0.186
6353.79693 21.182 0.412
6353.83753 19.998 0.136
6353.89357 20.091 0.121
6354.87025 20.573 0.196
6355.85539 21.430 0.658
6358.82579 19.771 0.090
6358.87022 20.813 0.241
6360.79223 20.256 0.126
6360.82962 20.505 0.139
6360.87722 20.490 0.161
6361.81525 20.417 0.163
6361.85258 20.866 0.251
6361.89571 20.273 0.169
6362.80064 21.031 0.389
6362.83803 20.353 0.146
6362.88936 20.698 0.225
6363.80698 20.654 0.242
6363.86195 20.841 0.228
6367.81721 20.509 0.158
6367.86557 20.112 0.095
6367.90400 20.544 0.142
6368.80228 20.744 0.225
6368.85539 20.476 0.151
6368.89544 20.127 0.113
6369.78294 21.031 0.332
6369.82254 20.697 0.194
6369.87745 20.182 0.103
6370.76782 20.246 0.148
6370.81260 20.215 0.117
6370.85592 20.689 0.193
6370.89520 20.193 0.112
6371.77725 20.031 0.110
6371.82625 20.337 0.134
6371.86502 20.720 0.166
6371.90845 20.384 0.144
6372.76999 20.276 0.154
6372.81871 20.035 0.099
6372.85856 20.351 0.128
6372.90118 20.196 0.120
6373.77009 21.914 1.083
6373.82428 20.156 0.127
6373.86373 20.269 0.151
6373.90333 20.220 0.153
6374.76914 20.052 0.163
6374.81867 20.483 0.159
6374.85905 20.264 0.133
6374.89992 20.108 0.111
6375.76680 20.662 0.211
6375.81565 20.320 0.131
6375.83392 20.523 0.175
6375.87396 20.242 0.116
6375.91464 20.239 0.125
6376.77759 20.292 0.166
6376.82996 20.027 0.096
6376.86912 20.404 0.148
6376.91171 20.244 0.115
6377.79213 20.401 0.144
6377.84187 20.324 0.117
6377.88269 19.957 0.076
6378.74929 20.708 0.290
6378.78843 20.648 0.205
6378.83714 20.184 0.114
6378.87848 20.253 0.109
6378.91825 20.051 0.123
6379.77306 20.102 0.131
6379.82224 20.669 0.209
6379.86176 19.998 0.113
6379.90757 20.199 0.104
6380.76272 20.398 0.155
6380.80116 20.337 0.134
6380.82475 20.086 0.109
6380.86547 20.111 0.110
6380.91148 20.297 0.115
6381.77038 20.147 0.141
6381.81949 20.267 0.117
6381.85826 20.182 0.098
6381.89816 19.924 0.089
6382.76480 21.660 0.787
6382.80319 20.106 0.140
6382.84239 20.138 0.147
6382.88307 21.319 0.468
6386.75791 20.928 0.340
6386.80891 20.827 0.247
6386.85521 20.739 0.228
6386.90640 20.394 0.218
6387.72871 21.499 0.640
6387.77084 21.112 0.274
6387.81517 20.357 0.156
6387.85414 20.193 0.122
6387.89589 20.617 0.233
6388.73076 20.809 0.296
6388.79325 19.879 0.101
6388.83240 20.135 0.112
6388.90639 20.382 0.145
6389.72908 20.764 0.317
6389.77008 20.359 0.161
6389.81131 20.450 0.155
6389.84978 20.606 0.200
6389.88931 20.255 0.141
6390.71406 20.688 0.265
6390.75416 20.539 0.187
6390.79600 19.970 0.107
6390.84045 20.541 0.164
6390.88534 19.908 0.093
6390.92589 19.742 0.156
6391.73049 20.063 0.183
6391.82141 21.273 0.475
6391.87432 20.634 0.275
6393.71878 20.133 0.165
6393.76464 20.236 0.170
6393.80390 20.627 0.226
6393.85627 19.881 0.100
6393.89957 19.887 0.129
6394.71910 20.636 0.312
6394.77173 20.657 0.267
6394.81919 20.677 0.280
6394.85827 19.873 0.100
6394.92292 19.977 0.124
6395.72280 20.419 0.176
6395.77141 20.201 0.124
6395.82107 20.014 0.089
6395.86009 20.066 0.087
6395.90412 20.427 0.135
6396.70828 20.378 0.157
6396.75516 20.285 0.108
6396.80495 20.305 0.111
6396.84765 20.220 0.095
6396.88864 20.225 0.118
6396.92821 20.467 0.235
6397.72131 20.320 0.134
6397.77213 20.125 0.099
6397.82103 20.146 0.098
6397.85890 20.231 0.112
6397.89762 20.094 0.103
6398.68980 20.281 0.166
6398.72874 20.023 0.097
6398.79055 20.086 0.099
6398.82856 20.472 0.154
6398.86890 20.258 0.143
6398.90955 20.125 0.118
6399.69562 20.413 0.197
6399.73443 21.016 0.341
6399.78328 20.091 0.106
6399.83111 20.274 0.134
6399.86968 20.648 0.208
6400.73050 19.901 0.105
6400.79509 20.085 0.116
6400.85095 20.445 0.156
6400.89889 20.515 0.180
6401.69969 20.430 0.231
6401.74381 20.181 0.117
6401.78542 20.196 0.114
6401.83271 20.116 0.103
6401.87441 20.235 0.111
6401.91276 20.431 0.142
6402.70603 20.343 0.194
6402.74389 20.320 0.199
6402.79106 20.765 0.278
6402.83977 21.546 0.601
6402.87981 20.323 0.173
6402.92149 21.781 1.106
6403.70943 20.452 0.140
6403.74701 20.233 0.121
6403.78631 20.167 0.094
6403.83326 20.021 0.090
6403.87317 20.608 0.179
6403.92988 20.211 0.167
6404.72910 20.508 0.167
6404.76853 20.161 0.130
6404.81776 20.304 0.138
6404.85691 20.194 0.118
6404.90575 20.843 0.278
6405.81317 20.529 0.254
6405.86074 20.289 0.119
6405.90282 20.159 0.101
6406.76030 20.015 0.156
6406.82118 20.195 0.225
6406.87644 20.616 0.307
6406.92263 20.359 0.137
6407.70035 20.804 0.381
6407.73817 20.366 0.215
6407.77637 20.198 0.134
6407.81584 19.783 0.109
6407.86574 20.778 0.268
6407.91392 19.984 0.136
6408.72815 19.721 0.285
6408.76902 19.777 0.148
6408.80888 20.101 0.174
6409.78406 20.946 0.456
6409.82785 21.128 0.494
6409.88364 20.781 0.345
6409.92178 20.886 0.317
6415.70707 21.209 0.609
6415.76210 19.936 0.124
6415.80274 20.875 0.388
6415.90405 20.152 0.129
6416.64436 20.576 0.252
6416.68910 21.071 0.432
6416.75239 20.308 0.123
6416.79055 20.165 0.105
6416.84089 20.158 0.114
6416.90604 20.427 0.139
6417.67732 20.976 0.441
6417.71480 20.137 0.148
6417.75300 21.635 0.593
6417.79988 19.872 0.114
6417.84067 20.397 0.180
6417.88865 20.118 0.139
6417.92805 20.215 0.146
6418.66050 20.142 0.152
6418.69806 20.682 0.242
6418.73556 20.294 0.147
6418.77315 20.431 0.151
6418.82178 20.505 0.161
6418.86219 20.097 0.107
6418.90953 20.342 0.146
6419.70938 20.782 0.221
6419.74743 20.090 0.110
6419.78632 20.184 0.141
6419.83752 20.214 0.148
6419.88514 20.476 0.166
6419.92316 20.175 0.124
6420.65157 20.618 0.195
6420.68917 19.904 0.082
6420.72702 20.255 0.104
6420.76290 20.100 0.088
6420.82250 20.564 0.139
6420.86136 20.284 0.116
6420.91034 19.961 0.087
6421.79077 20.284 0.137
6421.83148 20.697 0.190
6421.89005 20.660 0.267
6422.68292 20.745 0.221
6422.73514 20.156 0.114
6422.77299 20.741 0.174
6423.69284 19.819 0.108
6423.75005 20.390 0.191
6423.81413 20.167 0.118
6423.85265 20.870 0.263
6423.89133 20.490 0.190
6423.92935 20.000 0.140
6424.65287 19.956 0.115
6424.69334 20.227 0.138
6424.75268 19.858 0.088
6424.80294 20.418 0.119
6424.84701 20.185 0.125
6424.88849 20.643 0.192
6424.94135 20.245 0.217
6426.64089 21.488 0.462
6426.68156 19.770 0.088
6426.77678 20.434 0.154
6426.84008 20.221 0.119
6426.88119 20.037 0.128
6426.92195 20.167 0.119
6427.72391 20.961 0.273
6427.88465 20.293 0.179
6428.73410 20.394 0.192
6428.78466 20.287 0.151
6428.83861 20.199 0.158
6428.88118 20.673 0.234
6428.92153 21.493 0.659
6431.68169 21.675 0.841
6431.73222 20.318 0.150
6431.78379 20.222 0.134
6431.82599 20.240 0.131
6431.86629 20.494 0.188
6431.90700 21.199 0.510
6432.64118 20.600 0.225
6432.66336 20.161 0.173
6432.70631 20.401 0.160
6432.76565 20.410 0.163
6432.80754 20.471 0.172
6432.84758 20.182 0.133
6432.88831 20.940 0.397
6432.92881 20.771 0.259
6433.61183 21.375 0.725
6433.65229 20.852 0.344
6433.69293 21.181 0.419
6433.74281 20.544 0.232
6433.84695 20.453 0.158
6434.60344 21.801 1.190
6434.64222 20.308 0.267
6434.68427 20.440 0.223
6434.73371 20.321 0.172
6434.78459 20.256 0.133
6434.82682 20.537 0.230
6434.86703 20.356 0.159
6434.94068 20.881 0.492
6435.63077 21.075 0.416
6435.67283 20.091 0.136
6435.71504 20.755 0.221
6435.77487 20.646 0.174
6435.81729 20.182 0.143
6435.86073 20.032 0.126
6435.90399 20.706 0.207
6435.94410 20.119 0.205
6436.61682 20.276 0.201
6436.65971 21.176 0.429
6436.70175 20.308 0.153
6436.75401 20.374 0.173
6436.80782 20.230 0.173
6436.84921 20.087 0.141
6436.89101 20.156 0.150
6436.93295 20.508 0.254
6437.72341 20.174 0.276
6437.74871 20.221 0.228
6437.82760 20.321 0.297
6437.90533 20.351 0.300
6437.94582 20.027 0.351
6441.64061 20.886 0.613
6441.72437 20.399 0.236
6441.77636 20.700 0.330
6441.82925 21.713 0.851
6441.87270 20.077 0.207
6441.91424 19.925 0.229
6442.57247 20.072 0.135
6442.60931 20.810 0.242
6442.64934 20.224 0.134
6442.68941 20.098 0.115
6442.75093 20.374 0.123
6442.79323 20.368 0.133
6442.83361 20.154 0.119
6442.87344 20.122 0.116
6442.91325 20.363 0.178
6443.67045 20.168 0.166
6443.75269 21.120 0.404
6443.82147 19.961 0.204
6444.68970 20.200 0.266
6444.75933 20.614 0.210
6444.81249 20.375 0.171
6444.85336 19.844 0.099
6444.89516 20.815 0.265
6445.61391 21.373 0.501
6445.65852 20.254 0.137
6445.71558 20.519 0.186
6445.76293 20.314 0.147
6445.81993 20.489 0.182
6445.86520 19.852 0.166
6445.91278 20.123 0.190
6446.56078 20.105 0.127
6446.60359 20.423 0.145
6446.64598 19.998 0.099
6446.69562 20.250 0.112
6446.75097 20.145 0.113
6446.79362 20.304 0.115
6446.83574 20.015 0.088
6446.90182 20.729 0.224
6446.94235 20.839 0.308
6447.58088 20.083 0.142
6447.62014 20.600 0.199
6447.65989 20.027 0.112
6447.71014 20.771 0.212
6447.76533 20.174 0.119
6447.80715 20.652 0.178
6447.84722 20.571 0.188
6447.88774 20.232 0.118
6447.92838 20.388 0.154
6448.56812 20.390 0.262
6448.60992 20.414 0.184
6448.65027 20.409 0.183
6448.69141 20.465 0.200
6448.75164 20.495 0.130
6448.79430 20.164 0.115
6448.83618 20.384 0.162
6448.87682 20.587 0.265
6448.91909 21.400 0.666
6449.56660 21.090 0.408
6449.60995 20.268 0.165
6449.65320 20.856 0.309
6449.69348 20.487 0.163
6449.74537 20.173 0.151
6449.79559 20.420 0.184
6449.83690 20.546 0.186
6449.87740 20.637 0.241
6450.56046 20.744 0.318
6450.60317 20.981 0.315
6450.64580 20.327 0.135
6450.69556 20.520 0.146
6450.74589 20.297 0.112
6450.78695 20.181 0.120
6450.82800 20.118 0.116
6450.87365 20.704 0.207
6450.91747 20.229 0.156
6451.56320 20.836 0.341
6451.60865 20.684 0.252
6451.64909 21.093 0.320
6451.69159 20.583 0.180
6451.75301 20.504 0.195
6451.79379 20.349 0.154
6451.83453 21.349 0.401
6451.87524 20.099 0.136
6451.91763 20.094 0.171
6452.57032 20.032 0.134
6452.61302 20.252 0.107
6452.65378 20.227 0.107
6452.70886 20.584 0.145
6452.80565 20.187 0.094
6452.84820 20.106 0.094
6452.88948 20.126 0.127
6454.54950 21.008 0.419
6454.58022 20.279 0.162
6454.62278 20.449 0.186
6454.66326 21.081 0.320
6454.76648 20.140 0.123
6454.80762 20.658 0.237
6454.84809 20.887 0.300
6454.88915 20.300 0.154
6455.54391 21.031 0.346
6455.57997 19.850 0.113
6455.68619 20.536 0.226
6455.78516 20.546 0.233
6456.54796 20.562 0.193
6456.58889 20.101 0.080
6456.63002 20.422 0.121
6456.68122 20.642 0.127
6456.73370 20.302 0.108
6456.77519 20.115 0.107
6456.81584 20.599 0.182
6456.89175 20.209 0.119
6457.69922 19.990 0.093
6457.76208 20.442 0.137
6457.80321 20.346 0.134
6457.84461 20.214 0.132
6457.88510 20.609 0.216
6458.54649 20.567 0.285
6458.58657 20.307 0.222
6458.62827 20.792 0.348
6458.66888 20.280 0.150
6458.72030 21.745 0.713
6458.77159 20.177 0.124
6458.81266 20.266 0.124
6458.85346 20.159 0.151
6458.89803 20.129 0.160
6459.54051 20.743 0.340
6459.57992 20.458 0.190
6459.62283 20.462 0.181
6459.66489 20.080 0.108
6459.72977 20.163 0.098
6459.77165 20.575 0.157
6459.81263 20.214 0.126
6459.85374 20.412 0.148
6459.89442 20.878 0.304
6460.59263 20.456 0.205
6460.64342 20.001 0.119
6460.71777 20.374 0.152
6460.79238 20.404 0.191
6460.88889 20.204 0.145
6461.56870 19.903 0.110
6461.61041 20.248 0.158
6461.65197 20.292 0.170
6461.70086 20.562 0.238
6461.76933 20.151 0.123
6461.82220 20.124 0.139
6461.87346 20.500 0.179
6462.60849 21.191 0.617
6462.65056 20.101 0.133
6462.70235 20.068 0.149
6462.82958 20.433 0.194
6462.87053 20.086 0.163
6463.52297 20.632 0.427
6463.56446 20.734 0.298
6463.60360 20.590 0.273
6463.64482 20.272 0.171
6463.69935 20.341 0.164
6463.75360 20.967 0.306
6463.79494 20.430 0.194
6463.83612 20.393 0.182
6463.88033 21.544 0.584
6464.61238 20.740 0.333
6464.65280 20.631 0.287
6464.69964 20.585 0.198
6464.75263 20.211 0.177
6464.80349 20.223 0.192
6464.84515 19.899 0.149
6464.88759 20.301 0.197
6468.55921 19.786 0.131
6468.60020 20.097 0.164
6468.71034 20.690 0.325
6468.75430 20.411 0.232
6468.81409 20.096 0.175
6469.54198 20.500 0.245
6469.58241 20.162 0.175
6469.62251 20.346 0.165
6469.68595 20.556 0.218
6469.72956 20.372 0.172
6469.76988 20.192 0.141
6469.84276 20.664 0.427
6471.64800 20.269 0.200
6472.64391 21.546 0.654
6472.69650 20.550 0.201
6472.74830 20.128 0.143
6472.78889 20.639 0.244
6473.54923 21.048 0.392
6473.59150 20.217 0.138
6473.63185 20.462 0.133
6473.68373 19.877 0.101
6473.73477 20.158 0.124
6473.77581 20.398 0.173
6473.81622 20.584 0.222
6473.85684 20.653 0.321
6474.53834 20.584 0.320
6474.57853 20.590 0.224
6474.62386 20.912 0.362
6474.66457 20.412 0.171
6474.71941 20.646 0.218
6474.76921 20.182 0.151
6474.80954 20.415 0.231
6474.84976 20.921 0.359
6475.48550 20.715 0.348
6475.52736 20.579 0.244
6475.57042 20.921 0.384
6475.63161 20.478 0.164
6475.68267 21.358 0.396
6475.73185 20.542 0.192
6475.77216 20.641 0.212
6475.81424 20.689 0.250
6476.49836 20.044 0.193
6476.53908 20.238 0.175
6476.57990 20.255 0.170
6476.62131 20.497 0.176
6476.68677 20.521 0.197
6477.53242 20.204 0.158
6477.57357 20.499 0.189
6477.61427 21.543 0.569
6477.68011 20.234 0.167
6477.72086 20.458 0.179
6477.76139 21.554 0.660
6477.80251 20.292 0.221
6478.52994 20.230 0.174
6478.57022 20.756 0.282
6478.61042 20.889 0.246
6478.66601 20.553 0.249
6479.56472 20.483 0.226
6479.60564 20.235 0.143
6479.64733 20.212 0.129
6479.70179 21.280 0.493
6479.75968 19.998 0.145
6479.82435 20.357 0.244
6480.56177 20.231 0.166
6480.60237 21.466 0.588
6480.65329 20.262 0.134
6480.70523 20.676 0.275
6480.74566 20.702 0.253
6480.78613 20.372 0.178
6480.82787 20.507 0.303
6481.49918 20.396 0.230
6481.54049 20.192 0.141
6481.58407 20.905 0.304
6481.64191 20.286 0.188
6481.74259 20.717 0.277
6481.78513 20.533 0.241
6481.82755 20.718 0.356
6482.80207 20.894 0.499
6483.61136 20.433 0.148
6483.81376 20.613 0.291
6484.49352 20.495 0.228
6485.46698 20.410 0.277
6485.51270 20.892 0.322
6485.55947 20.572 0.226
6485.63814 20.239 0.113
6485.70127 20.130 0.111
6485.74408 20.576 0.159
6485.79015 20.467 0.186
6486.47058 20.258 0.209
6486.51306 20.379 0.177
6486.55939 20.311 0.160
6486.60469 20.278 0.152
6486.67052 20.475 0.166
6486.72339 20.911 0.285
6486.76777 20.074 0.117
6486.81050 20.845 0.246
6487.46879 20.174 0.153
6487.51292 20.053 0.122
6487.55905 20.616 0.167
6487.60021 20.131 0.093
6487.67296 20.313 0.114
6487.71377 19.926 0.082
6487.75746 20.376 0.128
6487.80275 20.672 0.171
6490.56377 20.727 0.233
6490.62178 20.229 0.138
6490.66904 20.813 0.231
6490.70974 20.267 0.129
6490.75047 20.070 0.116
6491.46999 20.808 0.380
6491.81807 20.674 0.305
6492.54850 20.295 0.188
6492.59880 20.526 0.218
6492.66371 20.658 0.340
6492.70252 21.358 0.521
6492.73560 20.737 0.305
6496.48724 20.422 0.304
6496.52771 20.142 0.216
6496.62828 20.348 0.296
6497.72637 20.167 0.201
6497.76711 20.665 0.321
6498.46793 20.134 0.140
6498.51151 20.533 0.157
6498.55642 20.234 0.111
6498.60055 20.386 0.134
6498.64805 20.730 0.280
6498.69095 21.458 0.527
6498.73428 20.344 0.154
6498.77983 20.433 0.223
6499.48215 20.504 0.218
6499.52584 20.411 0.156
6499.56870 20.296 0.132
6500.53798 21.034 0.486
6500.67941 21.671 0.750
6500.73045 20.325 0.219
6501.55802 20.288 0.202
6501.66409 20.448 0.171
6501.70649 20.527 0.181
6501.74943 21.417 0.563
6501.78787 20.698 0.372
6504.63930 20.666 0.252
6504.68156 20.236 0.144
6504.72403 20.744 0.263
6505.53534 21.885 0.733
6505.57990 20.715 0.294
6505.65128 20.651 0.232
6505.69221 20.900 0.294
6505.73510 21.659 0.701
6505.77746 20.865 0.436
6506.56870 21.509 0.640
6506.64910 20.613 0.291
6506.70995 20.468 0.268
6506.75183 21.245 0.525
6507.63999 20.316 0.205
6507.75997 20.335 0.312
6508.51837 20.293 0.162
6508.56972 21.859 0.794
6508.61785 20.392 0.146
6508.65996 20.522 0.171
6508.70158 20.785 0.231
6508.76148 20.208 0.129
6509.52297 20.391 0.141
6509.58369 20.214 0.101
6509.62543 20.003 0.086
6509.66711 20.459 0.149
6509.70843 20.733 0.199
6509.75104 20.629 0.235
6510.48945 20.715 0.201
6510.55221 20.002 0.099
6510.59914 20.411 0.126
6510.64172 20.238 0.113
6510.71162 20.195 0.151
6510.75559 21.019 0.484
6511.52176 20.249 0.173
6511.60024 20.347 0.160
6511.65495 20.445 0.159
6511.70469 20.403 0.165
6511.75747 20.467 0.202
6514.52050 21.330 0.548
6514.59319 20.220 0.123
6514.65869 20.569 0.181
6514.71386 20.627 0.191
6515.47734 20.233 0.132
6515.54518 20.317 0.139
6515.61086 20.353 0.134
6515.67472 20.189 0.116
6515.75390 20.378 0.165
6516.52039 20.757 0.324
6516.60272 20.400 0.161
6516.65458 21.639 0.544
6518.49018 20.272 0.151
6518.56212 19.999 0.095
6518.61541 20.079 0.113
6518.66233 20.184 0.119
6518.71050 20.420 0.152
6519.49592 20.244 0.142
6519.56828 20.335 0.153
6519.61676 21.352 0.374
6519.66827 20.125 0.119
6519.71567 21.061 0.327
6523.50405 20.245 0.166
6523.54237 20.685 0.236
6523.57837 20.596 0.208
6523.61745 20.108 0.161
6523.65809 21.060 0.402
6523.69948 20.891 0.427
6524.56962 20.579 0.209
6524.61776 20.783 0.265
6524.66636 19.997 0.142
6525.62375 20.894 0.444
6525.67396 21.320 0.722
6526.66539 21.369 0.539
6526.69613 20.191 0.184
6527.62682 21.009 0.570
6529.55415 20.613 0.316
6529.59729 21.144 0.448
6529.63987 20.496 0.234
6530.67729 20.308 0.291
6531.50681 20.333 0.179
6531.58275 20.244 0.148
6531.63030 20.658 0.251
6531.67834 20.636 0.232
6532.50839 20.563 0.214
6532.61240 20.763 0.232
6532.67377 20.559 0.270
6533.52390 20.522 0.240
6533.59443 21.053 0.302
6533.65553 21.072 0.310
6534.54755 20.531 0.182
6534.59840 20.651 0.211
6534.63865 20.458 0.202
6536.47775 20.953 0.406
6538.56870 20.761 0.226
6538.61111 21.027 0.319
6539.51816 20.394 0.160
6539.56403 20.768 0.275
6539.62190 20.109 0.133
6541.51399 20.124 0.137
6541.57379 20.083 0.109
6541.61945 20.228 0.107
6543.53160 20.683 0.238
6543.58308 21.661 0.574
6543.62742 20.358 0.187
6544.51894 21.518 0.489
6544.56954 20.227 0.172
6545.52696 20.134 0.106
6545.57205 20.700 0.222
6545.61795 20.551 0.164
6546.55711 20.590 0.343
6546.60931 21.073 0.404
6547.56858 20.855 0.431
6552.55464 20.421 0.290
6555.58594 20.555 0.256
6555.63751 21.140 0.580
6556.64852 20.409 0.275
6558.52624 20.190 0.119
6558.56680 20.125 0.124
6558.61974 20.664 0.261
6559.51210 21.941 0.946
6559.56589 19.956 0.116
6559.61897 20.425 0.221
6560.57019 20.001 0.127
6560.62601 20.268 0.223
6561.53060 20.581 0.245
6562.52944 20.647 0.232
6562.57655 20.159 0.139
6563.59122 20.724 0.286
6563.62875 20.226 0.214
6564.56570 20.683 0.253
6565.49281 21.091 0.447
6565.59091 20.307 0.174
6567.53392 20.710 0.382
6568.52987 21.429 0.814
6568.57067 20.561 0.261
6568.61355 20.731 0.320
6569.52109 21.051 0.264
6569.56206 20.436 0.167
6569.60319 21.309 0.465
6571.54694 20.447 0.239
6571.59613 21.047 0.413
6572.51944 21.865 0.953
6572.57809 21.107 0.424
6573.50000 20.517 0.226
6573.54070 20.670 0.232
6577.52390 20.142 0.318
6577.56770 20.675 0.447
6579.54544 20.216 0.215
6580.50343 20.549 0.348
6581.50492 20.473 0.215
6581.56179 20.917 0.373
6582.51659 20.987 0.409
6582.56899 20.424 0.228
6583.56480 21.069 0.712
6584.56663 21.412 0.892
6585.52352 21.125 0.568
