2124.73323 18.210 0.089
2128.70118 18.329 0.047
2131.61903 18.240 0.044
2135.58962 18.288 0.036
2140.56961 18.257 0.048
2143.67620 18.184 0.043
2162.64572 18.186 0.047
2170.55223 18.184 0.042
2173.62585 18.189 0.040
2183.56986 18.246 0.072
2185.50388 18.178 0.054
2200.52800 18.261 0.062
2328.84123 18.294 0.046
2344.89467 18.216 0.037
2351.85663 18.253 0.040
2360.86612 18.313 0.041
2371.83997 18.290 0.040
2381.84727 18.263 0.037
2385.86773 18.276 0.039
2389.87109 18.246 0.040
2391.76473 18.188 0.062
2400.75378 18.239 0.044
2400.78128 18.256 0.040
2402.86634 18.292 0.047
2404.91690 18.254 0.042
2406.90369 18.337 0.052
2414.83406 18.251 0.041
2416.72679 18.245 0.045
2424.78262 18.273 0.043
2426.73192 18.177 0.050
2428.81275 18.253 0.044
2431.74457 18.175 0.040
2433.71814 18.263 0.043
2435.67102 18.254 0.040
2437.72971 18.245 0.051
2439.66640 18.268 0.037
2441.64314 18.269 0.036
2444.64539 18.266 0.047
2446.74274 18.301 0.044
2452.65217 18.319 0.069
2458.78821 18.275 0.049
2462.64815 18.246 0.035
2464.60647 18.297 0.038
2467.49937 18.287 0.046
2469.50902 18.248 0.039
2471.74466 18.266 0.035
2473.49728 18.231 0.062
2483.57745 18.317 0.048
2486.54590 18.259 0.051
2490.52855 18.244 0.048
2492.76738 18.322 0.062
2495.55915 18.231 0.040
2497.61720 18.253 0.038
2499.66333 18.264 0.038
2501.68152 18.278 0.044
2508.50007 18.234 0.049
2511.67703 18.361 0.067
2518.59356 18.314 0.046
2521.60715 18.297 0.042
2535.53669 18.291 0.066
2541.51205 18.307 0.041
2546.55409 18.269 0.050
2550.60056 18.393 0.081
2555.56170 18.263 0.060
2562.51469 18.223 0.057
2572.53577 18.247 0.077
2713.83815 18.283 0.056
2727.88062 18.273 0.037
2732.89853 18.291 0.053
2743.88589 18.274 0.036
2752.79936 18.205 0.042
2755.90868 18.244 0.039
2759.90033 18.254 0.044
2765.92715 18.215 0.044
2770.65625 18.277 0.063
2782.89704 18.266 0.063
2784.85612 18.190 0.040
2786.72897 18.219 0.058
2789.60034 18.249 0.048
2791.56137 18.191 0.053
2794.71928 18.230 0.047
2796.66148 18.248 0.033
2802.71303 18.226 0.059
2808.75788 18.265 0.056
2810.68873 18.304 0.042
2812.65759 18.213 0.037
2813.74598 18.268 0.040
2815.68216 18.265 0.038
2816.81732 18.296 0.049
2817.82667 18.328 0.046
2819.62067 18.245 0.040
2821.59087 18.246 0.046
2830.63005 18.225 0.056
2835.55790 18.293 0.070
2836.78918 18.307 0.075
2838.68247 18.226 0.043
2840.65818 18.246 0.036
2842.67342 18.205 0.038
2844.72143 18.295 0.037
2849.61451 18.273 0.045
2851.65082 18.270 0.042
2853.66034 18.269 0.034
2856.53574 18.269 0.047
2858.51300 18.228 0.044
2860.66639 18.290 0.066
2863.66013 18.294 0.055
2867.61964 18.255 0.038
2870.69778 18.297 0.055
2876.67314 18.267 0.038
2879.61795 18.266 0.041
2882.57123 18.256 0.042
2885.65223 18.322 0.068
2893.68110 18.230 0.045
2896.55147 18.266 0.041
2901.55898 18.681 0.070
2907.50778 18.189 0.052
2925.54540 18.233 0.048
2935.55915 18.230 0.061
3049.85826 18.244 0.047
3057.88596 18.244 0.037
3061.86066 18.308 0.048
3067.79726 18.280 0.043
3069.87071 18.268 0.040
3072.83206 18.295 0.041
3074.86666 18.291 0.039
3080.90253 18.264 0.038
3083.85072 18.298 0.036
3085.80533 18.217 0.041
3087.75716 18.201 0.056
3089.74452 18.247 0.040
3090.90259 18.197 0.035
3093.91601 18.322 0.061
3098.74207 18.224 0.047
3098.77453 18.251 0.040
3098.79299 18.266 0.041
3098.81705 18.298 0.036
3098.84069 18.282 0.033
3098.87679 18.270 0.031
3098.91519 18.309 0.033
3099.71090 18.231 0.053
3099.74622 18.346 0.059
3099.83818 18.286 0.051
3099.91293 18.235 0.040
3100.73445 18.242 0.056
3100.77817 18.273 0.045
3100.83684 18.295 0.036
3100.87506 18.248 0.036
3100.91537 18.241 0.039
3101.72808 18.305 0.071
3101.77647 18.221 0.047
3101.83434 18.290 0.055
3101.87418 18.197 0.043
3101.91089 18.245 0.041
3102.70072 18.309 0.055
3102.75759 18.228 0.042
3102.83886 18.213 0.038
3102.91297 18.288 0.040
3103.71807 18.199 0.063
3103.81669 18.356 0.044
3103.91009 18.226 0.052
3104.70528 18.441 0.133
3104.87057 18.427 0.160
3104.91715 18.139 0.105
3106.70969 18.052 0.046
3107.70755 18.322 0.042
3107.90430 18.231 0.034
3108.70149 18.245 0.035
3108.89807 18.259 0.038
3109.71703 18.242 0.037
3110.73190 18.224 0.041
3111.78854 18.275 0.039
3112.72752 18.342 0.046
3113.77082 18.248 0.031
3114.71033 18.227 0.038
3115.76957 18.276 0.040
3118.82358 18.235 0.044
3122.77951 18.325 0.051
3125.75703 18.258 0.053
3126.76330 18.294 0.035
3127.69677 18.268 0.043
3128.71607 18.177 0.038
3129.69449 18.214 0.048
3130.87070 18.295 0.052
3134.66763 18.519 0.098
3137.71592 18.276 0.050
3138.87262 18.284 0.038
3139.73524 18.243 0.033
3140.76936 18.284 0.035
3141.85840 18.323 0.037
3142.94235 18.324 0.069
3144.69033 18.300 0.038
3146.65192 18.184 0.053
3152.65534 18.264 0.038
3153.65771 18.308 0.047
3154.73897 18.212 0.052
3156.64775 18.208 0.039
3158.68568 18.321 0.077
3162.70274 18.288 0.040
3163.66887 18.228 0.035
3164.62071 18.266 0.036
3166.69464 18.232 0.053
3167.84765 18.318 0.048
3168.65082 18.333 0.039
3169.62137 18.290 0.036
3169.91241 18.253 0.062
3170.85468 18.261 0.037
3171.64883 18.259 0.033
3172.62737 18.275 0.035
3174.61356 18.294 0.034
3175.61212 18.247 0.037
3176.64252 18.295 0.046
3178.67441 18.344 0.046
3179.70467 18.251 0.038
3180.59698 18.288 0.032
3182.65452 18.310 0.040
3183.61838 18.275 0.037
3184.58907 18.197 0.034
3184.87156 18.217 0.064
3185.69945 18.331 0.042
3192.73334 18.204 0.061
3193.76007 18.295 0.041
3194.68935 18.267 0.039
3195.56836 18.278 0.035
3196.64614 18.302 0.042
3196.81500 18.197 0.038
3197.63937 18.325 0.041
3199.59431 18.282 0.048
3202.64205 18.221 0.039
3203.76316 18.334 0.039
3205.57900 18.258 0.029
3206.56082 18.228 0.031
3207.56391 18.196 0.049
3210.79148 18.222 0.051
3211.55157 18.338 0.043
3212.55934 18.341 0.060
3217.55565 18.386 0.096
3218.55475 18.258 0.051
3223.54838 18.222 0.049
3224.55999 18.301 0.036
3226.51491 18.373 0.049
3228.71335 18.297 0.056
3229.52354 18.325 0.044
3230.56394 18.250 0.036
3239.67232 18.315 0.057
3241.55977 18.472 0.101
3244.65811 18.298 0.054
3246.58529 18.337 0.054
3248.56882 18.315 0.055
3250.55392 18.280 0.040
3253.49497 18.264 0.036
3255.66521 18.306 0.061
3258.58968 18.299 0.048
3262.53641 18.301 0.045
3266.54388 18.405 0.070
3268.61200 18.263 0.041
3272.51937 18.294 0.043
3274.50514 18.324 0.059
3278.52307 18.214 0.044
3280.58136 18.260 0.048
3287.51281 18.222 0.040
3292.49681 18.205 0.043
3309.54004 18.473 0.072
3432.82543 18.199 0.051
3438.90779 18.295 0.043
3444.84459 18.301 0.037
3446.87315 18.304 0.040
3448.90393 18.336 0.038
3452.78798 18.278 0.044
3454.84508 18.312 0.052
3468.80330 18.221 0.034
3470.77295 18.226 0.036
3473.80151 18.265 0.043
3473.81704 18.398 0.052
3473.89154 18.238 0.043
3474.83559 18.325 0.036
3474.86370 18.279 0.044
3475.72332 18.271 0.041
3475.73806 18.279 0.037
3475.81597 18.306 0.034
3475.85118 18.310 0.031
3475.88866 18.307 0.032
3475.92467 18.273 0.038
3476.70974 18.274 0.037
3476.73938 18.215 0.030
3476.76284 18.255 0.031
3476.78932 18.392 0.035
3476.82174 18.290 0.033
3476.86098 18.305 0.033
3476.89977 18.244 0.030
3476.92984 18.263 0.056
3477.71871 18.219 0.036
3477.74885 18.303 0.038
3477.80875 18.319 0.042
3477.87401 18.233 0.036
3477.92556 18.360 0.047
3478.71035 18.311 0.041
3478.80190 18.311 0.037
3479.74009 18.292 0.038
3479.87116 18.239 0.027
3480.76687 18.222 0.029
3480.90383 18.207 0.034
3481.68552 18.251 0.043
3482.73159 18.273 0.041
3482.78302 18.384 0.052
3483.76039 18.326 0.040
3496.87044 18.271 0.050
3497.67729 18.369 0.065
3499.88465 18.196 0.030
3500.82959 18.290 0.034
3501.71302 18.220 0.044
3502.86808 18.326 0.041
3503.78555 18.328 0.035
3504.75394 18.197 0.033
3508.67205 18.195 0.051
3509.65934 18.361 0.046
3511.66840 18.273 0.050
3512.73599 18.243 0.045
3520.61083 18.220 0.046
3521.77619 18.284 0.039
3522.62956 18.444 0.042
3523.66412 18.347 0.040
3524.64807 18.340 0.043
3525.82678 18.225 0.031
3526.83380 18.325 0.034
3527.84490 18.256 0.043
3528.80896 18.226 0.038
3529.89626 18.267 0.037
3530.75274 18.262 0.029
3538.76920 18.231 0.031
3541.84658 18.244 0.041
3547.54193 18.235 0.056
3550.74141 18.241 0.030
3551.68721 18.247 0.030
3552.79254 18.324 0.050
3553.64567 18.351 0.062
3554.62582 18.254 0.051
3556.60964 18.171 0.036
3558.67283 18.329 0.034
3559.75274 18.308 0.032
3560.77507 18.309 0.033
3561.68493 18.305 0.032
3562.48801 18.291 0.042
3563.54183 18.321 0.038
3564.68373 18.261 0.036
3569.78511 18.353 0.056
3573.53994 18.238 0.052
3574.59450 18.286 0.039
3575.58328 18.294 0.033
3576.63753 18.282 0.037
3577.61355 18.159 0.032
3578.56702 18.244 0.031
3579.55075 18.201 0.029
3580.53747 18.250 0.038
3581.57768 18.228 0.040
3582.52617 18.298 0.040
3583.56564 18.288 0.035
3584.55184 18.339 0.034
3585.54246 18.287 0.037
3586.60754 18.295 0.034
3587.67526 18.386 0.047
3589.58106 18.260 0.027
3590.53866 18.285 0.032
3591.61632 18.213 0.030
3593.50379 18.204 0.030
3594.61567 18.238 0.035
3601.51717 18.245 0.039
3602.53200 18.330 0.055
3603.52285 18.333 0.049
3607.53869 18.291 0.033
3608.53052 18.358 0.048
3617.53416 18.304 0.045
3620.60971 18.351 0.038
3629.59362 18.186 0.049
3632.51491 18.324 0.049
3634.57459 18.316 0.037
3640.60190 18.197 0.043
3643.52297 18.530 0.077
3646.53022 18.162 0.060
3651.52098 18.220 0.039
3653.54900 18.081 0.060
3774.86171 18.231 0.040
3780.84137 18.316 0.065
3904.82804 18.268 0.034
3904.85444 18.269 0.040
3904.88082 18.221 0.039
3905.52044 18.273 0.044
3905.59266 18.287 0.033
3905.66559 18.235 0.031
3905.76671 18.236 0.032
4151.85794 18.292 0.046
4154.86757 18.264 0.039
4157.83787 18.308 0.046
4159.85421 18.232 0.045
4162.80314 18.273 0.064
4164.84366 18.218 0.041
4166.85614 18.285 0.059
4168.89517 18.311 0.049
4170.91008 18.243 0.056
4176.77428 18.254 0.047
4177.81793 18.334 0.042
4178.87121 18.265 0.039
4179.91100 18.243 0.048
4181.84779 18.210 0.038
4182.89616 18.266 0.032
4183.92843 18.311 0.137
4184.78751 18.283 0.041
4185.90612 18.298 0.043
4190.79276 18.228 0.049
4191.89358 18.255 0.057
4192.81099 18.323 0.051
4193.82944 18.339 0.047
4194.85094 18.229 0.041
4196.83948 18.273 0.043
4202.82098 18.273 0.035
4203.80905 18.267 0.037
4204.80118 18.267 0.036
4205.79949 18.242 0.039
4207.79592 18.258 0.036
4208.79288 18.284 0.036
4213.80017 18.293 0.038
4215.80668 18.261 0.040
4216.76436 18.227 0.042
4217.77200 18.263 0.035
4218.82400 18.241 0.049
4219.85014 18.321 0.052
4220.78807 18.285 0.043
4222.75654 18.220 0.042
4224.85658 18.221 0.124
4228.75144 18.256 0.044
4229.73583 18.256 0.045
4230.72572 18.251 0.048
4231.70794 18.239 0.038
4232.72018 18.302 0.048
4233.90965 18.193 0.057
4234.88709 18.282 0.051
4235.68168 18.334 0.045
4238.75130 18.337 0.050
4239.70194 18.270 0.045
4240.76106 18.229 0.036
4243.61075 18.289 0.064
4244.67928 18.326 0.046
4245.67265 18.249 0.039
4246.73140 18.291 0.049
4247.77058 18.262 0.038
4250.81861 18.251 0.050
4256.58819 18.292 0.065
4258.60461 18.291 0.057
4267.56371 18.195 0.057
4268.79986 18.264 0.045
4269.54674 18.252 0.056
4272.57021 18.266 0.046
4273.76875 18.205 0.047
4274.63213 18.284 0.053
4275.66101 18.301 0.051
4276.75344 18.209 0.068
4277.67683 18.234 0.042
4278.63427 18.232 0.051
4283.57187 18.250 0.050
4284.56371 18.245 0.052
4285.56710 18.269 0.050
4286.56664 18.299 0.049
4289.60127 18.241 0.054
4290.62393 18.305 0.050
4291.68428 18.296 0.047
4292.54907 18.294 0.035
4293.55531 18.317 0.037
4294.54833 18.274 0.046
4295.56646 17.066 0.017
4296.55284 17.036 0.018
4297.68588 17.112 0.016
4298.51561 17.168 0.019
4299.50204 17.195 0.018
4300.60719 17.342 0.019
4301.77531 17.354 0.018
4302.73157 17.365 0.021
4303.73986 17.403 0.025
4304.51177 17.433 0.038
4310.67799 17.725 0.044
4312.58667 17.718 0.030
4315.59406 17.782 0.030
4316.67685 18.029 0.035
4317.60074 18.134 0.039
4319.57771 18.176 0.044
4320.66435 18.259 0.044
4326.59552 18.224 0.039
4327.55449 18.160 0.050
4328.56016 18.293 0.035
4329.49633 18.318 0.046
4330.56613 18.227 0.039
4331.56183 18.184 0.040
4332.57575 18.243 0.037
4333.49677 18.182 0.051
4339.55970 18.293 0.042
4340.49821 18.240 0.068
4341.56412 18.274 0.058
4342.60018 18.308 0.047
4343.57964 18.231 0.038
4344.62103 18.297 0.048
4345.57588 18.246 0.039
4346.58151 18.291 0.057
4347.59535 18.258 0.044
4349.56411 18.308 0.040
4350.62187 18.285 0.047
4351.56941 18.321 0.047
4353.58594 18.270 0.051
4354.60528 18.287 0.049
4355.62157 18.292 0.053
4356.57014 18.240 0.044
4358.59462 18.269 0.053
4361.61562 18.252 0.067
4367.58047 18.284 0.057
4371.57941 18.272 0.053
4377.54434 18.253 0.051
4380.62381 18.289 0.060
4396.56570 18.324 0.070
4505.88020 18.313 0.045
4508.87230 18.257 0.038
4512.85863 18.206 0.037
4514.87695 18.321 0.043
4518.86122 18.325 0.062
4521.89307 18.260 0.045
4523.83391 18.268 0.061
4525.82600 18.243 0.083
4532.79592 18.197 0.056
4534.80240 18.214 0.048
4536.88225 18.257 0.040
4538.80323 18.267 0.048
4540.78744 18.366 0.043
4541.88447 18.240 0.035
4542.84788 18.279 0.040
4545.92003 18.267 0.087
4546.84588 18.324 0.051
4547.86533 18.318 0.044
4551.84701 18.289 0.045
4556.81965 18.297 0.036
4557.84266 18.241 0.039
4558.81129 18.228 0.035
4559.80994 18.237 0.035
4560.81030 18.255 0.034
4561.79918 18.260 0.030
4564.80334 18.249 0.034
4565.78794 18.255 0.029
4566.78880 18.316 0.034
4567.78768 18.232 0.037
4568.81737 18.243 0.038
4569.80700 18.254 0.034
4570.79789 18.264 0.038
4571.78537 18.228 0.038
4572.82280 18.278 0.045
4573.79891 18.313 0.042
4574.80121 18.314 0.044
4575.81001 18.199 0.041
4577.89904 18.251 0.055
4578.85260 18.316 0.056
4583.80808 18.293 0.049
4585.72115 18.293 0.055
4586.93291 18.292 0.065
4587.67389 18.253 0.058
4588.65785 18.289 0.055
4589.81755 18.314 0.043
4590.66116 18.367 0.056
4591.81358 18.311 0.041
4592.72918 18.256 0.041
4593.71434 18.285 0.042
4594.73556 18.232 0.037
4595.72786 18.247 0.038
4596.71989 18.327 0.042
4597.74461 18.311 0.039
4598.72061 18.282 0.033
4599.69313 18.288 0.040
4600.70551 18.228 0.030
4601.70816 18.298 0.035
4602.70050 18.264 0.036
4603.92355 18.259 0.045
4606.70848 18.264 0.044
4610.81185 18.306 0.055
4611.68745 18.265 0.043
4611.87832 18.170 0.042
4612.71191 18.289 0.043
4615.85444 18.298 0.058
4616.67354 18.243 0.041
4617.77580 18.240 0.044
4618.71129 18.274 0.044
4622.59269 18.297 0.066
4622.87010 18.432 0.074
4623.73172 18.349 0.045
4624.67095 18.333 0.044
4625.65609 18.270 0.047
4626.69957 18.231 0.042
4627.62742 18.258 0.039
4628.62945 18.300 0.048
4629.69415 18.356 0.041
4630.63046 18.263 0.037
4631.65267 18.286 0.034
4632.63940 18.234 0.038
4633.63302 18.302 0.052
4638.81696 18.277 0.053
4639.63802 18.258 0.046
4640.65491 18.284 0.046
4641.73749 18.276 0.047
4642.65349 18.286 0.040
4643.61962 18.299 0.044
4644.68102 18.293 0.042
4645.59346 18.263 0.042
4646.59000 18.277 0.034
4647.58359 18.323 0.043
4648.58801 18.251 0.043
4649.59013 18.261 0.039
4650.62286 18.302 0.043
4651.59431 18.669 0.058
4651.63270 18.276 0.044
4652.56711 18.259 0.048
4653.56105 18.246 0.049
4654.60031 18.277 0.041
4655.56091 18.289 0.053
4656.56287 18.285 0.041
4658.72160 18.289 0.049
4660.67439 18.270 0.057
4661.55094 18.305 0.050
4665.71879 18.256 0.060
4666.62424 18.311 0.050
4670.68892 18.241 0.050
4671.73618 18.311 0.052
4672.56994 18.270 0.043
4674.57584 18.191 0.057
4677.55245 18.314 0.042
4681.49858 18.273 0.046
4682.54219 18.277 0.041
4683.58090 18.281 0.052
4684.59995 18.298 0.051
4685.56435 18.314 0.048
4686.56537 18.261 0.041
4687.56555 18.309 0.035
4688.55857 18.202 0.045
4694.50857 18.342 0.076
4697.56221 18.317 0.051
4698.58833 18.266 0.045
4700.58365 18.322 0.048
4701.56654 18.289 0.050
4702.58142 18.260 0.050
4703.64884 18.285 0.053
4707.67809 18.281 0.049
4709.57674 18.362 0.066
4710.61735 18.302 0.050
4716.64960 18.238 0.080
4721.56753 18.263 0.063
4724.57436 18.312 0.073
4725.60198 18.295 0.064
4730.64367 18.290 0.047
4739.55144 18.311 0.066
4748.55426 18.328 0.068
4754.52966 18.163 0.056
4759.56025 18.417 0.077
4874.88814 18.233 0.055
4878.84820 18.306 0.058
4885.84956 18.219 0.043
4887.88761 18.326 0.037
4891.84412 18.230 0.042
4897.87567 18.330 0.044
4900.84006 18.234 0.043
4902.81710 18.264 0.040
4904.84539 18.294 0.044
4906.86789 18.332 0.043
4910.87448 18.261 0.043
4914.83921 18.333 0.037
4920.75927 18.244 0.038
4925.75785 18.244 0.033
4927.78888 18.228 0.040
4929.77354 18.338 0.047
4930.91294 18.364 0.065
4931.75757 18.219 0.050
4932.89052 18.321 0.053
4933.88525 18.195 0.052
4938.75476 18.290 0.047
4939.78262 18.272 0.044
4941.73422 18.321 0.048
4942.83862 18.297 0.037
4943.85329 18.266 0.037
4944.86277 18.264 0.034
4945.75876 18.264 0.035
4950.83829 18.268 0.042
4953.72090 18.280 0.044
4954.71505 18.262 0.038
4955.72200 18.369 0.048
5260.86866 18.325 0.026
5261.80352 18.336 0.027
5262.84196 18.275 0.070
5264.82661 18.336 0.028
5264.87974 18.403 0.039
5264.89704 18.384 0.030
5265.80272 18.319 0.024
5266.79069 18.377 0.031
5267.83252 18.327 0.025
5268.80374 18.270 0.023
5269.79863 18.318 0.023
5270.84301 18.317 0.021
5271.79805 18.304 0.022
5272.80491 18.264 0.027
5273.85953 18.336 0.024
5274.80826 18.335 0.029
5275.79481 18.365 0.028
5276.82892 18.342 0.024
5277.79504 18.288 0.029
5278.80507 18.300 0.026
5279.80632 18.253 0.031
5280.85789 18.326 0.020
5281.79283 18.325 0.020
5282.77335 18.340 0.036
5282.91835 18.326 0.035
5283.77448 18.312 0.029
5284.77647 18.221 0.032
5285.77217 18.351 0.034
5285.90169 18.329 0.028
5286.76337 18.301 0.032
5287.83301 18.331 0.025
5288.76636 18.278 0.031
5292.83650 18.378 0.042
5293.84444 18.373 0.026
5294.77426 18.377 0.021
5295.77594 18.316 0.022
5296.81638 18.339 0.019
5297.85072 18.354 0.019
5298.89092 18.345 0.019
5299.87414 18.348 0.021
5301.80243 18.326 0.021
5304.76457 18.308 0.028
5306.76097 18.333 0.021
5307.76393 18.372 0.024
5308.75352 18.430 0.027
5309.82511 18.354 0.021
5310.79295 18.420 0.027
5311.89905 18.402 0.024
5312.88994 18.373 0.028
5313.91617 18.398 0.035
5314.86433 18.354 0.032
5315.78983 18.407 0.033
5316.74585 18.398 0.047
5319.88985 18.350 0.067
5320.78375 18.325 0.033
5321.73064 18.442 0.029
5321.92472 18.321 0.030
5323.84219 18.361 0.025
5324.77277 18.322 0.025
5325.69045 18.359 0.025
5325.89072 18.400 0.028
5326.81548 18.374 0.023
5327.76261 18.391 0.024
5328.62609 18.364 0.024
5328.88587 18.372 0.027
5334.81168 18.327 0.024
5335.78853 18.366 0.022
5336.84901 18.386 0.028
5337.87681 18.435 0.038
5338.90503 18.413 0.045
5339.91087 18.305 0.054
5340.85238 18.448 0.039
5341.74723 18.387 0.029
5342.61197 18.333 0.047
5342.80759 18.361 0.034
5343.64128 18.435 0.043
5343.83440 18.292 0.033
5348.78166 18.315 0.031
5350.67050 18.353 0.038
5351.76449 18.361 0.031
5352.77872 18.345 0.028
5353.74706 18.349 0.024
5354.69298 18.362 0.025
5355.63323 18.326 0.027
5357.63210 18.335 0.030
5358.77919 18.363 0.038
5359.65685 18.391 0.026
5359.88664 18.316 0.038
5362.82371 18.397 0.028
5364.88888 18.376 0.034
5365.85697 18.305 0.032
5369.81336 18.385 0.038
5376.77895 18.401 0.037
5377.70629 18.375 0.026
5378.55514 18.359 0.025
5378.84246 18.422 0.037
5379.74734 18.334 0.026
5380.57405 18.339 0.025
5380.82933 18.345 0.048
5381.70450 18.352 0.033
5382.56803 18.369 0.046
5382.77483 18.338 0.040
5385.57075 18.371 0.021
5386.50384 18.382 0.032
5386.58592 18.368 0.027
5386.67019 18.329 0.027
5386.80012 18.387 0.027
5387.78387 18.431 0.028
5388.71720 18.397 0.026
5389.58724 18.357 0.023
5390.56936 18.349 0.031
5390.82626 18.383 0.030
5391.81222 18.422 0.035
5392.70772 18.355 0.027
5393.72063 18.364 0.037
5396.61735 18.343 0.029
5397.68007 18.365 0.032
5402.68501 18.261 0.067
5403.65256 18.285 0.028
5404.52367 18.338 0.030
5404.72093 18.426 0.042
5405.73656 18.346 0.031
5407.59023 18.345 0.033
5408.50608 18.371 0.037
5408.71320 18.320 0.031
5409.66987 18.400 0.025
5410.67327 18.360 0.024
5411.70882 18.368 0.022
5412.64692 18.379 0.033
5413.70174 18.350 0.025
5414.74867 18.338 0.030
5418.61572 18.391 0.023
5421.64421 18.324 0.025
5422.72030 18.358 0.027
5426.49243 18.404 0.053
5430.56303 18.404 0.036
5431.55824 18.399 0.030
5434.52320 18.366 0.032
5435.49429 18.367 0.033
5436.49202 18.379 0.032
5439.59533 18.334 0.035
5443.60955 18.396 0.034
5444.63517 18.344 0.030
5446.51758 18.363 0.027
5447.53305 18.381 0.027
5448.66511 18.361 0.035
5450.54562 18.335 0.034
5453.48092 18.369 0.056
5457.57637 18.403 0.030
5458.60146 18.434 0.053
5460.48373 18.437 0.046
5461.51478 18.289 0.064
5462.53476 18.411 0.034
5465.53609 18.327 0.032
5467.51783 18.297 0.022
5469.51591 18.350 0.023
5470.54013 18.428 0.031
5471.54562 18.371 0.029
5472.48801 18.325 0.033
5472.58270 18.361 0.036
5473.52873 18.384 0.033
5476.52904 18.362 0.045
5478.50792 18.354 0.031
5480.52043 18.307 0.035
5481.48925 18.342 0.058
5485.53612 18.336 0.039
5486.52244 18.365 0.043
5487.50545 18.382 0.030
5488.48936 18.444 0.051
5488.55567 18.282 0.044
5489.54627 18.365 0.047
5490.54233 18.321 0.050
5492.53911 18.262 0.050
5495.49270 18.359 0.047
5497.49540 18.361 0.058
5499.49984 18.331 0.055
5502.51259 18.421 0.040
5598.87280 18.352 0.033
5599.86293 18.276 0.031
5600.85939 18.323 0.026
5616.89314 18.438 0.038
5622.89241 18.378 0.021
5625.82605 18.398 0.028
5627.81901 18.344 0.036
5628.90218 18.356 0.025
5629.82956 18.368 0.029
5631.85824 18.318 0.026
5632.90884 18.311 0.037
5633.81334 18.423 0.026
5634.80708 18.374 0.031
5637.84259 18.336 0.041
5639.80653 18.346 0.033
5639.88204 18.362 0.028
5640.77924 18.283 0.039
5640.85564 18.443 0.036
5641.78332 18.361 0.031
5641.90861 18.385 0.034
5642.84467 18.344 0.028
5643.77142 18.414 0.035
5643.86946 18.380 0.024
5644.77914 18.415 0.040
5644.89042 18.397 0.028
5648.76102 18.375 0.026
5648.86858 18.399 0.024
5649.76743 18.407 0.027
5649.87383 18.355 0.023
5650.75920 18.373 0.023
5650.86580 18.348 0.021
5651.77983 18.351 0.025
5651.89935 18.387 0.022
5652.82324 18.375 0.023
5653.79003 18.329 0.021
5654.79710 18.413 0.026
5654.88559 18.356 0.024
5655.79382 18.346 0.025
5655.87851 18.356 0.021
5656.83003 18.356 0.020
5657.79045 18.356 0.021
5657.87687 18.341 0.019
5658.78731 18.343 0.030
5658.88288 18.355 0.024
5659.73897 18.366 0.022
5659.81589 18.322 0.025
5659.90660 18.397 0.025
5660.79043 18.331 0.022
5660.90423 18.378 0.027
5662.78140 18.351 0.028
5662.88135 18.337 0.023
5664.74311 18.302 0.041
5664.84802 18.377 0.032
5665.72224 18.310 0.031
5665.83795 18.345 0.021
5665.92500 18.342 0.029
5667.89587 18.335 0.021
5668.90202 18.371 0.035
5669.89144 18.372 0.034
5670.86959 18.353 0.029
5675.74885 18.388 0.045
5676.67491 18.365 0.017
5677.79109 18.294 0.026
5679.71342 18.383 0.024
5679.89763 18.347 0.023
5680.78697 18.359 0.029
5681.68921 18.364 0.028
5681.87443 18.436 0.030
5682.76591 18.343 0.023
5683.71294 18.373 0.023
5683.93412 18.325 0.039
5684.86660 18.386 0.025
5685.82222 18.354 0.020
5686.73136 18.328 0.024
5686.91708 18.433 0.031
5687.82010 18.372 0.022
5689.74146 18.347 0.023
5690.72007 18.388 0.025
5691.64936 18.329 0.030
5691.85399 18.466 0.030
5692.75662 18.340 0.023
5692.91125 18.307 0.030
5693.78015 18.314 0.022
5693.93658 18.305 0.041
5694.78546 18.370 0.026
5694.94168 18.331 0.064
5695.82795 18.400 0.025
5696.63255 18.434 0.037
5696.81307 18.374 0.030
5697.64187 18.306 0.032
5697.81942 18.352 0.025
5698.64696 18.374 0.045
5698.81810 18.323 0.030
5703.74773 18.350 0.045
5705.78299 18.364 0.027
5706.71683 18.372 0.034
5707.61715 18.319 0.031
5707.79119 18.353 0.024
5708.59806 18.298 0.030
5708.78498 18.331 0.037
5709.63891 18.344 0.026
5712.69729 18.342 0.023
5712.86226 18.360 0.031
5713.87433 18.398 0.043
5715.63422 18.396 0.026
5715.82327 18.362 0.025
5716.71842 18.360 0.023
5716.88178 18.310 0.028
5721.79400 18.421 0.026
5722.60567 18.419 0.030
5722.61928 18.388 0.026
5722.81944 18.345 0.027
5723.69801 18.336 0.025
5723.85612 18.338 0.035
5724.73918 18.363 0.030
5725.64689 18.382 0.030
5725.66115 18.335 0.025
5726.56766 18.334 0.042
5726.74166 18.289 0.078
5734.72360 18.383 0.034
5735.65099 18.306 0.030
5735.85403 18.314 0.032
5736.59224 18.354 0.022
5736.80429 18.347 0.024
5737.60278 18.365 0.022
5737.78011 18.322 0.023
5738.62040 18.350 0.025
5739.51858 18.356 0.031
5739.70397 18.370 0.023
5739.87769 18.379 0.042
5740.69139 18.393 0.024
5740.87128 18.329 0.038
5741.63246 18.365 0.022
5741.81182 18.391 0.029
5742.56744 18.358 0.028
5742.74497 18.386 0.020
5743.61748 18.370 0.034
5743.79417 18.337 0.028
5744.55180 18.395 0.034
5744.76697 18.403 0.023
5745.54208 18.413 0.037
5745.72741 18.367 0.026
5746.57186 18.386 0.035
5746.75555 18.344 0.028
5747.64648 18.358 0.037
5748.62053 18.331 0.030
5749.59141 18.318 0.026
5749.75852 18.281 0.031
5753.54094 18.294 0.044
5753.80330 18.304 0.056
5760.53533 18.419 0.035
5760.73880 18.341 0.028
5761.55140 18.365 0.018
5762.59466 18.341 0.025
5762.77038 18.255 0.038
5763.64916 18.365 0.026
5763.81384 18.480 0.044
5764.64149 18.323 0.024
5765.51187 18.341 0.028
5765.70804 18.409 0.029
5766.58758 18.406 0.023
5766.75304 18.406 0.037
5767.65825 18.304 0.026
5768.50228 18.357 0.029
5768.69903 18.349 0.021
5769.52920 18.314 0.022
5775.60960 18.366 0.029
5776.69020 18.354 0.030
5777.59270 18.356 0.025
5778.53079 18.359 0.035
5779.66110 18.337 0.027
5785.47724 18.315 0.041
5785.68381 18.400 0.041
5786.47047 18.280 0.056
5786.48538 18.221 0.047
5786.49987 18.415 0.045
5786.51539 18.306 0.042
5786.52970 18.417 0.044
5786.54794 18.297 0.038
5786.56277 18.308 0.043
5786.57758 18.353 0.034
5786.59225 18.432 0.034
5786.60728 18.395 0.035
5786.62183 18.338 0.031
5786.63531 18.407 0.037
5786.64994 18.348 0.032
5786.66444 18.347 0.030
5786.68779 18.432 0.041
5786.70461 18.323 0.039
5786.72131 18.351 0.048
5786.73580 18.331 0.045
5786.75049 18.501 0.076
5787.47000 18.398 0.051
5787.49883 18.422 0.031
5787.54069 18.356 0.028
5787.56957 18.387 0.027
5787.59853 18.408 0.028
5787.62887 18.400 0.028
5787.66367 18.418 0.034
5787.69704 18.419 0.036
5787.73079 18.285 0.040
5788.48069 18.418 0.041
5788.54833 18.343 0.031
5788.58497 18.393 0.031
5788.62928 18.351 0.031
5788.69965 18.344 0.049
5788.74729 18.323 0.052
5790.64258 18.344 0.035
5791.60397 18.344 0.025
5793.65176 18.472 0.028
5794.56338 18.357 0.029
5795.54321 18.352 0.033
5796.51725 18.372 0.026
5796.70847 18.264 0.043
5801.62475 18.350 0.032
5803.51182 18.308 0.030
5804.61054 18.321 0.027
5805.57227 18.380 0.022
5806.59790 18.403 0.039
5812.51296 18.322 0.046
5813.47604 18.435 0.038
5813.65367 18.297 0.028
5815.63131 18.360 0.026
5816.60285 18.344 0.032
5817.60484 18.256 0.035
5818.58506 18.264 0.036
5819.59326 18.353 0.029
5820.57140 18.349 0.031
5822.54119 18.318 0.036
5822.62983 18.401 0.033
5823.56126 18.321 0.035
5824.48541 18.347 0.040
5824.58239 18.384 0.029
5825.50186 18.337 0.037
5825.59835 18.397 0.035
5826.52261 18.317 0.033
5826.60923 18.266 0.040
5827.54705 18.389 0.042
5827.62711 18.362 0.044
5828.56029 18.349 0.029
5829.48427 18.428 0.042
5829.57095 18.415 0.030
5830.50819 18.367 0.025
5830.58401 18.420 0.034
5831.55604 18.329 0.028
5832.48870 18.360 0.023
5832.58069 18.327 0.035
5833.53735 18.377 0.026
5834.48621 18.321 0.025
5834.57442 18.288 0.028
5835.56397 18.278 0.044
5836.55210 18.315 0.040
5839.50338 18.341 0.035
5839.57887 18.376 0.062
5840.53285 18.391 0.033
5840.61973 18.429 0.043
5841.55305 18.336 0.038
5842.51546 18.473 0.055
5842.59997 18.512 0.062
5842.61103 18.243 0.047
5843.55782 18.318 0.035
5844.50130 18.359 0.034
5844.58159 18.433 0.053
5845.54150 18.367 0.041
5846.50552 18.246 0.045
5846.58237 18.427 0.072
5847.55825 18.415 0.065
5850.52915 18.304 0.027
5851.49037 18.353 0.035
5851.56870 18.360 0.036
5852.51978 18.314 0.041
5854.51064 18.427 0.045
5855.49472 18.289 0.055
5856.49770 18.378 0.044
5857.51260 18.430 0.054
5859.51086 18.428 0.041
5860.52634 18.357 0.037
5861.53889 18.231 0.039
5970.87884 18.384 0.034
5976.86855 18.362 0.028
5977.86746 18.368 0.029
5978.87797 18.333 0.025
5979.88245 18.341 0.031
5982.82508 18.327 0.031
5983.82219 18.390 0.035
5984.81770 18.366 0.035
5984.90279 18.316 0.037
5985.87751 18.375 0.024
5986.85875 18.314 0.025
5987.83511 18.395 0.029
5988.82242 18.390 0.029
5989.80789 18.333 0.032
5989.88587 18.335 0.032
5990.85199 18.346 0.027
5991.82661 18.295 0.025
5992.79887 18.412 0.035
5992.89891 18.385 0.022
5993.86493 18.362 0.034
5994.83384 18.378 0.028
5995.78598 18.359 0.030
5995.84809 18.339 0.028
5996.80167 18.377 0.030
5996.88601 18.342 0.021
5997.83312 18.414 0.031
5998.78382 18.351 0.033
5998.87405 18.346 0.024
5999.80634 18.330 0.030
5999.89321 18.316 0.023
6003.89004 18.457 0.033
6004.82296 18.330 0.027
6004.90917 18.397 0.026
6005.83296 18.408 0.029
6006.77447 18.376 0.026
6006.87826 18.390 0.023
6007.78182 18.302 0.023
6007.87696 18.352 0.021
6008.77513 18.321 0.026
6008.87176 18.309 0.026
6009.77679 18.457 0.026
6009.87212 18.355 0.022
6010.76770 18.355 0.028
6010.86673 18.404 0.021
6011.74508 18.341 0.032
6011.87226 18.493 0.040
6012.77113 18.367 0.026
6012.87008 18.280 0.018
6013.76686 18.374 0.025
6013.86715 18.314 0.022
6014.74312 18.360 0.030
6014.84136 18.353 0.024
6014.92069 18.395 0.066
6015.79882 18.360 0.020
6015.88834 18.352 0.020
6016.77986 18.389 0.022
6016.88286 18.319 0.021
6017.76790 18.386 0.022
6017.84549 18.436 0.019
6018.75645 18.284 0.034
6018.83467 18.403 0.021
6019.73450 18.398 0.032
6019.83165 18.366 0.029
6019.90835 18.390 0.020
6020.76656 18.403 0.023
6020.86152 18.317 0.018
6021.71286 18.359 0.038
6021.78980 18.317 0.023
6021.88690 18.334 0.021
6022.73837 18.377 0.029
6022.81490 18.365 0.023
6022.91482 18.392 0.023
6023.77229 18.400 0.025
6023.85300 18.413 0.026
6024.72894 18.256 0.031
6024.83046 18.422 0.027
6024.92142 18.299 0.030
6025.71410 18.445 0.048
6025.79438 18.480 0.057
6025.90068 18.468 0.032
6029.90502 18.334 0.027
6031.78189 18.327 0.027
6032.71274 18.409 0.031
6032.89126 18.361 0.020
6033.84389 18.294 0.023
6034.77052 18.338 0.020
6035.92369 18.344 0.027
6036.90367 18.391 0.023
6037.87056 18.328 0.021
6038.83051 18.377 0.023
6039.80602 18.327 0.029
6040.79301 18.376 0.024
6041.74259 18.367 0.033
6041.92881 18.319 0.028
6047.70825 18.392 0.028
6047.89969 18.377 0.028
6048.82865 18.367 0.024
6049.74882 18.338 0.020
6049.92882 18.345 0.025
6050.83401 18.331 0.026
6051.75635 18.359 0.023
6052.81842 18.329 0.032
6053.67383 18.420 0.038
6053.86468 18.327 0.029
6058.70598 18.333 0.028
6058.87622 18.360 0.025
6059.76205 18.330 0.027
6059.93918 18.414 0.037
6061.84029 18.343 0.021
6062.71029 18.320 0.030
6062.88840 18.384 0.029
6063.86790 18.477 0.034
6064.80358 18.407 0.021
6065.63675 18.353 0.032
6065.81550 18.397 0.026
6066.72796 18.405 0.026
6066.91329 18.375 0.022
6067.71524 18.367 0.020
6067.89281 18.385 0.026
6068.72985 18.311 0.019
6069.69168 18.374 0.023
6069.88262 18.341 0.020
6070.68086 18.374 0.025
6070.85770 18.373 0.023
6071.65486 18.296 0.022
6071.83646 18.337 0.024
6075.63629 18.347 0.022
6075.81885 18.356 0.019
6076.67812 18.359 0.024
6076.85504 18.310 0.025
6077.79968 18.453 0.025
6078.61144 18.342 0.030
6078.79167 18.354 0.022
6079.58752 18.322 0.026
6079.77846 18.377 0.023
6079.94680 18.391 0.052
6080.72365 18.305 0.030
6080.90131 18.399 0.027
6081.67176 18.382 0.029
6081.85443 18.325 0.030
6082.66387 18.356 0.055
6082.86728 18.342 0.043
6085.67418 18.416 0.051
6085.83868 18.434 0.040
6086.61181 18.406 0.029
6086.79531 18.334 0.029
6087.59088 18.231 0.022
6088.56313 18.320 0.026
6089.64317 18.453 0.025
6089.85463 18.357 0.028
6092.67772 18.323 0.025
6093.59366 18.398 0.027
6093.79215 18.372 0.028
6094.64313 18.470 0.032
6094.81664 18.299 0.026
6096.63385 18.370 0.024
6096.83126 18.378 0.027
6097.76586 18.363 0.030
6098.55036 18.254 0.033
6098.73812 18.370 0.025
6098.89210 18.375 0.036
6100.58792 18.281 0.032
6100.76229 18.368 0.024
6101.53926 18.332 0.026
6101.70692 18.379 0.023
6102.49941 18.298 0.043
6102.67599 18.463 0.027
6102.83504 18.365 0.030
6103.58492 18.300 0.024
6103.76327 18.390 0.026
6103.78368 18.350 0.025
6104.58280 18.343 0.021
6104.74925 18.388 0.021
6105.50668 18.433 0.042
6105.69644 18.376 0.022
6108.50649 18.393 0.038
6108.68971 18.378 0.025
6108.84946 18.336 0.026
6109.68345 18.289 0.030
6109.84074 18.320 0.040
6113.64428 18.331 0.029
6113.80028 18.306 0.031
6114.65005 18.340 0.030
6114.82709 18.375 0.037
6115.59893 18.367 0.027
6115.81664 18.362 0.044
6116.64833 18.347 0.019
6116.81445 18.381 0.027
6117.61710 18.364 0.022
6117.78529 18.329 0.026
6118.55892 18.369 0.021
6118.74755 18.306 0.019
6119.52226 18.381 0.028
6119.70056 18.351 0.020
6120.53639 18.378 0.030
6120.73279 18.367 0.026
6121.52807 18.374 0.025
6121.69685 18.311 0.018
6123.56661 18.383 0.025
6123.74268 18.346 0.024
6124.54087 18.353 0.027
6124.75216 18.374 0.024
6125.55633 18.340 0.027
6125.76101 18.361 0.025
6126.59063 18.423 0.030
6127.49422 18.332 0.029
6128.51445 18.409 0.023
6128.70282 18.388 0.026
6131.56801 18.401 0.024
6133.55426 18.392 0.033
6133.75659 18.342 0.033
6134.67631 18.413 0.036
6135.66110 18.357 0.033
6136.50422 18.460 0.053
6140.63551 18.313 0.036
6141.48241 18.376 0.042
6141.65725 18.320 0.030
6142.52325 18.382 0.047
6147.52935 18.343 0.024
6147.71669 18.409 0.034
6148.65272 18.353 0.022
6150.50329 18.273 0.035
6151.48690 18.392 0.045
6151.67653 18.366 0.029
6152.55150 18.300 0.028
6154.50147 18.323 0.025
6157.64905 18.381 0.032
6158.59016 18.351 0.026
6159.49675 18.344 0.034
6159.71992 18.306 0.031
6160.67400 18.318 0.027
6161.57086 18.358 0.030
6164.57233 18.308 0.039
6168.56738 18.361 0.025
6169.56857 18.369 0.034
6171.51175 18.334 0.020
6171.69973 18.276 0.041
6172.66142 18.367 0.027
6174.62588 18.350 0.036
6179.60207 18.416 0.038
6180.58769 18.359 0.036
6181.54884 18.376 0.023
6182.55005 18.354 0.025
6183.60790 18.348 0.023
6184.64937 18.338 0.032
6185.55588 18.346 0.020
6186.56530 18.338 0.027
6190.60266 18.353 0.025
6191.64393 18.388 0.028
6195.56143 18.388 0.029
6195.63795 18.309 0.031
6196.55847 18.373 0.036
6196.63506 18.329 0.041
6197.56020 18.319 0.035
6198.56663 18.329 0.040
6200.60151 18.442 0.054
6201.58200 18.373 0.054
6203.54457 18.379 0.038
6204.49148 18.341 0.033
6204.57480 18.341 0.028
6205.51772 18.414 0.027
6205.59800 18.391 0.028
6208.53866 18.321 0.043
6210.49214 18.468 0.032
6210.56917 18.333 0.029
6211.51912 18.284 0.024
6212.51850 18.352 0.027
6212.58803 18.456 0.034
6213.54766 18.333 0.032
6214.52801 17.001 0.011
6216.52769 16.556 0.007
6217.55062 16.689 0.007
6218.53576 16.763 0.011
6219.56873 16.892 0.011
6221.53188 17.038 0.021
6221.55776 17.001 0.019
6223.58365 17.133 0.016
6226.53306 17.167 0.017
6231.53427 17.558 0.029
6234.50834 17.687 0.022
6238.53702 17.715 0.023
6334.88899 18.362 0.034
6335.86642 18.318 0.025
6337.87876 18.385 0.035
6338.85632 18.391 0.034
6339.86278 18.378 0.022
6344.88823 18.378 0.023
6347.82995 18.388 0.030
6348.82500 18.301 0.027
6349.83638 18.401 0.034
6350.83817 18.369 0.030
6351.83824 18.384 0.036
6352.83759 18.383 0.028
6353.81108 18.398 0.028
6354.78364 18.448 0.044
6358.84415 18.327 0.021
6360.83431 18.347 0.020
6361.81994 18.378 0.023
6361.90036 18.377 0.026
6362.84273 18.369 0.024
6363.81167 18.366 0.027
6367.82202 18.340 0.022
6367.90884 18.336 0.026
6368.86018 18.380 0.021
6369.78930 18.284 0.025
6369.88382 18.385 0.021
6370.83246 18.321 0.021
6370.91564 18.326 0.027
6371.84563 18.318 0.024
6372.83810 18.322 0.021
6373.76175 18.356 0.033
6373.85527 18.296 0.022
6374.77237 18.383 0.035
6374.86226 18.389 0.023
6375.77002 18.318 0.022
6375.87728 18.315 0.018
6376.78082 18.365 0.026
6376.87542 18.368 0.019
6377.79535 18.402 0.024
6377.88588 18.341 0.017
6378.79165 18.384 0.026
6378.88169 18.385 0.021
6379.78771 18.348 0.026
6379.87875 18.360 0.025
6380.77879 18.370 0.024
6380.88213 18.384 0.023
6381.79999 18.375 0.023
6381.88829 18.357 0.019
6382.79362 18.381 0.035
6382.87317 18.246 0.034
6386.78664 18.409 0.025
6386.89394 18.416 0.028
6387.79013 18.343 0.020
6387.86877 18.359 0.022
6388.81127 18.306 0.023
6388.92583 18.533 0.054
6389.79210 18.354 0.022
6389.86740 18.376 0.024
6390.74438 18.342 0.026
6390.82736 18.368 0.024
6390.91774 18.269 0.023
6391.87599 18.316 0.029
6393.87386 18.372 0.028
6394.83526 18.467 0.029
6395.79812 18.371 0.022
6396.74582 18.359 0.020
6396.91833 18.366 0.022
6397.86215 18.362 0.020
6398.79373 18.373 0.021
6399.69881 18.444 0.031
6399.87385 18.315 0.028
6400.87025 18.336 0.024
6401.80888 18.379 0.020
6402.72025 18.277 0.024
6402.89590 18.295 0.028
6403.80970 18.386 0.018
6404.74477 18.381 0.030
6404.92431 18.413 0.027
6405.83473 18.333 0.028
6405.92973 18.275 0.028
6407.70196 18.427 0.045
6407.86733 18.385 0.027
6408.81049 18.418 0.035
6409.92339 18.360 0.034
6415.88210 18.306 0.026
6416.77951 18.375 0.021
6417.70393 18.459 0.032
6417.86787 18.402 0.026
6418.72620 18.365 0.023
6418.90024 18.353 0.020
6419.77658 18.330 0.027
6420.64190 18.423 0.025
6420.81196 18.389 0.018
6421.82105 18.385 0.022
6422.76329 18.333 0.019
6423.74035 18.478 0.035
6423.91991 18.320 0.025
6424.79218 18.347 0.020
6426.64257 18.338 0.024
6426.88283 18.324 0.023
6427.90848 18.322 0.027
6428.67567 18.354 0.030
6428.87077 18.288 0.024
6431.67152 18.325 0.031
6431.85622 18.375 0.024
6432.69626 18.359 0.027
6432.87800 18.360 0.033
6433.68295 18.411 0.036
6434.59648 18.448 0.047
6434.78664 18.341 0.024
6435.63242 18.391 0.036
6435.81967 18.396 0.026
6436.62018 18.334 0.033
6436.80946 18.372 0.029
6437.75040 18.467 0.043
6437.90696 18.338 0.049
6441.71277 18.386 0.042
6441.84600 18.354 0.039
6442.62587 18.339 0.022
6442.81025 18.400 0.022
6443.63225 18.383 0.032
6443.70316 18.323 0.035
6444.70955 18.276 0.027
6444.82922 18.382 0.028
6445.62896 18.353 0.027
6445.83669 18.332 0.025
6446.61979 18.419 0.022
6446.80862 18.403 0.019
6447.59594 18.382 0.024
6447.78048 18.353 0.024
6447.94351 18.376 0.038
6448.71606 18.328 0.025
6448.89198 18.432 0.038
6449.66826 18.379 0.028
6449.85212 18.340 0.026
6450.61836 18.361 0.025
6450.80271 18.346 0.021
6451.56806 18.390 0.039
6451.75476 18.392 0.027
6451.91923 18.403 0.033
6452.71074 18.355 0.017
6454.53736 18.351 0.032
6454.71561 18.433 0.021
6454.89076 18.398 0.029
6455.78803 18.423 0.029
6456.68281 18.362 0.016
6456.89335 18.343 0.023
6457.83254 18.454 0.026
6458.61581 18.386 0.029
6458.80072 18.380 0.024
6459.56929 18.410 0.029
6459.75985 18.310 0.020
6460.57432 18.229 0.038
6460.86668 18.391 0.031
6461.68725 18.304 0.026
6461.90605 18.338 0.033
6462.84634 18.334 0.026
6463.62088 18.343 0.031
6463.81202 18.389 0.027
6464.62910 18.303 0.032
6464.82052 18.283 0.030
6468.61525 18.390 0.033
6469.50769 18.400 0.038
6469.70358 18.356 0.031
6471.62357 18.448 0.034
6472.67257 18.349 0.026
6473.63506 18.361 0.018
6473.81946 18.317 0.027
6474.58176 18.366 0.030
6474.77248 18.390 0.028
6475.54491 18.334 0.028
6475.74846 18.403 0.026
6476.51542 18.298 0.031
6476.70386 18.366 0.027
6477.50852 18.321 0.031
6477.69691 18.358 0.026
6478.54647 18.358 0.036
6479.60888 18.480 0.030
6479.82799 18.391 0.034
6480.70679 18.287 0.026
6481.51466 18.530 0.046
6481.75794 18.312 0.028
6483.65111 18.272 0.026
6485.46201 18.275 0.050
6485.48541 18.346 0.029
6485.50768 18.348 0.027
6485.52147 18.334 0.026
6485.55447 18.299 0.027
6485.59043 18.360 0.026
6485.64730 18.344 0.021
6485.68111 18.352 0.021
6485.71804 18.368 0.020
6485.74232 18.353 0.021
6485.77616 18.318 0.023
6485.79999 18.289 0.027
6485.83018 18.283 0.026
6486.47902 18.363 0.030
6486.55274 18.344 0.024
6486.64420 18.331 0.023
6486.71679 18.361 0.024
6486.77711 18.383 0.021
6486.81204 18.342 0.027
6486.83389 18.346 0.031
6487.47749 18.351 0.025
6487.55241 18.363 0.026
6487.65293 18.364 0.021
6487.73121 18.381 0.021
6487.82781 18.384 0.032
6490.52465 18.339 0.026
6490.71126 18.362 0.025
6491.55953 18.448 0.032
6491.77572 18.389 0.029
6492.60034 18.405 0.031
6492.78088 18.316 0.038
6496.62981 18.494 0.056
6497.71575 18.254 0.034
6498.54360 18.379 0.022
6498.72348 18.308 0.023
6499.55727 18.475 0.024
6500.71184 18.358 0.031
6501.69483 18.338 0.021
6504.71093 18.442 0.038
6505.63924 18.400 0.028
6506.75333 18.311 0.032
6508.51989 18.293 0.025
6508.70309 18.328 0.024
6509.62693 18.344 0.019
6510.49097 18.455 0.025
6510.71313 18.395 0.027
6511.65647 18.346 0.023
6514.52213 18.374 0.031
6515.47885 18.363 0.024
6515.75541 18.393 0.029
6518.49177 18.338 0.027
6518.71202 18.342 0.024
6519.66978 18.366 0.025
6523.57996 18.359 0.026
6524.50632 18.331 0.030
6525.50809 18.441 0.041
6526.65038 18.414 0.037
6529.58513 18.340 0.028
6531.56669 18.341 0.026
6532.56403 18.333 0.022
6533.57804 18.338 0.028
6534.62681 18.277 0.029
6536.60722 18.358 0.023
6539.50221 18.322 0.023
6541.49759 18.386 0.025
6543.57178 18.277 0.022
6544.60365 18.333 0.029
6545.64915 18.371 0.029
6547.61721 18.457 0.047
6555.58746 18.389 0.034
6558.55501 18.296 0.023
6559.60396 18.451 0.034
6561.51543 18.390 0.033
6562.60817 18.315 0.025
6563.60776 18.340 0.030
6564.54116 18.492 0.034
6565.51287 18.328 0.030
6565.60788 18.532 0.036
6568.57714 18.372 0.032
6569.53818 18.374 0.023
6570.49253 18.379 0.035
6571.52384 18.358 0.037
6571.60809 18.492 0.047
6572.58291 18.257 0.034
6573.54390 18.378 0.033
6577.51489 18.359 0.061
6578.49309 18.330 0.041
6578.58677 18.369 0.036
6579.57044 18.280 0.041
6581.50811 18.374 0.032
6582.54018 18.449 0.037
6583.52572 18.410 0.055
6584.52377 18.198 0.041
6585.52698 18.356 0.046
6590.52085 18.304 0.035
6590.54812 18.350 0.037
6593.49665 18.216 0.045
6593.51565 18.358 0.040
6595.51868 18.260 0.037
6600.50607 18.372 0.051
