5260.87825 20.105 0.122
5261.80922 20.100 0.127
5262.84681 19.725 0.245
5265.86364 20.441 0.181
5266.81005 19.875 0.100
5267.83727 20.413 0.161
5268.83970 20.302 0.130
5269.80339 20.280 0.125
5270.80907 20.117 0.100
5271.80389 20.180 0.128
5272.80975 20.113 0.142
5273.79475 20.182 0.134
5274.81322 20.307 0.150
5275.79957 20.399 0.193
5276.77774 20.289 0.158
5276.90522 20.102 0.111
5277.81428 20.175 0.216
5278.80985 19.821 0.103
5279.81112 20.163 0.205
5280.81773 20.200 0.116
5281.79765 20.139 0.108
5282.82037 20.289 0.134
5283.78049 20.091 0.143
5283.87179 20.196 0.128
5284.78608 20.614 0.282
5285.77693 20.067 0.175
5285.90692 20.444 0.186
5286.79253 20.513 0.279
5287.84571 20.293 0.144
5288.77110 20.320 0.186
5289.82297 20.279 0.182
5293.85091 20.191 0.127
5294.75870 20.272 0.130
5294.79578 20.258 0.100
5294.83317 20.178 0.097
5294.86327 20.216 0.087
5294.90429 20.309 0.112
5295.76018 20.136 0.110
5295.79865 20.117 0.115
5295.83661 20.100 0.104
5295.87476 20.140 0.090
5295.91378 20.249 0.111
5296.80377 20.082 0.090
5296.83824 20.209 0.087
5296.87602 20.210 0.084
5297.75708 20.408 0.131
5297.79708 20.010 0.091
5297.83498 20.091 0.086
5297.87301 20.370 0.107
5297.91195 20.103 0.100
5298.79790 20.106 0.102
5298.83565 20.294 0.134
5298.87386 20.385 0.104
5298.91337 20.159 0.101
5299.74473 20.221 0.112
5299.82008 20.366 0.111
5299.85805 20.324 0.112
5299.89849 20.303 0.111
5300.85350 20.160 0.104
5300.89413 20.523 0.156
5301.74918 20.040 0.102
5301.78685 20.189 0.109
5301.82415 20.231 0.115
5301.86240 20.029 0.119
5301.90261 20.242 0.205
5304.74716 19.731 0.118
5306.68279 19.973 0.127
5306.71988 19.882 0.090
5306.78422 20.004 0.093
5306.84748 20.233 0.120
5306.88739 20.071 0.092
5306.92540 20.090 0.109
5307.73328 20.030 0.119
5307.79690 20.168 0.098
5307.83490 20.211 0.127
5307.87610 20.123 0.096
5307.91372 20.082 0.101
5308.72573 20.010 0.119
5308.78701 20.296 0.114
5308.82447 20.055 0.105
5308.86485 20.093 0.104
5309.69919 19.884 0.130
5309.79213 20.138 0.112
5309.83464 20.015 0.093
5309.87935 20.151 0.103
5309.91680 20.214 0.107
5310.68415 20.056 0.146
5310.76801 19.909 0.119
5310.87665 20.870 0.196
5310.91415 20.522 0.137
5311.80443 20.339 0.166
5311.86282 20.106 0.111
5311.90765 20.343 0.153
5312.73325 20.173 0.161
5312.77435 20.284 0.181
5312.81348 20.544 0.199
5312.85803 20.464 0.180
5312.89761 20.254 0.137
5313.80703 19.989 0.150
5313.84709 20.332 0.179
5313.88638 20.026 0.150
5313.92390 19.998 0.150
5314.69675 20.217 0.207
5314.73712 20.307 0.205
5314.77711 20.064 0.164
5314.82064 20.194 0.138
5314.87207 20.219 0.166
5314.90946 20.179 0.147
5315.67498 20.427 0.308
5315.71825 20.227 0.245
5315.76025 19.825 0.132
5315.79765 20.374 0.179
5315.83691 20.266 0.216
5315.87855 20.256 0.200
5315.91783 20.832 0.396
5316.71331 20.204 0.223
5316.75640 20.307 0.269
5316.79339 20.300 0.268
5316.83725 20.118 0.222
5319.80938 20.316 0.183
5319.85339 20.145 0.160
5319.89767 19.947 0.154
5319.93507 20.008 0.204
5320.67300 20.700 0.297
5320.71538 20.252 0.163
5320.75407 20.058 0.151
5320.79175 20.291 0.157
5320.83245 20.418 0.156
5320.87328 20.204 0.142
5320.91278 20.409 0.177
5321.67065 19.706 0.141
5321.73852 20.181 0.136
5321.77827 20.112 0.118
5321.81626 20.078 0.134
5321.85799 20.111 0.114
5321.89535 19.991 0.103
5321.93246 20.140 0.177
5322.82388 20.050 0.111
5322.86646 20.346 0.141
5322.89169 20.400 0.202
5322.93201 20.111 0.127
5323.71613 20.156 0.164
5323.75617 20.378 0.162
5323.79551 20.139 0.114
5323.83748 20.612 0.177
5323.87638 20.099 0.112
5323.91384 20.054 0.132
5324.65494 20.073 0.168
5324.71982 20.265 0.151
5324.75718 20.329 0.156
5324.79564 20.013 0.150
5324.83633 20.008 0.123
5324.87371 20.265 0.141
5324.91436 19.962 0.095
5325.65024 20.246 0.129
5325.71024 20.214 0.126
5325.74821 20.053 0.103
5325.78541 20.124 0.108
5325.82726 20.039 0.095
5325.87236 20.189 0.121
5325.91116 20.123 0.144
5326.62165 20.374 0.255
5326.68530 20.217 0.148
5326.74613 20.105 0.117
5326.78378 20.599 0.131
5326.82346 20.006 0.100
5326.86115 20.429 0.169
5326.89957 20.053 0.120
5327.62525 20.173 0.125
5327.69963 20.339 0.158
5327.77083 20.172 0.130
5327.80982 20.395 0.160
5327.84800 20.210 0.116
5327.88707 20.091 0.125
5327.92491 20.047 0.118
5328.62151 20.426 0.187
5328.72662 20.085 0.106
5328.76529 20.220 0.112
5328.80275 20.256 0.139
5328.84358 19.960 0.097
5328.88132 20.281 0.140
5328.91896 20.038 0.113
5329.71920 20.120 0.138
5334.67032 19.862 0.169
5334.75038 20.162 0.118
5334.80713 20.102 0.113
5334.84856 20.196 0.131
5334.88901 20.080 0.154
5334.92679 20.064 0.154
5335.73213 20.283 0.098
5335.77139 20.000 0.135
5335.81209 20.256 0.118
5335.85054 20.231 0.129
5335.88816 20.062 0.146
5335.92717 19.929 0.114
5336.80546 20.041 0.113
5336.89712 19.893 0.130
5336.93471 19.834 0.139
5337.78151 20.340 0.141
5337.82130 20.018 0.123
5337.85970 20.042 0.151
5337.89752 20.209 0.173
5337.93594 20.262 0.239
5338.77915 19.969 0.160
5338.82178 20.938 0.410
5338.87848 20.791 0.433
5339.65632 20.125 0.176
5339.69427 20.008 0.144
5339.76089 20.179 0.113
5339.85364 20.520 0.239
5339.89374 20.228 0.260
5339.93168 20.309 0.202
5340.64034 20.414 0.301
5340.67970 20.167 0.205
5340.76598 19.855 0.137
5340.82233 20.025 0.179
5340.86097 20.092 0.171
5340.89877 20.065 0.185
5340.93644 20.111 0.195
5341.61087 20.025 0.131
5341.68407 20.222 0.148
5341.79166 20.289 0.151
5341.83013 20.052 0.111
5341.86791 20.036 0.122
5341.90820 20.280 0.158
5342.58240 20.174 0.259
5342.61980 20.019 0.159
5342.65749 20.014 0.160
5342.69488 19.916 0.127
5342.73306 20.377 0.173
5342.77638 20.230 0.190
5342.81558 20.324 0.196
5342.85370 20.114 0.140
5342.89133 19.900 0.134
5342.92921 20.389 0.286
5343.60063 20.116 0.235
5343.63826 19.985 0.178
5343.67592 20.231 0.210
5343.71371 20.032 0.144
5343.75170 20.268 0.156
5343.79240 20.237 0.174
5343.83137 20.363 0.204
5343.88218 20.491 0.265
5343.92005 20.054 0.176
5348.61837 20.267 0.206
5348.71314 20.912 0.400
5348.77866 20.197 0.159
5348.81659 20.035 0.146
5348.86076 20.379 0.167
5348.89906 20.225 0.213
5348.93874 20.711 0.403
5349.61572 20.464 0.309
5349.72658 20.440 0.203
5349.79212 20.004 0.132
5349.82969 20.458 0.247
5350.62951 19.741 0.140
5350.66748 20.071 0.181
5350.70485 20.175 0.158
5350.74578 20.368 0.207
5351.61103 20.065 0.158
5351.67626 20.429 0.164
5351.75942 20.296 0.155
5351.84384 20.378 0.168
5351.90218 20.286 0.191
5352.62487 20.111 0.153
5352.68773 20.175 0.106
5352.77368 20.310 0.155
5352.85640 20.154 0.127
5352.89855 20.450 0.198
5353.57903 20.054 0.125
5353.66185 20.140 0.114
5353.74197 20.209 0.114
5353.79341 20.374 0.136
5353.83114 20.410 0.161
5353.88115 20.481 0.216
5354.59705 20.095 0.121
5354.68687 20.384 0.162
5354.78387 20.636 0.194
5354.84291 20.476 0.189
5354.88310 20.359 0.225
5354.92159 20.388 0.254
5355.62738 20.212 0.149
5355.71172 20.151 0.114
5355.79893 20.563 0.203
5355.83956 20.225 0.166
5355.88487 20.125 0.233
5357.62603 20.240 0.158
5357.71100 20.147 0.117
5357.80357 20.235 0.195
5357.88496 20.252 0.188
5358.68008 20.227 0.133
5358.77318 19.994 0.142
5359.59453 19.906 0.150
5359.63563 20.310 0.165
5359.69053 20.219 0.144
5359.73881 20.115 0.135
5359.78751 20.396 0.149
5359.83156 20.219 0.142
5359.87130 20.157 0.186
5361.63738 20.056 0.174
5362.59800 20.276 0.178
5362.69729 20.099 0.117
5362.79915 20.173 0.140
5362.89285 20.107 0.187
5364.53669 20.220 0.198
5364.58113 20.138 0.118
5364.66841 20.408 0.158
5364.76383 20.310 0.155
5364.80498 20.375 0.202
5364.84445 20.525 0.226
5364.88441 20.203 0.183
5365.55395 20.333 0.207
5365.60132 20.073 0.133
5365.69181 20.399 0.133
5365.78650 20.171 0.128
5365.84286 19.945 0.127
5365.88146 20.145 0.195
5368.62884 20.291 0.213
5369.71358 20.014 0.196
5369.75935 20.485 0.242
5369.79802 20.179 0.200
5369.83715 19.851 0.137
5376.64342 20.145 0.193
5376.68434 20.075 0.158
5376.72327 20.444 0.245
5376.76164 20.307 0.184
5376.79979 19.977 0.147
5376.83779 20.245 0.249
5376.87570 20.260 0.341
5377.53253 19.962 0.133
5377.61531 19.993 0.152
5377.68338 20.158 0.120
5377.73228 20.401 0.165
5377.77532 20.300 0.162
5377.81304 20.003 0.129
5377.85124 20.159 0.176
5378.50743 20.269 0.144
5378.59115 20.357 0.130
5378.67974 20.428 0.137
5378.73717 20.347 0.121
5378.77521 20.024 0.103
5378.81371 20.208 0.156
5378.85362 20.323 0.227
5379.49253 20.148 0.165
5379.54292 20.209 0.145
5379.62778 20.303 0.136
5379.71475 20.183 0.129
5379.76800 20.131 0.121
5379.80587 19.949 0.140
5379.84395 20.228 0.241
5380.50396 19.969 0.142
5380.54183 20.221 0.137
5380.60997 20.381 0.160
5380.69704 20.284 0.122
5380.73771 20.454 0.162
5380.77570 20.313 0.150
5380.81381 20.035 0.192
5380.85182 20.491 0.390
5381.55133 20.056 0.134
5381.58882 20.683 0.369
5381.64761 19.862 0.156
5381.68883 20.276 0.178
5381.72684 20.028 0.216
5381.76510 20.075 0.211
5381.81191 20.299 0.246
5381.85004 19.818 0.169
5382.54006 19.894 0.161
5382.58445 19.954 0.169
5382.62738 19.770 0.142
5382.66870 20.449 0.221
5382.70870 20.252 0.177
5382.74672 19.977 0.147
5382.79147 19.984 0.172
5382.83524 20.000 0.214
5384.77655 20.030 0.182
5384.83042 19.661 0.164
5385.48601 20.404 0.187
5385.56783 20.366 0.122
5385.82457 20.383 0.135
5386.47137 20.056 0.137
5386.51232 20.135 0.154
5386.59441 20.244 0.152
5386.67881 20.037 0.124
5386.69340 20.270 0.113
5386.75774 20.073 0.100
5386.79717 20.148 0.119
5386.83912 20.411 0.174
5387.54229 20.187 0.109
5387.70166 20.104 0.096
5387.74007 20.367 0.124
5387.78094 20.011 0.118
5387.82430 20.198 0.161
5388.48187 20.253 0.189
5388.51975 20.348 0.169
5388.60697 20.177 0.099
5388.71428 20.174 0.133
5388.77874 19.942 0.122
5388.82186 20.201 0.186
5389.48092 19.725 0.143
5389.51901 20.038 0.130
5389.58280 20.386 0.139
5389.68797 20.197 0.112
5389.76995 20.207 0.149
5389.80914 20.283 0.171
5389.84885 20.010 0.186
5390.55224 19.944 0.133
5390.59805 20.263 0.167
5390.68362 20.021 0.147
5390.73374 20.109 0.105
5390.77159 20.379 0.129
5390.80932 20.239 0.138
5391.50341 19.958 0.155
5391.54329 19.976 0.182
5391.58069 20.460 0.160
5391.68997 20.197 0.117
5391.79519 20.240 0.159
5391.83291 20.347 0.196
5392.48054 19.984 0.149
5392.51842 20.014 0.129
5392.55840 20.173 0.139
5392.66483 20.247 0.135
5392.77277 20.240 0.139
5392.81045 20.191 0.141
5393.62584 20.101 0.173
5393.66530 20.062 0.163
5393.70364 20.708 0.290
5393.74395 20.546 0.319
5393.78714 19.623 0.115
5393.82489 19.712 0.145
5395.81959 19.886 0.149
5396.53925 19.716 0.157
5396.61444 20.291 0.160
5396.67674 20.512 0.171
5396.71132 20.494 0.169
5396.78392 20.378 0.159
5397.58911 20.075 0.216
5397.63894 19.779 0.165
5397.67716 20.046 0.177
5397.75945 20.074 0.204
5402.65377 19.702 0.265
5403.46859 20.163 0.164
5403.50605 20.265 0.148
5403.54329 20.289 0.156
5403.58119 20.244 0.147
5403.62248 20.273 0.155
5403.66107 20.231 0.144
5403.69886 20.600 0.212
5403.73969 20.264 0.176
5403.77763 20.069 0.218
5404.48139 20.244 0.149
5404.51927 19.781 0.105
5404.55706 20.234 0.163
5404.59546 20.275 0.186
5404.63807 20.273 0.158
5404.67763 19.955 0.136
5404.71652 20.113 0.175
5404.75603 20.091 0.165
5405.61518 20.281 0.226
5405.65446 20.096 0.169
5405.69439 20.092 0.160
5405.73214 20.682 0.316
5405.76964 20.519 0.233
5407.46912 19.890 0.192
5407.50893 19.910 0.130
5407.54698 20.077 0.152
5407.58557 20.253 0.214
5407.62598 20.365 0.234
5407.66428 20.126 0.188
5407.70320 20.314 0.222
5407.74127 19.793 0.132
5407.77912 20.187 0.222
5408.53345 19.983 0.165
5408.58081 20.112 0.149
5408.62107 19.895 0.116
5408.65885 20.102 0.164
5408.69756 20.116 0.159
5408.73548 19.905 0.140
5408.77316 19.656 0.157
5409.48339 20.055 0.124
5409.52464 20.365 0.160
5409.63052 20.179 0.098
5409.73753 20.125 0.138
5409.77530 19.808 0.124
5410.48760 20.111 0.140
5410.52575 20.220 0.143
5410.63405 20.122 0.125
5410.74121 20.012 0.148
5410.77966 20.001 0.139
5411.50219 20.499 0.157
5411.56261 20.114 0.087
5411.67075 20.261 0.100
5411.75471 20.564 0.235
5412.52586 20.176 0.154
5412.56424 19.835 0.132
5412.60429 20.085 0.142
5412.64250 20.168 0.164
5412.68572 20.412 0.171
5412.75993 20.522 0.274
5413.50550 20.172 0.136
5413.58947 20.203 0.117
5413.69734 20.336 0.137
5413.75771 20.310 0.191
5414.48593 20.006 0.105
5414.52371 20.264 0.112
5414.63346 20.246 0.102
5414.74428 20.258 0.164
5416.60258 20.569 0.269
5416.64851 20.199 0.155
5416.71133 20.131 0.165
5418.56710 20.160 0.106
5418.61134 20.105 0.108
5418.66636 20.085 0.112
5418.71298 19.994 0.112
5421.51990 20.319 0.164
5421.57924 20.516 0.157
5421.62530 20.397 0.184
5421.66812 20.239 0.143
5421.71387 20.129 0.124
5422.50304 20.114 0.137
5422.54714 20.412 0.124
5422.67101 20.216 0.106
5423.48481 20.280 0.112
5423.52670 20.150 0.099
5423.63145 20.206 0.144
5425.49374 20.317 0.159
5425.53490 20.424 0.150
5426.50217 20.068 0.213
5426.54122 20.327 0.222
5426.69245 20.571 0.456
5430.48809 20.133 0.181
5430.52796 20.407 0.197
5430.57277 20.325 0.219
5430.61196 20.347 0.194
5430.64999 20.374 0.221
5431.48913 20.112 0.153
5431.52859 20.303 0.167
5431.56791 20.436 0.218
5431.60942 20.490 0.209
5431.64702 20.343 0.223
5431.68796 20.640 0.364
5432.62497 20.252 0.224
5432.66786 20.041 0.209
5433.64261 19.939 0.200
5433.68790 20.399 0.257
5434.51978 20.025 0.161
5434.56411 20.102 0.147
5434.60709 19.927 0.125
5434.64957 20.106 0.150
5434.69192 19.957 0.151
5435.49131 20.128 0.157
5435.53426 20.045 0.128
5435.60094 20.575 0.198
5435.65450 20.165 0.137
5435.69515 20.210 0.158
5436.48905 20.289 0.165
5436.58794 20.163 0.166
5436.70222 20.314 0.201
5437.54348 20.304 0.126
5437.67452 20.059 0.142
5438.52437 20.025 0.156
5438.58967 20.373 0.219
5438.66411 20.163 0.131
5438.70172 20.238 0.151
5439.53852 20.107 0.177
5439.57994 20.485 0.230
5439.61773 20.354 0.214
5439.65574 20.057 0.153
5443.51020 20.321 0.184
5443.54815 20.033 0.140
5443.59418 19.995 0.149
5443.63190 20.072 0.126
5443.67557 19.940 0.112
5444.50522 20.475 0.189
5444.55674 20.170 0.145
5444.60840 20.133 0.148
5444.64649 20.452 0.191
5445.47994 20.354 0.155
5445.57781 20.561 0.189
5445.65392 20.319 0.150
5446.48436 20.182 0.145
5446.53549 19.868 0.103
5446.57596 20.103 0.149
5446.61466 20.234 0.135
5446.65451 20.208 0.138
5447.50309 20.264 0.106
5447.54567 20.309 0.161
5447.60957 20.184 0.139
5448.47688 20.378 0.252
5448.52169 20.143 0.155
5448.57578 20.650 0.263
5449.47806 19.923 0.177
5449.51640 20.272 0.190
5449.54740 20.145 0.140
5449.63100 20.139 0.155
5450.51916 19.825 0.144
5450.55667 19.983 0.152
5450.60533 20.052 0.159
5450.64523 19.973 0.167
5451.51756 19.697 0.161
5451.64653 19.962 0.182
5453.47936 20.074 0.245
5453.57908 20.431 0.189
5457.49756 20.231 0.116
5457.55542 20.235 0.132
5457.60267 20.124 0.160
5458.48793 20.232 0.195
5458.54409 20.050 0.234
5458.58704 20.109 0.166
5459.50555 20.186 0.207
5459.55310 20.226 0.161
5459.60219 19.973 0.128
5460.49357 20.164 0.207
5460.53955 20.282 0.291
5461.50030 20.182 0.239
5461.54994 19.747 0.199
5461.59229 20.332 0.222
5462.48145 20.252 0.237
5462.56161 20.146 0.159
5463.51429 20.134 0.142
5463.58864 20.174 0.165
5464.50646 19.993 0.129
5464.54846 20.355 0.212
5465.51157 20.560 0.248
5467.48474 20.159 0.171
5468.55427 19.787 0.141
5469.60908 19.775 0.104
5471.51898 20.661 0.247
5471.58741 20.548 0.215
5472.55311 20.088 0.165
5473.50276 19.866 0.152
5476.49398 20.061 0.146
5477.54097 20.295 0.222
5479.51016 18.884 0.064
5480.50540 19.058 0.069
5480.56912 18.926 0.061
5481.54163 19.907 0.265
5485.52189 20.380 0.228
5486.50831 20.114 0.202
5487.48807 20.230 0.201
5487.55171 19.943 0.158
5488.54165 20.276 0.201
5489.52979 20.266 0.282
5490.52818 19.888 0.222
5492.52986 20.247 0.299
5494.53507 20.120 0.243
5495.53897 19.933 0.163
5497.53649 20.126 0.184
5502.50494 20.063 0.215
5596.88300 20.400 0.326
5598.86658 20.284 0.166
5599.88228 20.124 0.158
5600.87289 20.233 0.149
5602.86580 19.726 0.147
5604.87399 19.888 0.138
5605.87209 20.263 0.132
5606.86981 20.302 0.167
5607.87413 20.255 0.157
5608.86902 20.362 0.262
5611.85343 19.836 0.185
5612.86865 20.354 0.196
5614.85410 19.974 0.142
5615.86240 19.920 0.121
5616.85545 20.214 0.201
5617.89305 19.854 0.276
5621.84632 19.671 0.084
5622.88386 20.114 0.101
5624.83899 20.126 0.116
5625.81814 19.958 0.139
5626.81397 19.965 0.256
5627.84239 20.170 0.132
5628.85312 20.245 0.137
5629.82132 20.221 0.152
5630.79875 19.870 0.122
5631.82599 20.047 0.203
5632.83379 20.240 0.147
5633.79102 20.490 0.179
5634.84588 19.875 0.117
5635.85443 19.781 0.129
5637.81433 19.772 0.182
5638.79322 19.800 0.132
5639.79236 20.563 0.228
5639.86791 20.196 0.125
5640.80005 19.913 0.133
5640.83847 20.038 0.169
5640.88704 19.920 0.100
5641.75339 20.130 0.158
5641.79393 20.130 0.139
5641.87350 20.050 0.120
5642.75971 20.385 0.224
5642.79525 20.197 0.140
5642.85426 20.016 0.125
5642.87555 20.569 0.216
5642.91762 20.008 0.247
5643.76977 20.060 0.155
5643.80805 19.937 0.137
5643.86780 20.439 0.156
5643.90903 20.219 0.138
5644.77750 20.090 0.168
5644.81821 20.153 0.187
5644.88878 20.031 0.124
5647.85410 20.230 0.217
5647.87432 20.121 0.194
5647.89028 19.868 0.178
5647.90867 20.157 0.236
5648.75937 20.702 0.240
5648.82479 20.610 0.188
5648.86693 20.351 0.141
5648.91234 20.174 0.161
5649.76579 20.343 0.165
5649.80777 20.291 0.129
5649.87219 20.231 0.120
5649.91052 20.586 0.174
5650.75758 20.237 0.121
5650.82012 20.405 0.131
5650.86416 20.153 0.106
5650.91305 20.311 0.164
5651.77820 20.536 0.163
5651.82124 20.408 0.158
5651.89761 20.317 0.148
5652.75827 20.288 0.121
5652.82157 20.054 0.093
5652.86347 20.421 0.125
5653.78688 19.960 0.086
5653.91731 20.125 0.107
5654.79207 20.177 0.137
5654.83832 20.027 0.116
5654.88247 19.898 0.087
5655.74053 20.056 0.126
5655.77963 20.148 0.134
5655.81757 19.995 0.109
5655.85848 20.237 0.117
5655.90874 20.307 0.120
5656.80003 20.107 0.113
5656.84090 20.341 0.108
5656.92754 20.175 0.248
5657.78882 20.078 0.107
5657.82978 20.236 0.103
5657.87526 20.298 0.106
5657.91965 20.248 0.138
5658.78567 20.761 0.279
5658.84269 19.850 0.089
5658.88113 20.473 0.187
5658.92222 20.395 0.251
5659.73734 20.392 0.137
5659.77496 20.336 0.142
5659.81425 20.328 0.154
5659.85707 19.829 0.118
5659.90471 20.099 0.102
5660.74125 20.104 0.119
5660.78577 20.442 0.171
5660.82747 20.396 0.138
5660.89911 20.302 0.168
5662.73635 20.202 0.161
5662.77677 20.010 0.142
5662.83783 19.947 0.114
5662.87652 20.356 0.138
5662.91790 20.276 0.140
5664.73775 20.379 0.274
5664.78313 19.871 0.123
5664.84330 20.529 0.206
5664.88352 19.877 0.136
5664.92618 20.589 0.296
5665.75020 20.771 0.289
5665.79590 20.049 0.116
5665.86011 20.588 0.171
5665.90778 20.333 0.135
5667.73539 19.972 0.113
5667.74696 20.261 0.142
5667.78800 20.277 0.128
5667.83973 20.294 0.121
5667.89424 20.330 0.125
5668.72180 20.312 0.204
5668.77893 19.986 0.131
5668.84544 20.374 0.194
5668.90042 20.739 0.307
5669.74088 20.101 0.149
5669.78899 20.495 0.161
5669.83802 20.359 0.135
5669.88983 20.326 0.168
5670.72300 20.014 0.141
5670.76346 20.041 0.125
5670.82667 20.074 0.151
5670.86753 20.422 0.158
5670.90893 20.416 0.196
5671.74492 19.937 0.127
5675.70877 20.085 0.121
5675.74723 19.944 0.121
5675.78510 20.187 0.133
5675.82592 20.527 0.193
5675.89535 19.789 0.112
5676.67328 19.721 0.073
5676.71178 20.216 0.085
5676.75092 20.350 0.103
5676.79053 20.288 0.124
5676.85509 20.354 0.126
5676.90116 20.052 0.090
5677.70266 20.416 0.169
5677.74804 20.404 0.133
5677.78940 20.271 0.131
5677.83956 20.720 0.208
5677.89192 20.402 0.128
5679.67054 19.944 0.124
5679.71117 20.169 0.119
5679.75259 20.479 0.156
5679.80469 19.951 0.109
5679.85574 20.149 0.113
5679.89604 20.155 0.114
5680.65814 20.452 0.238
5680.69716 19.992 0.157
5680.73589 20.530 0.190
5680.78538 20.173 0.151
5680.83828 20.038 0.101
5680.88220 19.985 0.095
5680.92247 20.154 0.145
5681.68763 20.337 0.164
5681.72579 20.110 0.118
5681.76555 20.175 0.117
5681.82818 20.712 0.191
5681.87284 20.252 0.162
5681.91280 20.220 0.136
5682.67483 20.118 0.148
5682.71667 20.205 0.139
5682.76427 20.089 0.107
5682.81605 20.142 0.115
5682.89627 20.114 0.118
5682.93526 20.458 0.287
5683.69740 20.152 0.118
5683.76810 20.085 0.118
5683.81659 20.088 0.091
5683.87736 19.904 0.087
5683.91920 20.308 0.128
5684.67954 20.302 0.133
5684.72990 20.380 0.142
5684.78077 19.845 0.095
5684.83288 20.173 0.118
5684.89143 20.248 0.135
5684.93169 20.374 0.233
5685.76721 19.965 0.090
5685.80617 20.319 0.102
5685.85846 20.271 0.101
5685.90251 20.212 0.117
5686.65493 20.663 0.252
5686.71689 20.263 0.113
5686.76227 20.219 0.113
5686.81312 20.420 0.127
5686.86332 20.282 0.174
5686.90259 20.372 0.199
5687.65627 19.892 0.137
5687.70054 20.367 0.215
5687.75239 20.237 0.131
5687.79439 20.467 0.151
5687.84665 20.137 0.122
5688.87015 19.378 0.060
5688.92715 19.556 0.110
5689.69914 20.173 0.119
5689.77396 20.482 0.146
5689.81392 19.886 0.075
5690.64204 19.729 0.107
5690.69222 20.295 0.147
5690.74899 20.194 0.195
5690.79350 20.066 0.127
5690.83973 19.879 0.137
5690.90565 19.905 0.172
5691.66042 20.491 0.197
5691.73135 20.032 0.102
5691.77440 20.179 0.131
5691.82390 20.261 0.135
5691.86388 19.839 0.101
5691.93170 20.193 0.255
5692.66330 19.763 0.110
5692.71875 20.495 0.165
5692.76599 20.342 0.126
5692.80577 20.390 0.165
5692.84470 20.300 0.135
5692.88312 19.948 0.120
5692.92071 20.236 0.173
5693.63376 19.931 0.126
5693.68232 20.273 0.122
5693.75176 20.345 0.131
5693.78953 20.282 0.106
5693.82878 20.293 0.124
5693.86640 20.116 0.128
5693.90433 20.402 0.195
5694.61526 20.389 0.189
5694.64583 20.068 0.139
5694.68375 20.068 0.122
5694.75001 20.427 0.163
5694.79820 20.086 0.110
5694.83701 20.125 0.110
5694.87435 20.058 0.136
5694.91202 20.072 0.151
5695.61911 20.005 0.157
5695.65752 20.634 0.250
5695.73846 20.280 0.187
5695.79419 20.086 0.099
5695.83846 20.427 0.139
5695.87643 20.602 0.178
5695.91398 20.280 0.144
5696.61066 20.020 0.166
5696.64395 20.629 0.240
5696.69353 19.950 0.127
5696.74110 20.267 0.140
5696.78060 20.341 0.179
5696.82454 20.270 0.138
5696.86597 20.254 0.173
5696.92448 20.171 0.168
5697.61397 20.009 0.155
5697.66135 20.062 0.128
5697.70891 20.131 0.134
5697.74758 20.122 0.142
5697.78979 20.046 0.111
5697.82885 20.169 0.117
5697.86913 20.351 0.169
5697.91112 19.943 0.127
5698.60653 20.061 0.241
5698.64388 20.694 0.379
5698.69456 20.673 0.321
5698.73456 20.065 0.173
5698.77272 20.245 0.210
5698.81504 20.164 0.154
5698.85335 20.365 0.190
5698.89326 20.748 0.396
5698.93771 19.973 0.264
5702.91628 19.959 0.355
5703.68423 19.809 0.169
5703.71540 20.132 0.239
5703.76306 20.248 0.209
5703.83290 19.991 0.180
5705.71109 19.739 0.135
5705.75341 20.432 0.225
5705.79784 19.763 0.151
5705.85517 20.295 0.192
5705.90186 20.690 0.369
5706.64489 20.087 0.207
5706.74042 20.373 0.247
5706.79215 20.010 0.152
5706.85788 19.855 0.156
5707.59019 20.052 0.142
5707.62834 20.217 0.158
5707.68487 20.005 0.120
5707.72301 20.006 0.129
5707.76219 20.359 0.126
5707.80259 20.226 0.125
5707.84201 19.962 0.099
5707.88177 20.006 0.156
5707.92872 19.838 0.163
5708.60774 19.978 0.130
5708.66375 20.027 0.125
5708.71415 20.255 0.165
5708.75227 20.579 0.231
5708.80310 20.356 0.198
5708.84675 20.368 0.267
5708.89773 20.196 0.313
5709.58293 20.159 0.174
5709.63589 20.179 0.165
5709.79148 19.906 0.104
5711.69433 20.061 0.121
5712.59558 20.008 0.197
5712.67030 20.290 0.144
5712.68291 20.360 0.152
5712.72204 20.160 0.112
5712.76370 20.345 0.121
5712.80459 20.140 0.115
5712.84401 20.506 0.186
5712.91972 20.058 0.206
5713.77267 20.216 0.108
5713.81935 20.359 0.151
5714.59972 19.529 0.124
5714.61415 19.712 0.114
5715.56849 20.602 0.200
5715.61986 20.161 0.119
5715.67189 20.306 0.124
5715.71371 20.061 0.099
5715.76330 20.100 0.103
5715.80490 20.548 0.157
5715.84708 19.991 0.115
5715.90333 20.109 0.189
5716.59011 20.352 0.254
5716.60278 20.102 0.151
5716.61749 19.949 0.134
5716.63012 20.175 0.152
5716.69053 20.057 0.138
5716.74396 20.316 0.127
5716.78764 20.064 0.113
5716.82674 20.249 0.158
5716.86750 20.141 0.165
5716.91458 20.212 0.230
5721.63287 19.600 0.088
5721.71115 19.620 0.090
5721.77948 20.667 0.205
5721.81865 19.522 0.082
5721.87072 20.395 0.214
5722.60419 20.250 0.173
5722.61779 20.466 0.177
5722.65860 20.596 0.182
5722.67219 20.261 0.127
5722.71336 19.907 0.092
5722.77840 19.991 0.097
5722.81794 20.702 0.239
5723.56043 20.071 0.162
5723.60845 20.041 0.122
5723.65587 20.172 0.147
5723.69651 20.175 0.140
5723.73755 19.862 0.089
5723.77598 20.045 0.120
5723.81497 20.160 0.118
5723.85464 20.016 0.149
5724.55529 20.480 0.390
5724.55801 19.975 0.225
5724.62411 20.182 0.202
5724.63661 19.808 0.146
5724.67469 20.116 0.151
5724.68875 19.765 0.115
5724.73769 19.965 0.125
5724.78625 19.867 0.130
5724.82695 19.824 0.125
5725.57789 19.917 0.099
5725.59134 20.291 0.133
5725.60480 19.984 0.103
5725.64540 20.128 0.128
5725.65968 20.102 0.113
5725.71214 20.382 0.121
5725.75180 20.122 0.119
5725.79156 19.879 0.109
5726.55577 19.921 0.167
5726.60062 20.505 0.267
5726.63848 20.030 0.148
5726.68598 20.068 0.121
5726.72702 20.246 0.280
5726.76633 20.310 0.292
5726.81124 20.720 0.330
5734.65990 20.145 0.230
5734.70281 19.928 0.189
5734.75098 20.273 0.234
5734.79412 19.977 0.138
5734.84283 19.777 0.151
5734.88749 20.350 0.303
5735.67794 20.062 0.169
5735.74273 20.223 0.143
5735.78952 20.098 0.124
5735.83593 20.051 0.144
5735.88057 20.258 0.244
5736.53867 20.287 0.157
5736.57665 20.084 0.127
5736.61881 20.276 0.108
5736.66244 20.136 0.090
5736.70412 20.163 0.085
5736.78418 20.278 0.112
5736.83121 20.287 0.130
5736.87935 20.023 0.150
5737.52189 20.150 0.165
5737.55998 20.252 0.134
5737.61327 20.130 0.102
5737.65583 20.013 0.092
5737.70995 20.228 0.101
5737.75077 20.191 0.100
5737.78991 20.167 0.116
5737.83704 19.818 0.090
5737.87789 19.744 0.100
5738.58937 20.007 0.105
5738.63018 20.210 0.110
5738.69745 20.311 0.117
5738.73697 20.282 0.120
5739.50291 20.086 0.172
5739.52815 20.248 0.162
5739.56641 19.896 0.123
5739.60700 19.966 0.112
5739.65571 19.877 0.082
5739.71364 20.035 0.119
5739.75201 19.957 0.098
5739.79077 20.139 0.140
5739.84561 20.475 0.200
5740.54605 19.685 0.125
5740.58714 20.048 0.167
5740.64695 20.292 0.156
5740.71061 20.228 0.141
5740.75014 20.259 0.131
5740.79500 20.286 0.155
5740.83405 20.017 0.156
5740.88146 19.677 0.137
5741.52090 19.831 0.107
5741.56014 20.169 0.129
5741.60432 20.041 0.105
5741.64217 20.176 0.138
5741.70324 20.222 0.136
5741.74230 20.161 0.115
5741.78325 20.220 0.121
5741.82151 20.299 0.146
5741.85949 19.976 0.103
5742.49241 20.146 0.186
5742.53507 20.127 0.142
5742.57743 20.292 0.149
5742.61541 20.272 0.123
5742.67719 20.061 0.088
5742.71602 20.176 0.100
5742.75457 20.273 0.101
5742.79283 20.347 0.128
5742.83084 20.282 0.123
5742.87111 20.089 0.138
5743.62700 20.096 0.149
5743.66677 20.384 0.166
5743.72777 20.308 0.169
5743.76595 20.023 0.130
5743.80401 20.144 0.156
5743.84162 20.072 0.189
5743.87955 19.861 0.176
5744.52366 20.396 0.239
5744.56204 20.124 0.161
5744.60021 20.005 0.150
5744.64869 20.031 0.098
5744.72702 20.028 0.108
5744.77703 20.124 0.107
5744.81875 20.172 0.139
5744.86393 20.079 0.192
5745.51240 19.651 0.102
5745.55858 19.909 0.111
5745.59933 20.260 0.208
5745.63848 20.189 0.142
5745.69903 20.264 0.113
5745.73706 20.504 0.162
5745.77524 20.127 0.137
5745.81315 20.661 0.244
5745.86620 20.204 0.212
5746.56985 20.309 0.199
5746.60960 20.013 0.116
5746.65031 20.139 0.133
5746.71630 20.250 0.153
5746.75409 20.320 0.172
5746.79646 20.072 0.166
5746.84220 20.562 0.276
5747.61270 20.229 0.219
5747.65754 20.554 0.220
5747.70282 20.089 0.167
5747.74655 20.441 0.238
5747.81288 19.586 0.134
5748.63036 20.448 0.153
5748.68773 20.080 0.155
5749.52556 20.024 0.205
5749.56352 20.207 0.157
5749.60289 20.035 0.127
5749.65221 19.951 0.131
5749.69186 20.188 0.179
5749.73014 20.326 0.178
5749.76853 20.040 0.139
5749.80781 20.125 0.172
5752.56993 19.876 0.190
5753.55316 20.737 0.892
5753.60372 20.473 0.276
5753.76804 20.412 0.354
5759.83091 19.819 0.163
5760.49079 19.734 0.167
5760.53242 19.962 0.150
5760.58501 19.858 0.114
5760.64122 19.715 0.105
5760.68460 19.876 0.108
5760.73586 20.484 0.184
5760.77413 20.089 0.133
5760.81180 20.169 0.167
5761.50523 20.329 0.128
5761.54847 19.527 0.052
5761.61432 20.009 0.131
5762.51181 19.687 0.092
5762.55010 20.327 0.157
5762.59176 20.029 0.112
5762.63012 19.941 0.128
5762.66987 20.120 0.136
5762.70609 20.080 0.146
5762.74796 19.814 0.166
5762.76747 19.535 0.136
5763.50213 19.893 0.098
5763.54613 20.190 0.099
5763.58777 20.107 0.092
5763.64468 20.290 0.125
5763.68653 19.960 0.121
5763.73411 20.177 0.153
5763.77207 19.910 0.149
5763.81093 20.099 0.182
5764.50997 20.016 0.107
5764.54980 19.984 0.103
5764.59039 20.255 0.125
5764.63860 20.199 0.130
5764.68762 19.976 0.096
5764.73324 20.133 0.116
5765.46895 19.925 0.127
5765.50896 20.148 0.139
5765.55186 20.080 0.115
5765.61589 20.086 0.092
5765.66089 20.267 0.131
5765.70511 19.859 0.101
5765.75102 19.849 0.126
5766.48134 19.662 0.097
5766.52026 20.233 0.141
5766.58469 20.050 0.107
5766.62454 20.142 0.104
5766.66525 20.082 0.100
5766.70645 20.236 0.140
5766.75013 20.048 0.151
5767.49850 18.863 0.057
5767.54409 18.708 0.041
5767.58743 18.711 0.035
5767.65534 18.609 0.033
5767.71128 18.561 0.034
5767.75202 18.621 0.049
5767.79360 18.596 0.052
5768.48818 18.807 0.041
5768.52804 18.790 0.037
5768.58856 18.821 0.033
5768.63540 18.870 0.032
5768.68002 18.881 0.033
5768.72693 18.946 0.036
5768.76770 18.945 0.047
5769.47238 19.131 0.067
5769.51182 19.297 0.064
5769.56577 19.173 0.049
5769.62357 19.297 0.057
5769.67672 19.356 0.058
5769.72564 19.568 0.087
5769.76784 19.413 0.085
5770.66880 19.794 0.117
5770.75276 19.727 0.110
5775.59508 20.208 0.181
5775.63783 19.774 0.123
5776.53895 19.590 0.129
5776.60617 20.277 0.197
5776.64721 19.982 0.126
5776.72187 20.207 0.226
5777.47873 19.968 0.116
5777.52324 19.920 0.083
5777.57529 20.189 0.108
5777.65570 20.193 0.107
5777.70580 20.178 0.102
5777.77061 20.102 0.138
5778.50347 19.846 0.150
5778.55991 20.006 0.154
5778.60823 20.100 0.171
5779.59828 20.344 0.149
5779.64221 20.374 0.133
5779.69674 20.152 0.141
5779.74132 19.864 0.105
5784.51576 20.090 0.219
5784.60166 20.093 0.164
5784.71899 20.168 0.357
5785.51857 20.016 0.174
5785.57893 19.682 0.126
5785.62547 19.929 0.168
5785.66781 19.936 0.157
5785.70968 20.023 0.210
5786.49204 19.693 0.167
5786.56907 20.080 0.188
5786.61350 19.944 0.163
5786.65613 19.743 0.127
5786.71147 19.641 0.123
5787.47664 20.141 0.169
5787.54777 19.994 0.109
5787.58987 20.124 0.118
5787.63530 20.291 0.145
5787.67424 19.962 0.138
5787.71993 20.047 0.178
5788.49178 20.435 0.214
5788.55544 19.937 0.137
5788.59501 20.126 0.143
5788.63580 19.842 0.121
5788.67656 19.979 0.167
5788.72032 20.185 0.258
5790.47339 19.774 0.145
5790.52083 20.583 0.239
5790.57293 19.802 0.122
5790.61463 20.178 0.172
5790.65532 20.038 0.122
5790.69550 19.935 0.109
5790.73371 19.979 0.136
5791.51159 19.980 0.141
5791.61361 20.095 0.133
5793.51488 19.875 0.102
5793.56800 20.210 0.150
5793.61028 20.303 0.145
5793.64884 19.992 0.132
5793.68782 20.092 0.141
5793.73204 19.692 0.139
5794.50655 19.834 0.120
5794.57380 20.233 0.147
5794.61493 20.412 0.201
5794.65684 20.215 0.165
5794.70368 20.003 0.122
5795.56710 19.865 0.154
5795.62848 20.490 0.243
5795.71021 20.052 0.156
5796.47671 20.077 0.133
5796.52798 20.123 0.121
5796.59666 20.557 0.192
5796.63561 20.249 0.126
5796.67693 20.458 0.208
5796.71892 19.764 0.169
5799.49139 20.432 0.216
5801.53186 20.120 0.166
5801.57112 20.209 0.161
5801.60924 20.449 0.224
5801.65050 20.476 0.202
5801.69056 20.407 0.221
5802.56221 20.265 0.182
5802.64196 20.119 0.167
5803.53585 19.659 0.098
5804.47911 19.930 0.107
5804.54326 20.166 0.149
5804.58374 20.135 0.132
5804.62153 19.993 0.113
5804.66078 20.443 0.254
5805.49072 20.089 0.095
5805.54398 20.143 0.122
5805.58197 20.182 0.125
5805.62533 19.896 0.122
5805.68106 20.095 0.210
5806.53929 19.882 0.140
5806.62422 20.306 0.201
5807.57912 20.468 0.258
5807.62172 20.012 0.134
5807.65949 20.001 0.194
5812.52308 20.320 0.257
5812.56324 20.421 0.285
5812.60391 20.089 0.193
5812.64504 20.172 0.216
5813.47445 19.833 0.182
5813.57655 20.141 0.110
5813.61442 20.151 0.118
5813.65226 20.402 0.179
5815.51759 20.203 0.130
5815.55600 20.503 0.166
5815.60325 20.501 0.177
5815.64101 20.277 0.142
5816.47785 20.268 0.169
5816.53619 19.703 0.110
5816.57436 19.637 0.103
5816.61271 19.614 0.114
5817.48059 19.956 0.116
5817.53743 19.945 0.110
5817.57537 20.219 0.193
5817.61444 19.700 0.136
5817.65518 19.954 0.212
5818.51889 19.889 0.131
5818.55697 20.000 0.151
5818.59533 19.901 0.161
5818.63702 20.030 0.235
5819.51848 20.259 0.136
5819.56532 19.767 0.110
5819.60302 20.060 0.144
5819.64289 20.292 0.202
5820.49619 19.885 0.194
5820.54329 20.119 0.147
5820.58098 20.200 0.167
5820.61886 20.233 0.206
5820.65515 20.054 0.224
5822.53829 20.215 0.191
5822.58327 19.940 0.129
5822.62693 20.209 0.198
5823.51499 19.635 0.149
5823.60195 20.034 0.156
5824.48243 20.024 0.199
5824.53891 20.159 0.133
5824.57947 20.225 0.145
5824.61942 19.972 0.152
5825.49896 19.919 0.155
5825.55693 19.978 0.131
5825.59542 20.461 0.217
5826.51969 20.200 0.203
5826.56719 20.147 0.181
5826.60633 19.837 0.177
5827.50616 20.268 0.265
5827.54414 19.910 0.174
5827.58662 19.866 0.164
5827.62418 20.428 0.300
5828.51939 20.183 0.142
5828.55737 20.153 0.139
5828.59493 19.817 0.120
5829.48130 19.881 0.181
5829.53033 19.893 0.110
5829.56802 19.983 0.111
5829.60629 19.915 0.124
5830.50525 20.530 0.178
5830.54340 20.177 0.133
5830.58109 20.164 0.184
5831.48356 19.818 0.110
5831.54210 19.838 0.118
5831.57954 20.143 0.151
5831.61523 19.607 0.134
5832.52553 19.916 0.102
5832.56513 20.121 0.156
5832.60339 19.604 0.130
5833.52341 20.668 0.206
5833.56297 20.155 0.139
5833.60090 20.256 0.208
5834.52262 20.291 0.142
5834.56036 20.180 0.144
5834.59652 19.804 0.126
5835.54378 20.330 0.250
5836.50619 20.192 0.227
5836.53940 20.339 0.247
5836.57125 19.591 0.155
5839.49969 19.785 0.165
5839.53815 19.974 0.212
5839.57593 19.774 0.191
5840.48092 20.115 0.353
5840.52995 19.810 0.125
5840.58240 19.664 0.111
5841.48342 19.770 0.230
5841.52414 19.857 0.162
5841.56745 20.287 0.218
5841.60347 19.682 0.142
5842.52542 20.197 0.267
5842.57415 20.245 0.254
5843.48343 20.603 0.397
5843.52715 20.021 0.155
5843.56764 19.833 0.155
5843.60866 19.674 0.158
5844.51206 19.651 0.107
5844.55099 20.346 0.224
5844.59057 19.958 0.255
5845.51150 19.644 0.118
5845.55196 20.444 0.259
5845.59220 20.225 0.280
5846.51515 19.991 0.216
5846.55392 19.862 0.184
5847.54211 20.140 0.290
5850.52619 19.813 0.100
5850.56463 20.255 0.153
5851.51518 19.836 0.115
5851.55294 20.196 0.177
5852.50374 19.982 0.196
5852.54627 19.681 0.151
5854.50767 19.533 0.125
5854.54864 19.714 0.158
5855.53542 19.904 0.168
5856.49170 19.971 0.250
5857.50897 19.767 0.181
5858.50990 19.433 0.149
5859.50639 19.848 0.167
5859.54236 20.402 0.278
5860.52187 19.703 0.137
5862.52305 19.610 0.128
5866.50624 19.408 0.164
5866.53156 19.741 0.274
5867.50941 20.125 0.177
5868.50891 20.715 0.451
5868.51075 20.561 0.386
5869.50169 20.687 0.439
5870.50631 19.891 0.146
5872.50546 19.910 0.204
5873.50665 20.314 0.305
5970.87416 19.781 0.119
5971.87552 20.209 0.141
5972.89038 20.233 0.162
5976.87959 19.931 0.102
5977.84068 20.023 0.143
5977.87709 20.172 0.152
5978.84281 19.714 0.109
5978.88738 20.286 0.153
5979.84083 20.025 0.172
5979.87930 20.007 0.172
5980.86069 20.697 0.297
5982.82192 19.586 0.135
5982.86526 20.176 0.182
5983.82663 19.834 0.134
5983.85698 20.253 0.127
5983.90464 20.405 0.206
5984.83918 20.134 0.125
5984.88649 20.158 0.110
5985.82480 19.672 0.118
5985.86141 20.094 0.128
5986.81898 19.940 0.145
5986.83946 19.780 0.098
5986.88739 20.087 0.110
5987.81768 20.954 0.420
5987.85423 20.125 0.129
5987.90420 19.875 0.129
5988.83329 20.385 0.212
5988.88059 20.287 0.127
5989.81080 20.330 0.192
5989.84089 19.739 0.105
5989.88271 20.330 0.193
5990.80914 20.484 0.282
5990.84689 19.980 0.116
5990.88832 20.103 0.119
5991.82197 19.362 0.069
5991.86235 19.360 0.059
5992.81626 19.307 0.072
5992.83896 19.262 0.058
5992.88102 19.468 0.063
5993.80682 19.599 0.124
5993.84601 19.791 0.114
5993.88913 19.701 0.090
5994.80833 19.989 0.145
5994.84009 19.745 0.096
5994.89100 20.066 0.118
5995.80026 19.901 0.116
5995.81978 19.886 0.106
5995.86538 20.029 0.104
5995.90355 20.578 0.210
5996.80799 20.311 0.169
5996.84557 20.043 0.113
5996.89231 20.126 0.099
5997.80140 20.038 0.151
5997.84010 20.229 0.156
5997.88773 20.272 0.142
5998.78829 20.060 0.176
5998.81628 19.901 0.117
5998.86786 20.144 0.133
5998.90558 19.965 0.104
5999.80014 20.062 0.147
5999.84871 19.918 0.111
5999.88691 20.237 0.142
6002.90828 20.902 0.382
6003.86512 19.924 0.135
6004.76562 19.504 0.110
6004.79780 20.256 0.176
6004.85567 19.899 0.109
6004.89329 20.274 0.130
6005.76106 19.734 0.102
6005.80211 20.185 0.136
6005.85067 19.991 0.116
6005.90745 20.214 0.099
6006.77282 19.631 0.077
6006.82567 20.081 0.093
6006.87661 20.022 0.100
6006.91430 19.957 0.106
6007.77865 20.175 0.122
6007.82556 20.072 0.103
6007.87380 20.886 0.240
6007.91142 20.050 0.105
6008.77040 20.017 0.130
6008.81776 20.168 0.128
6008.86704 20.071 0.112
6008.90452 20.238 0.139
6009.76404 20.008 0.111
6009.80647 20.028 0.098
6009.85489 20.146 0.109
6009.89228 20.268 0.124
6010.74766 20.462 0.218
6010.77623 20.655 0.196
6010.82519 19.933 0.100
6010.87442 20.088 0.090
6010.91268 20.086 0.095
6011.76232 20.222 0.157
6011.82280 20.169 0.167
6011.88025 19.911 0.126
6011.91842 19.715 0.130
6012.76641 20.230 0.144
6012.80709 20.297 0.127
6012.86542 20.208 0.104
6012.90328 20.102 0.077
6013.76222 20.184 0.136
6013.80100 20.130 0.111
6013.86247 20.288 0.137
6013.90372 20.333 0.120
6014.73844 20.089 0.139
6014.77731 20.163 0.119
6014.83668 20.301 0.154
6014.87611 19.868 0.112
6014.91577 19.920 0.139
6015.75527 20.224 0.121
6015.79413 20.033 0.087
6015.83258 20.176 0.099
6015.88279 19.970 0.077
6015.92417 20.527 0.322
6016.73174 20.347 0.142
6016.74823 20.123 0.118
6016.76556 20.106 0.104
6016.78801 19.828 0.081
6016.80590 19.967 0.089
6016.82810 20.329 0.116
6016.86864 19.930 0.082
6016.89144 20.219 0.096
6016.90904 20.380 0.100
6017.74087 20.023 0.104
6017.77901 20.160 0.101
6017.81729 20.231 0.101
6017.87575 20.107 0.076
6017.91628 20.427 0.114
6018.76737 20.569 0.233
6018.80623 19.893 0.133
6018.84614 20.306 0.117
6018.91145 20.329 0.086
6019.74293 19.977 0.151
6019.78233 19.703 0.090
6019.83957 20.115 0.104
6019.87738 20.213 0.086
6019.91731 20.213 0.099
6020.72641 20.293 0.174
6020.76493 20.366 0.158
6020.82107 20.010 0.089
6020.85989 19.953 0.077
6020.89950 20.477 0.187
6021.74769 20.213 0.165
6021.78668 19.970 0.120
6021.82534 20.534 0.149
6021.88371 20.202 0.113
6021.92413 19.906 0.118
6022.73524 20.466 0.210
6022.77350 20.207 0.130
6022.81176 20.070 0.108
6022.86925 20.190 0.121
6022.91150 20.074 0.110
6023.72925 20.138 0.172
6023.76915 20.233 0.143
6023.80975 20.191 0.145
6023.84988 19.997 0.113
6023.91438 20.571 0.174
6024.72276 20.242 0.209
6024.76373 20.236 0.193
6024.82430 20.094 0.126
6024.86486 19.900 0.098
6024.91513 20.220 0.151
6025.71246 20.302 0.272
6025.75294 20.218 0.205
6025.79276 19.790 0.142
6025.84599 20.590 0.262
6025.89826 20.168 0.142
6026.72649 19.928 0.286
6029.84336 20.554 0.217
6031.76593 20.048 0.147
6031.80537 20.235 0.137
6031.84633 20.079 0.118
6031.88712 20.009 0.150
6032.68226 20.433 0.254
6032.72227 20.008 0.114
6032.77012 20.217 0.117
6032.81855 20.138 0.114
6032.85888 20.090 0.113
6032.90264 20.252 0.106
6033.69432 19.871 0.132
6033.74105 19.917 0.122
6033.78266 20.401 0.194
6033.85370 20.316 0.118
6033.89528 20.443 0.151
6034.69016 19.967 0.117
6034.73683 20.628 0.170
6034.78258 19.980 0.078
6034.83670 19.997 0.095
6034.92494 20.082 0.124
6035.86873 20.117 0.109
6035.93324 19.617 0.156
6036.72726 20.152 0.110
6036.77127 20.150 0.108
6036.84763 20.234 0.093
6036.90208 20.038 0.088
6037.71314 19.969 0.136
6037.75375 19.986 0.130
6037.79745 20.403 0.153
6037.86857 20.395 0.118
6037.90907 19.982 0.114
6038.72205 19.952 0.142
6038.76365 20.337 0.167
6038.82889 20.296 0.121
6038.87399 20.217 0.110
6038.92461 20.451 0.165
6039.74515 20.210 0.224
6039.79139 20.088 0.154
6039.85155 20.026 0.109
6039.89597 20.322 0.132
6039.93423 19.559 0.134
6040.76246 20.267 0.184
6040.80438 20.249 0.143
6040.86744 20.547 0.181
6040.90860 20.198 0.119
6041.71043 19.979 0.150
6041.75518 19.788 0.134
6041.79937 19.956 0.111
6041.86114 20.497 0.155
6041.90146 20.175 0.112
6045.89599 20.389 0.129
6045.93363 20.125 0.156
6046.90722 20.365 0.146
6047.68024 19.874 0.123
6047.71939 20.400 0.166
6047.75889 20.324 0.118
6047.79846 20.292 0.122
6047.87159 20.514 0.159
6047.91292 20.272 0.124
6048.69668 20.297 0.139
6048.73697 19.890 0.089
6048.79804 20.314 0.122
6048.84251 20.189 0.103
6048.88578 20.213 0.101
6048.92687 20.279 0.115
6049.70535 20.476 0.150
6049.75900 20.256 0.102
6049.81760 20.452 0.113
6049.85826 19.985 0.092
6049.89941 20.171 0.100
6050.69470 19.933 0.132
6050.73381 19.940 0.111
6050.80417 20.170 0.124
6050.84407 20.179 0.129
6050.88294 20.354 0.144
6050.92167 20.102 0.126
6051.66384 19.937 0.135
6051.75317 20.167 0.117
6052.67908 20.817 0.330
6052.72702 20.579 0.226
6052.77522 19.826 0.098
6052.81431 20.493 0.188
6052.85526 20.171 0.123
6052.89405 19.999 0.098
6052.93259 20.251 0.140
6053.67070 20.022 0.175
6053.71074 20.022 0.142
6053.75822 20.385 0.165
6053.80613 20.534 0.159
6053.86151 20.275 0.133
6053.90247 20.220 0.147
6054.86568 19.989 0.108
6054.89883 20.230 0.143
6057.87757 20.105 0.120
6057.92556 20.454 0.226
6058.67735 20.234 0.216
6058.71736 20.675 0.229
6058.75670 20.146 0.111
6058.80075 20.303 0.124
6058.84740 20.178 0.130
6058.88903 20.261 0.124
6058.92752 20.048 0.142
6059.69487 19.758 0.105
6059.73350 20.345 0.172
6059.77195 20.299 0.139
6059.83210 20.110 0.102
6059.87092 20.352 0.119
6059.90980 20.032 0.098
6060.77757 20.041 0.097
6061.67136 20.019 0.137
6061.71025 19.854 0.113
6061.76032 20.069 0.090
6061.81087 20.201 0.123
6061.84978 20.198 0.110
6061.88803 19.944 0.114
6061.92659 20.162 0.134
6062.66592 20.099 0.148
6062.70876 20.333 0.191
6062.74778 20.138 0.157
6062.79739 20.622 0.211
6062.84857 20.575 0.173
6062.88687 20.242 0.126
6062.92486 20.053 0.134
6063.77661 19.805 0.138
6063.81772 19.930 0.121
6063.86631 20.384 0.202
6063.91355 19.953 0.114
6064.66419 20.309 0.145
6064.74033 20.103 0.088
6064.80205 20.127 0.089
6064.84378 20.318 0.116
6064.88627 20.307 0.125
6064.92472 20.267 0.123
6065.63522 20.028 0.131
6065.67336 20.339 0.143
6065.71186 20.329 0.115
6065.77260 20.385 0.118
6065.81399 20.342 0.145
6066.63767 19.902 0.105
6066.67561 19.934 0.094
6066.71363 20.158 0.108
6066.76403 20.424 0.113
6066.81805 20.194 0.113
6066.85866 20.366 0.131
6066.89888 20.201 0.111
6066.93706 20.295 0.122
6067.62193 20.517 0.175
6067.66257 20.204 0.124
6067.70065 20.464 0.138
6067.74958 20.327 0.105
6067.80084 20.293 0.121
6067.83976 20.088 0.088
6067.87863 20.241 0.126
6067.91644 20.083 0.108
6068.61679 19.974 0.115
6068.66578 20.540 0.157
6068.71252 20.259 0.114
6068.76468 20.084 0.087
6068.84041 20.423 0.126
6068.88516 20.322 0.124
6068.93185 19.997 0.121
6069.60450 20.026 0.107
6069.66499 20.176 0.119
6069.70489 20.572 0.154
6069.74437 19.998 0.083
6069.81155 20.029 0.093
6069.85323 20.055 0.081
6069.89378 20.581 0.147
6069.93190 20.558 0.173
6070.61413 19.787 0.139
6070.65228 20.011 0.148
6070.69204 20.015 0.099
6070.73029 20.039 0.093
6070.77909 20.432 0.140
6070.82911 20.075 0.097
6070.86901 20.155 0.118
6070.90750 20.331 0.156
6070.94666 20.236 0.304
6071.61412 20.329 0.147
6071.65333 20.234 0.135
6071.69296 19.998 0.100
6071.73170 20.377 0.118
6071.79508 20.153 0.140
6071.83492 20.422 0.137
6071.87300 20.894 0.214
6071.91097 20.009 0.182
6075.60812 20.050 0.106
6075.64625 20.111 0.094
6075.68452 20.193 0.100
6075.73533 20.049 0.090
6075.79012 20.380 0.105
6075.82964 20.272 0.106
6075.87408 20.483 0.143
6076.59924 19.697 0.094
6076.64087 20.145 0.139
6076.68764 19.991 0.128
6076.73487 20.185 0.099
6076.78389 19.963 0.094
6076.82261 20.608 0.182
6076.87193 20.415 0.186
6076.91763 19.646 0.099
6077.69976 19.658 0.079
6077.75887 20.939 0.264
6077.81785 20.367 0.134
6077.85887 20.582 0.153
6077.90025 20.734 0.208
6077.93889 20.216 0.168
6078.62078 20.806 0.225
6078.65888 20.603 0.209
6078.69735 20.462 0.152
6078.76016 20.073 0.097
6078.80130 20.180 0.097
6078.83950 20.174 0.109
6078.88366 20.236 0.123
6078.92316 21.065 0.300
6079.58600 20.410 0.154
6079.62525 20.059 0.107
6079.66321 20.088 0.097
6079.71658 20.346 0.127
6079.77685 20.460 0.160
6079.81601 20.134 0.121
6079.86665 20.349 0.108
6079.90653 20.089 0.136
6079.94529 20.202 0.250
6080.59570 20.722 0.323
6080.63382 20.138 0.152
6080.67683 20.191 0.125
6080.72215 20.465 0.143
6080.76224 19.836 0.105
6080.80155 20.925 0.229
6080.85886 20.105 0.126
6080.89979 20.098 0.130
6080.94159 20.113 0.158
6081.59143 20.054 0.159
6081.62922 20.608 0.231
6081.67027 20.157 0.144
6081.71565 20.340 0.142
6081.75495 20.533 0.192
6081.80967 20.394 0.150
6081.85291 19.724 0.104
6081.89155 20.014 0.169
6081.93955 19.822 0.185
6082.62322 20.778 0.440
6082.66236 19.552 0.168
6082.71309 20.070 0.216
6082.78439 20.167 0.227
6082.82876 19.896 0.186
6082.91045 20.044 0.277
6085.58653 19.706 0.124
6085.63643 20.127 0.148
6085.67270 20.107 0.140
6085.71662 19.611 0.116
6085.75953 20.216 0.151
6085.79833 19.954 0.110
6085.83717 19.751 0.117
6085.87700 20.684 0.472
6085.91735 19.968 0.175
6086.56991 19.938 0.125
6086.61032 19.979 0.129
6086.65345 20.052 0.111
6086.69243 20.145 0.106
6086.75554 20.287 0.120
6086.79383 19.982 0.124
6086.83923 20.245 0.129
6086.88572 20.147 0.162
6086.92710 20.157 0.227
6087.58939 19.928 0.107
6087.72639 19.957 0.130
6087.78275 20.309 0.131
6087.83377 20.770 0.262
6088.56163 20.061 0.145
6088.59946 19.877 0.098
6088.63785 20.170 0.115
6088.67565 20.237 0.097
6089.64169 20.061 0.107
6089.68048 20.167 0.111
6089.74162 20.145 0.118
6089.79200 20.199 0.134
6089.85314 20.271 0.148
6089.92818 20.011 0.172
6092.59782 20.248 0.137
6092.63590 20.552 0.309
6092.67625 20.228 0.147
6092.80568 20.270 0.132
6092.87525 20.365 0.196
6093.55061 20.109 0.142
6093.59217 20.316 0.152
6093.63023 20.123 0.109
6093.66823 20.203 0.143
6093.72870 20.185 0.099
6093.79067 20.678 0.240
6093.83066 20.362 0.183
6093.87116 20.194 0.199
6094.60416 19.667 0.122
6094.64165 20.243 0.163
6094.67915 19.927 0.114
6094.72897 20.016 0.114
6094.77616 20.205 0.141
6094.81518 20.023 0.115
6094.85444 19.742 0.108
6094.90441 20.551 0.323
6096.60290 19.968 0.116
6096.64848 20.320 0.133
6096.68780 20.393 0.165
6096.76243 20.250 0.149
6096.80176 19.855 0.114
6096.84265 20.130 0.140
6096.88475 19.770 0.146
6097.67659 19.856 0.104
6097.74925 20.004 0.159
6097.78798 19.948 0.116
6097.82562 19.925 0.117
6097.86528 19.908 0.122
6097.90396 19.945 0.169
6098.58302 19.930 0.134
6098.62270 20.069 0.129
6098.66030 19.999 0.125
6098.71191 19.921 0.115
6098.76196 20.199 0.109
6098.80246 19.915 0.101
6098.84120 19.980 0.120
6098.87914 19.940 0.125
6099.63924 20.474 0.278
6099.75012 19.616 0.111
6100.51400 18.812 0.052
6100.56995 18.864 0.059
6100.60988 19.055 0.050
6100.64753 19.086 0.048
6100.70750 19.056 0.037
6100.74675 19.014 0.041
6100.78453 18.963 0.063
6100.83495 19.037 0.049
6100.87266 19.016 0.066
6101.51096 19.360 0.078
6101.54900 19.362 0.072
6101.58656 19.443 0.073
6101.62470 19.484 0.063
6101.66433 19.563 0.056
6101.72609 19.662 0.064
6101.76504 19.576 0.067
6101.80402 19.448 0.068
6101.85156 19.313 0.091
6102.51191 19.868 0.193
6102.55085 19.751 0.117
6102.59929 19.810 0.098
6102.64651 20.007 0.103
6102.68607 20.035 0.107
6102.72615 19.902 0.078
6102.76508 20.128 0.095
6102.80488 20.548 0.175
6102.84482 19.819 0.104
6102.88409 19.948 0.159
6103.51697 20.148 0.170
6103.55631 20.227 0.138
6103.59746 20.073 0.115
6103.64685 20.188 0.103
6103.69586 19.839 0.094
6103.73670 19.966 0.103
6103.80218 19.943 0.105
6103.85038 20.021 0.152
6104.51834 19.889 0.105
6104.55625 19.837 0.077
6104.59384 20.083 0.097
6104.62987 20.139 0.096
6104.67935 20.166 0.080
6104.72140 20.014 0.078
6104.76017 20.264 0.109
6104.79981 20.248 0.123
6104.84583 20.220 0.145
6105.50069 20.077 0.173
6105.52869 19.837 0.122
6105.56633 19.977 0.141
6105.62444 20.124 0.120
6105.67944 20.369 0.137
6105.71847 20.150 0.105
6105.75831 19.990 0.132
6106.62427 20.337 0.191
6106.69266 19.907 0.167
6108.52845 19.986 0.132
6108.56733 20.249 0.145
6108.61994 20.091 0.149
6108.67096 20.351 0.127
6108.71358 20.628 0.152
6108.75315 20.323 0.121
6108.79201 20.004 0.112
6108.83395 20.153 0.119
6108.87058 20.243 0.176
6109.71840 20.042 0.137
6109.75628 20.067 0.162
6109.79913 19.846 0.141
6109.83929 20.241 0.216
6113.53552 19.891 0.167
6113.57778 20.127 0.165
6113.61542 19.903 0.116
6113.65657 20.044 0.139
6113.69733 19.969 0.125
6113.73627 20.304 0.197
6113.77402 20.746 0.243
6113.81188 19.981 0.140
6113.85050 20.641 0.323
6114.58608 19.862 0.157
6114.62209 20.409 0.205
6114.67149 20.233 0.176
6114.71989 20.308 0.144
6114.75750 20.133 0.149
6114.79654 20.273 0.159
6114.83805 20.127 0.188
6115.48331 19.821 0.108
6115.52253 19.962 0.115
6115.55983 20.092 0.117
6115.61002 20.437 0.140
6115.66658 20.105 0.129
6115.71047 19.714 0.118
6115.77564 19.976 0.152
6116.48141 19.829 0.107
6116.52300 20.134 0.106
6116.56308 20.276 0.117
6116.61122 20.070 0.088
6116.65983 20.082 0.091
6116.69784 20.168 0.112
6116.74510 20.230 0.125
6116.78385 20.091 0.119
6116.82584 20.265 0.148
6117.50334 19.943 0.118
6117.54079 19.913 0.109
6117.57813 19.904 0.097
6117.63006 20.076 0.096
6117.68082 20.258 0.113
6117.71966 20.079 0.105
6117.75883 20.099 0.114
6117.79633 19.984 0.119
6117.83433 20.328 0.203
6118.49337 20.065 0.130
6118.53162 20.282 0.136
6118.57192 20.417 0.133
6118.62224 19.983 0.077
6118.67785 20.181 0.105
6118.71983 20.258 0.098
6118.75861 20.145 0.104
6118.79583 20.058 0.113
6118.83349 20.604 0.206
6119.48165 19.919 0.136
6119.52083 20.174 0.156
6119.56103 20.133 0.142
6119.60836 20.098 0.131
6119.66038 19.957 0.091
6119.69914 20.283 0.107
6119.72650 20.239 0.115
6119.76605 19.883 0.109
6119.80433 20.086 0.155
6120.50974 19.872 0.135
6120.54925 20.116 0.160
6120.60424 20.384 0.143
6120.66531 20.470 0.142
6120.70451 20.056 0.123
6120.74593 19.968 0.091
6120.79165 20.218 0.147
6120.83139 20.077 0.186
6121.50157 19.964 0.086
6121.53931 20.123 0.112
6121.57688 20.244 0.086
6121.64419 20.308 0.098
6121.68224 20.176 0.082
6121.70841 20.332 0.106
6121.74648 20.415 0.107
6121.78600 20.107 0.094
6123.51425 20.408 0.210
6123.55266 20.045 0.123
6123.59977 20.326 0.137
6123.65068 20.165 0.112
6123.69023 20.182 0.103
6123.72797 20.603 0.172
6123.76921 20.246 0.161
6123.80820 20.397 0.184
6124.49816 20.298 0.189
6124.53786 20.300 0.135
6124.59886 19.909 0.090
6124.66884 19.888 0.088
6124.70857 19.856 0.080
6124.74918 20.463 0.156
6124.78947 19.778 0.114
6124.82933 20.200 0.160
6125.55334 19.845 0.096
6125.61512 20.089 0.116
6125.67016 19.903 0.104
6125.71271 20.169 0.126
6125.75799 19.991 0.099
6125.79864 20.010 0.116
6126.49092 20.150 0.135
6126.54229 20.200 0.126
6126.58766 20.320 0.181
6126.64678 20.264 0.142
6126.70548 20.003 0.110
6126.74982 20.139 0.123
6127.49123 20.118 0.150
6127.53316 19.970 0.133
6127.61774 20.349 0.179
6127.72000 20.143 0.135
6127.78819 20.058 0.125
6128.54232 20.181 0.107
6128.58174 20.247 0.122
6128.63066 19.986 0.088
6128.68117 20.322 0.138
6129.66050 20.520 0.140
6130.71633 19.832 0.109
6131.51731 20.238 0.171
6131.56503 19.659 0.085
6131.63117 20.200 0.118
6131.67643 19.750 0.079
6131.74593 20.229 0.161
6132.49787 19.887 0.130
6132.56758 20.399 0.275
6132.65419 20.473 0.206
6132.74059 20.171 0.129
6132.77712 19.991 0.129
6133.55127 20.399 0.184
6133.59972 20.075 0.122
6133.66179 20.261 0.133
6133.70493 20.014 0.121
6133.75358 20.218 0.154
6134.51983 20.109 0.167
6134.56294 19.828 0.155
6134.60641 20.437 0.240
6134.67326 19.968 0.132
6135.50371 20.051 0.147
6135.54542 19.815 0.133
6135.60574 20.344 0.171
6135.67267 20.629 0.240
6135.72523 20.390 0.154
6135.76718 20.424 0.174
6135.80867 19.956 0.145
6136.59524 20.265 0.219
6136.62140 20.009 0.184
6136.65188 19.937 0.158
6136.73010 20.380 0.299
6140.50600 20.109 0.200
6140.55434 20.574 0.269
6140.60735 20.126 0.194
6140.64521 19.737 0.138
6140.68436 19.808 0.139
6140.72752 20.391 0.323
6141.49363 20.160 0.165
6141.53130 19.830 0.116
6141.57957 20.103 0.168
6141.62913 19.959 0.130
6141.66679 20.109 0.138
6141.70771 19.971 0.136
6141.74625 19.957 0.136
6141.78272 19.842 0.158
6142.53487 20.045 0.180
6142.57738 19.979 0.201
6142.68403 19.689 0.158
6143.71781 19.740 0.148
6147.50472 20.124 0.165
6147.56518 20.055 0.128
6147.60739 20.046 0.156
6147.64868 19.878 0.127
6147.70253 20.152 0.182
6148.49671 20.230 0.110
6148.53490 20.173 0.096
6148.59490 20.054 0.100
6148.63871 20.227 0.096
6148.68062 20.498 0.146
6149.55993 20.039 0.123
6149.60523 20.153 0.142
6150.48298 20.532 0.277
6150.53595 20.015 0.131
6150.58830 20.091 0.155
6150.63848 20.527 0.183
6150.67839 19.788 0.104
6151.53980 20.431 0.248
6151.58090 20.189 0.145
6151.62131 20.178 0.146
6151.66081 20.244 0.150
6151.70221 20.323 0.203
6151.74030 19.975 0.123
6152.51151 20.082 0.128
6152.54985 20.449 0.169
6152.60450 20.148 0.116
6152.65448 20.320 0.128
6153.69330 19.965 0.138
6154.50008 20.034 0.119
6154.54008 19.850 0.098
6154.60938 19.993 0.122
6154.69280 20.243 0.161
6157.64766 20.018 0.149
6157.69099 20.158 0.177
6158.48786 19.928 0.092
6158.53829 20.254 0.109
6158.58877 20.104 0.113
6158.63061 20.223 0.122
6158.67004 20.075 0.123
6158.70949 20.150 0.118
6159.55035 20.697 0.247
6159.59126 20.304 0.164
6159.66231 20.095 0.146
6159.71853 19.798 0.135
6160.51911 20.152 0.113
6160.59091 20.431 0.136
6160.63246 20.520 0.168
6160.67257 20.298 0.155
6160.72541 20.703 0.244
6161.51495 19.671 0.123
6161.55642 19.705 0.106
6161.60709 20.207 0.151
6161.67958 19.830 0.133
6164.49238 20.280 0.137
6164.55538 20.376 0.209
6164.59410 20.114 0.150
6164.65118 20.273 0.180
6164.70463 19.980 0.234
6167.53673 20.272 0.252
6167.58686 20.281 0.291
6167.63933 20.084 0.225
6167.68178 20.653 0.469
6168.53884 19.999 0.097
6168.60346 20.304 0.132
6168.65981 20.172 0.130
6168.69722 19.966 0.132
6168.70440 19.863 0.128
6169.53094 19.830 0.111
6169.58134 20.229 0.133
6169.62179 19.841 0.113
6169.66164 20.355 0.186
6169.69941 20.186 0.243
6171.53515 20.138 0.117
6171.58418 19.945 0.112
6171.62583 19.823 0.122
6171.67292 20.615 0.293
6172.49410 20.338 0.093
6172.54541 20.154 0.105
6172.59445 20.213 0.117
6172.63435 20.029 0.105
6172.67636 19.902 0.157
6174.60012 20.422 0.269
6174.63398 20.126 0.211
6175.49723 20.315 0.134
6175.54558 20.023 0.103
6175.58386 20.186 0.139
6175.62220 19.802 0.113
6175.66870 19.812 0.135
6179.50000 20.244 0.204
6179.55892 19.995 0.140
6179.60067 19.892 0.152
6179.64149 19.840 0.148
6180.48740 20.418 0.326
6180.54684 20.523 0.226
6180.58469 19.867 0.144
6180.62584 20.182 0.179
6180.66122 19.381 0.102
6181.49182 19.979 0.123
6181.54584 20.412 0.146
6181.58754 20.201 0.123
6181.62661 19.838 0.103
6182.49220 19.895 0.104
6182.54709 20.055 0.118
6182.59529 20.265 0.136
6182.64041 20.242 0.204
6183.48933 20.399 0.225
6183.59232 20.646 0.183
6183.63141 20.017 0.117
6184.52719 19.977 0.086
6184.58566 20.288 0.117
6184.63147 20.023 0.119
6185.49404 20.151 0.099
6185.55289 19.851 0.075
6185.59221 19.923 0.091
6185.64254 20.154 0.170
6186.50685 20.426 0.222
6186.56390 19.592 0.096
6186.60959 20.192 0.164
6190.50386 19.132 0.059
6190.56077 18.993 0.039
6190.60125 18.871 0.038
6191.50079 19.127 0.071
6191.55657 19.155 0.060
6191.59929 19.244 0.069
6191.64253 19.364 0.074
6195.51789 20.208 0.136
6195.55853 20.280 0.154
6195.59721 19.809 0.098
6195.63505 19.874 0.134
6196.51698 19.759 0.116
6196.55555 20.155 0.168
6196.59631 19.570 0.114
6196.63212 19.892 0.176
6197.51866 19.716 0.108
6197.55730 20.004 0.157
6197.59805 20.084 0.199
6198.56370 20.062 0.177
6199.52771 20.337 0.247
6200.62024 20.109 0.221
6201.54457 19.716 0.147
6202.57682 19.617 0.147
6203.51642 19.861 0.133
6203.56720 19.777 0.131
6203.60787 20.268 0.307
6204.52068 20.120 0.135
6204.55931 20.281 0.175
6204.59713 19.646 0.109
6205.50061 20.302 0.171
6205.54355 20.266 0.127
6205.58162 20.695 0.222
6208.51319 19.838 0.122
6209.57699 19.806 0.154
6210.51454 20.188 0.137
6210.59184 20.558 0.246
6211.51611 19.922 0.098
6211.55831 19.861 0.098
6211.59674 19.513 0.105
6212.51550 20.065 0.128
6212.55430 19.947 0.120
6213.49052 20.253 0.217
6213.53067 20.011 0.120
6213.56917 19.985 0.168
6214.52352 20.162 0.180
6214.55914 20.068 0.166
6215.53499 19.701 0.151
6216.52626 20.002 0.127
6216.56512 19.777 0.104
6217.52084 20.363 0.143
6217.55892 19.778 0.089
6218.49579 19.824 0.115
6218.53426 19.516 0.127
6218.57244 19.413 0.110
6219.52861 20.361 0.169
6219.56727 19.680 0.134
6223.50915 19.824 0.155
6223.56015 20.041 0.204
6224.49617 20.366 0.324
6226.49933 20.158 0.209
6231.51852 19.994 0.207
6233.49943 19.803 0.227
6233.54899 19.746 0.145
6234.53673 20.011 0.220
6238.53404 19.805 0.168
6326.88207 20.072 0.274
6329.88112 20.494 0.330
6334.87640 20.122 0.139
6335.85670 19.930 0.158
6337.86779 20.301 0.207
6338.84630 20.536 0.237
6338.88989 19.844 0.123
6339.87262 20.032 0.105
6340.85244 20.724 0.217
6340.88276 20.583 0.185
6341.89118 20.206 0.192
6343.85548 19.784 0.127
6343.89102 20.308 0.201
6344.85473 20.459 0.152
6344.89828 20.366 0.276
6345.86349 19.812 0.091
6347.82677 19.788 0.115
6347.86673 20.381 0.156
6348.81880 20.490 0.219
6348.86031 19.954 0.107
6349.86576 20.158 0.164
6350.81937 20.012 0.157
6350.86585 19.873 0.128
6351.81797 19.897 0.152
6351.86628 20.339 0.194
6352.81573 19.923 0.119
6352.86215 20.099 0.107
6353.79693 19.983 0.126
6353.83753 21.107 0.328
6353.89357 20.144 0.114
6354.87025 20.408 0.160
6355.85539 20.141 0.175
6358.82579 19.773 0.085
6358.87022 20.330 0.143
6360.79223 20.323 0.120
6360.82962 20.128 0.088
6360.87722 20.174 0.108
6361.81525 20.413 0.150
6361.85258 20.206 0.121
6361.89571 19.929 0.117
6362.80064 20.237 0.179
6362.83803 21.034 0.257
6362.88936 20.145 0.118
6363.80698 20.331 0.166
6363.86195 20.166 0.118
6367.81721 20.077 0.098
6367.86557 20.193 0.096
6367.90400 20.232 0.097
6368.80228 20.388 0.154
6368.85539 20.750 0.170
6368.89544 20.404 0.127
6369.78294 20.095 0.132
6369.82254 20.311 0.122
6369.87745 20.081 0.090
6370.76782 20.295 0.142
6370.81260 20.238 0.113
6370.85592 20.007 0.105
6370.89520 20.288 0.112
6371.77725 20.103 0.113
6371.82625 20.334 0.127
6371.86502 20.200 0.098
6371.90845 20.097 0.101
6372.76999 20.227 0.135
6372.81871 20.001 0.088
6372.85856 20.196 0.103
6372.90118 20.142 0.101
6373.77009 20.069 0.168
6373.82428 20.120 0.108
6373.86373 20.381 0.148
6373.90333 20.285 0.140
6374.76914 20.068 0.152
6374.81867 20.130 0.109
6374.85905 19.850 0.084
6374.89992 20.163 0.102
6375.76680 20.482 0.155
6375.81565 20.150 0.101
6375.83392 20.191 0.115
6375.87396 20.431 0.115
6375.91464 20.317 0.122
6376.77759 20.001 0.117
6376.82996 20.429 0.126
6376.86912 20.350 0.122
6376.91171 19.905 0.078
6377.79213 20.284 0.130
6377.84187 20.014 0.088
6377.88269 20.062 0.079
6378.74929 19.996 0.146
6378.78843 20.379 0.156
6378.83714 19.974 0.089
6378.87848 20.549 0.142
6378.91825 20.701 0.212
6379.77306 20.471 0.193
6379.82224 20.253 0.135
6379.86176 20.021 0.105
6379.90757 20.258 0.104
6380.76272 20.398 0.147
6380.80116 20.109 0.107
6380.82475 20.564 0.167
6380.86547 20.551 0.147
6380.91148 20.783 0.185
6381.77038 20.015 0.122
6381.81949 20.193 0.108
6381.85826 20.373 0.107
6381.89816 20.251 0.101
6382.76480 20.457 0.244
6382.80319 20.026 0.130
6382.84239 20.355 0.166
6382.88307 19.957 0.120
6386.75791 20.068 0.154
6386.80891 19.753 0.089
6386.85521 20.202 0.124
6386.90640 19.839 0.115
6387.72871 19.950 0.151
6387.77084 20.514 0.148
6387.81517 20.202 0.120
6387.85414 20.133 0.101
6387.89589 20.153 0.132
6388.73076 20.255 0.172
6388.79325 20.308 0.137
6388.83240 20.002 0.089
6388.90639 20.285 0.112
6389.72908 20.145 0.175
6389.77008 20.118 0.128
6389.81131 20.425 0.146
6389.84978 20.283 0.138
6389.88931 20.070 0.107
6390.71406 20.298 0.179
6390.75416 20.235 0.132
6390.79600 20.390 0.143
6390.84045 20.014 0.095
6390.88534 20.215 0.103
6390.92589 20.030 0.170
6391.73049 20.042 0.156
6391.78150 20.130 0.178
6391.82141 19.681 0.098
6391.87432 21.116 0.358
6393.71878 20.163 0.153
6393.76464 20.520 0.196
6393.80390 20.117 0.124
6393.85627 20.306 0.124
6393.89957 20.089 0.125
6394.71910 19.880 0.152
6394.77173 20.913 0.320
6394.81919 20.309 0.176
6394.85827 19.881 0.086
6394.92292 19.877 0.103
6395.72280 20.117 0.121
6395.77141 20.341 0.121
6395.82107 20.232 0.092
6395.86009 20.272 0.089
6395.90412 20.514 0.124
6396.70828 20.094 0.111
6396.75516 20.301 0.096
6396.80495 19.977 0.070
6396.84765 20.382 0.101
6396.88864 20.102 0.093
6396.92821 20.215 0.160
6397.72131 20.218 0.114
6397.77213 20.107 0.089
6397.82103 20.372 0.108
6397.85890 20.106 0.089
6397.89762 20.033 0.084
6398.68980 20.327 0.163
6398.72874 20.362 0.119
6398.79055 20.675 0.163
6398.82856 20.033 0.090
6398.86890 20.189 0.120
6398.90955 20.681 0.173
6399.69562 20.013 0.122
6399.73443 19.864 0.108
6399.78328 20.182 0.102
6399.83111 19.831 0.081
6399.86968 20.066 0.113
6400.68184 19.759 0.113
6400.73050 20.031 0.115
6400.79509 20.071 0.104
6400.85095 20.068 0.103
6400.89889 19.855 0.085
6401.69969 20.165 0.170
6401.74381 20.070 0.100
6401.78542 20.011 0.093
6401.83271 20.265 0.109
6401.87441 20.326 0.105
6401.91276 20.555 0.137
6402.70603 20.166 0.160
6402.74389 20.290 0.180
6402.79106 19.935 0.121
6402.83977 20.039 0.132
6402.87981 20.673 0.209
6402.92149 20.125 0.220
6403.70943 20.457 0.133
6403.74701 20.266 0.118
6403.78631 20.454 0.110
6403.83326 20.327 0.103
6403.87317 19.963 0.085
6403.92988 20.317 0.168
6404.72910 20.491 0.159
6404.76853 20.088 0.115
6404.81776 19.895 0.083
6404.85691 20.659 0.156
6404.90575 20.306 0.145
6405.81317 20.383 0.203
6405.86074 20.467 0.120
6405.90282 20.140 0.088
6406.76030 20.182 0.170
6406.82118 20.841 0.357
6406.87644 20.369 0.216
6406.92263 20.971 0.212
6407.70035 20.588 0.306
6407.73817 20.013 0.143
6407.77637 20.159 0.119
6407.81584 19.994 0.118
6407.86574 20.201 0.135
6407.91392 20.223 0.153
6408.72815 19.685 0.259
6408.76902 20.118 0.178
6408.80888 20.054 0.145
6409.78406 19.918 0.164
6409.82785 19.456 0.097
6409.88364 19.610 0.107
6409.92178 19.619 0.088
6415.70707 19.724 0.149
6415.76210 20.634 0.219
6415.80274 19.502 0.100
6415.84614 20.360 0.247
6415.90405 20.021 0.104
6416.64436 19.913 0.133
6416.68910 20.144 0.176
6416.75239 19.684 0.065
6416.79055 20.224 0.095
6416.84089 20.063 0.095
6416.90604 20.063 0.086
6417.67732 19.332 0.094
6417.71480 19.882 0.115
6417.75300 20.109 0.136
6417.79988 20.154 0.132
6417.84067 19.961 0.109
6417.88865 20.088 0.124
6417.92805 20.263 0.146
6418.66050 20.240 0.145
6418.69806 19.929 0.112
6418.73556 20.092 0.112
6418.77315 20.105 0.101
6418.82178 20.048 0.094
6418.86219 20.105 0.099
6418.90953 20.167 0.116
6419.65866 20.316 0.218
6419.70938 20.213 0.121
6419.74743 19.906 0.082
6419.78632 20.488 0.162
6419.83752 20.065 0.110
6419.88514 20.232 0.118
6419.92316 20.134 0.104
6420.65157 20.063 0.109
6420.68917 19.999 0.086
6420.72702 20.084 0.087
6420.76290 20.119 0.083
6420.82250 20.088 0.085
6420.86136 20.895 0.182
6420.91034 20.093 0.092
6421.79077 20.195 0.117
6421.83148 20.144 0.097
6421.89005 20.217 0.159
6422.68292 20.148 0.123
6422.73514 20.315 0.125
6422.77299 20.196 0.097
6422.88457 20.121 0.206
6423.64514 20.392 0.188
6423.69284 20.257 0.150
6423.75005 20.293 0.159
6423.81413 20.333 0.124
6423.85265 20.199 0.123
6423.89133 20.269 0.134
6423.92935 20.078 0.133
6424.65287 20.442 0.165
6424.69334 20.007 0.100
6424.75268 20.353 0.120
6424.80294 19.963 0.079
6424.84701 20.537 0.163
6424.88849 20.199 0.123
6424.94135 20.348 0.253
6426.64089 19.956 0.109
6426.68156 21.120 0.273
6426.77678 20.267 0.121
6426.84008 20.197 0.102
6426.88119 20.335 0.150
6426.92195 20.303 0.129
6427.72391 20.477 0.160
6427.88465 20.056 0.130
6428.64315 20.377 0.239
6428.69260 20.611 0.242
6428.73410 20.221 0.150
6428.78466 20.098 0.115
6428.83861 20.069 0.124
6428.88118 20.271 0.147
6428.92153 20.004 0.155
6431.63499 19.872 0.207
6431.68169 19.557 0.114
6431.73222 20.018 0.107
6431.78379 20.654 0.182
6431.82599 20.205 0.114
6431.86629 20.143 0.123
6431.90700 19.739 0.121
6432.64118 20.380 0.173
6432.66336 20.090 0.149
6432.70631 20.841 0.217
6432.76565 19.988 0.098
6432.80754 20.267 0.126
6432.84758 20.410 0.146
6432.88831 20.352 0.214
6432.92881 20.308 0.161
6433.61183 19.799 0.159
6433.65229 19.918 0.138
6433.69293 20.967 0.326
6433.74281 19.966 0.125
6433.79439 19.885 0.161
6433.84695 19.907 0.087
6434.60344 19.828 0.185
6434.64222 19.423 0.112
6434.68427 20.077 0.150
6434.73371 20.468 0.180
6434.78459 20.131 0.113
6434.82682 19.957 0.124
6434.86703 20.090 0.113
6434.94068 19.550 0.139
6435.63077 19.770 0.118
6435.67283 20.564 0.198
6435.71504 20.327 0.136
6435.77487 20.344 0.126
6435.81729 20.818 0.228
6435.86073 20.081 0.116
6435.90399 20.471 0.151
6435.94410 20.227 0.222
6436.61682 20.011 0.147
6436.65971 19.880 0.125
6436.70175 19.964 0.102
6436.75401 19.903 0.105
6436.80782 20.088 0.136
6436.84921 19.972 0.116
6436.89101 20.161 0.140
6436.93295 20.222 0.187
6437.72341 19.655 0.170
6437.74871 20.138 0.204
6437.82760 20.704 0.387
6437.86339 20.285 0.243
6437.90533 19.952 0.210
6437.94582 19.434 0.208
6441.64061 20.014 0.247
6441.72437 20.559 0.251
6441.77636 19.849 0.135
6441.82925 20.167 0.175
6441.87270 20.339 0.224
6441.91424 19.872 0.198
6442.57247 20.269 0.140
6442.60931 20.074 0.116
6442.64934 19.923 0.096
6442.68941 20.224 0.118
6442.75093 20.030 0.086
6442.79323 20.166 0.096
6442.83361 20.345 0.125
6442.87344 20.155 0.108
6442.91325 20.102 0.136
6443.59150 19.606 0.131
6443.67045 19.588 0.092
6443.75269 20.346 0.179
6443.82147 20.236 0.239
6444.68970 19.737 0.161
6444.75933 20.311 0.148
6444.81249 19.935 0.104
6444.85336 20.293 0.133
6444.89516 19.864 0.107
6444.94556 19.742 0.172
6445.61391 20.097 0.149
6445.65852 19.962 0.099
6445.71558 20.105 0.117
6445.76293 20.128 0.115
6445.81993 20.268 0.137
6445.86520 20.140 0.206
6445.91278 19.691 0.120
6446.56078 20.153 0.120
6446.60359 20.145 0.106
6446.64598 19.941 0.090
6446.69562 20.107 0.089
6446.75097 20.222 0.102
6446.79362 20.383 0.111
6446.83574 20.345 0.110
6446.90182 19.953 0.115
6446.94235 19.921 0.145
6447.58088 20.034 0.122
6447.62014 20.060 0.116
6447.65989 20.145 0.117
6447.71014 20.437 0.146
6447.76533 20.201 0.114
6447.80715 20.407 0.132
6447.84722 20.100 0.114
6447.88774 20.133 0.105
6447.92838 19.896 0.106
6448.56812 19.880 0.145
6448.60992 19.915 0.103
6448.65027 20.188 0.150
6448.69141 20.092 0.131
6448.75164 20.060 0.079
6448.79430 20.484 0.136
6448.83618 20.373 0.143
6448.87682 19.574 0.107
6448.91909 20.181 0.224
6449.56660 19.844 0.112
6449.60995 20.144 0.131
6449.65320 19.649 0.097
6449.69348 20.256 0.122
6449.74537 20.367 0.162
6449.79559 20.338 0.158
6449.83690 20.369 0.143
6449.87740 20.614 0.221
6449.92034 19.789 0.158
6450.56046 20.199 0.170
6450.60317 19.935 0.112
6450.64580 20.414 0.133
6450.69556 19.981 0.083
6450.74589 20.107 0.087
6450.78695 20.561 0.154
6450.82800 20.186 0.115
6450.87365 19.861 0.099
6450.91747 19.865 0.113
6451.56320 20.250 0.196
6451.60865 20.343 0.175
6451.64909 20.212 0.140
6451.69159 20.237 0.119
6451.75301 20.522 0.179
6451.79379 20.221 0.127
6451.83453 19.997 0.106
6451.87524 20.169 0.144
6451.91763 20.557 0.268
6452.57032 20.280 0.152
6452.61302 19.797 0.068
6452.65378 20.245 0.102
6452.70886 20.373 0.110
6452.80565 20.584 0.122
6452.84820 20.229 0.101
6452.88948 20.143 0.130
6454.54950 19.935 0.145
6454.58022 20.467 0.183
6454.62278 19.903 0.099
6454.66326 20.060 0.126
6454.71402 20.208 0.100
6454.76648 19.985 0.096
6454.80762 20.110 0.135
6454.84809 20.466 0.198
6454.88915 20.073 0.131
6455.54391 19.864 0.109
6455.57997 20.170 0.134
6455.68619 20.312 0.169
6455.78516 19.975 0.129
6456.54796 19.975 0.115
6456.58889 20.452 0.106
6456.63002 20.389 0.109
6456.68122 20.285 0.084
6456.73370 20.074 0.078
6456.77519 20.289 0.113
6456.81584 20.255 0.123
6456.89175 20.567 0.165
6457.69922 20.084 0.096
6457.76208 20.035 0.087
6457.80321 20.235 0.113
6457.84461 20.006 0.107
6457.88510 19.883 0.116
6458.54649 20.360 0.213
6458.58657 19.650 0.107
6458.62827 19.871 0.131
6458.66888 20.058 0.111
6458.72030 20.405 0.194
6458.77159 20.138 0.108
6458.81266 20.459 0.138
6458.85346 20.067 0.136
6458.89803 19.869 0.134
6459.54051 19.604 0.107
6459.57992 20.640 0.209
6459.62283 20.136 0.120
6459.66489 20.305 0.115
6459.72977 20.223 0.095
6459.77165 20.374 0.120
6459.81263 20.601 0.175
6459.85374 20.284 0.135
6459.89442 19.776 0.115
6460.59263 19.985 0.121
6460.64342 20.053 0.116
6460.71777 20.052 0.106
6460.79238 19.963 0.113
6460.88889 20.013 0.128
6461.56870 20.319 0.143
6461.61041 20.238 0.142
6461.65197 19.880 0.103
6461.70086 19.882 0.110
6461.76933 20.251 0.117
6461.82220 20.239 0.136
6461.87346 19.954 0.104
6462.60849 19.831 0.165
6462.65056 20.060 0.116
6462.70235 20.052 0.135
6462.82958 20.175 0.141
6462.87053 20.162 0.169
6463.52297 19.987 0.208
6463.56446 19.990 0.137
6463.60360 19.837 0.131
6463.64482 19.848 0.108
6463.69935 20.177 0.123
6463.75360 19.955 0.108
6463.79494 19.786 0.096
6463.83612 20.023 0.117
6463.88033 19.661 0.100
6464.57287 20.255 0.244
6464.61238 20.030 0.156
6464.65280 20.243 0.183
6464.69964 19.512 0.075
6464.75263 20.269 0.168
6464.80349 19.770 0.116
6464.84515 20.249 0.184
6464.88759 19.933 0.143
6468.55921 20.682 0.287
6468.60020 19.756 0.114
6468.64116 19.953 0.135
6468.71034 20.333 0.198
6468.75430 20.552 0.225
6468.81409 20.174 0.171
6469.54198 20.188 0.173
6469.58241 20.259 0.182
6469.62251 20.339 0.151
6469.68595 20.071 0.128
6469.72956 20.164 0.126
6469.76988 20.339 0.141
6471.60645 20.611 0.274
6471.64800 19.639 0.109
6471.78092 20.171 0.332
6471.85129 19.848 0.245
6472.60489 20.120 0.187
6472.64391 19.957 0.143
6472.69650 19.962 0.107
6472.74830 20.285 0.148
6472.78889 19.567 0.086
6472.82952 19.464 0.119
6473.54923 20.249 0.178
6473.59150 19.835 0.093
6473.63185 20.237 0.097
6473.68373 20.018 0.104
6473.73477 20.173 0.111
6473.77581 19.969 0.107
6473.81622 20.306 0.155
6473.85684 19.731 0.132
6474.49382 19.814 0.165
6474.53834 20.063 0.183
6474.57853 19.908 0.120
6474.62386 20.335 0.196
6474.66457 20.229 0.133
6474.71941 20.038 0.115
6474.76921 20.073 0.128
6474.80954 20.058 0.162
6474.84976 20.205 0.200
6475.48550 19.424 0.107
6475.52736 20.089 0.143
6475.57042 19.572 0.107
6475.63161 20.382 0.136
6475.68267 20.308 0.136
6475.73185 20.414 0.155
6475.77216 20.055 0.121
6475.81424 19.997 0.136
6475.85711 19.806 0.149
6476.49836 19.647 0.124
6476.53908 19.857 0.120
6476.57990 19.952 0.128
6476.62131 19.779 0.088
6476.68677 19.940 0.104
6476.72761 20.194 0.146
6476.76839 19.852 0.102
6476.80891 20.093 0.134
6477.53242 19.998 0.123
6477.57357 19.851 0.102
6477.61427 20.083 0.135
6477.68011 20.601 0.203
6477.72086 20.458 0.161
6477.76139 19.934 0.140
6477.80251 19.821 0.144
6478.52994 19.784 0.113
6478.57022 20.295 0.176
6478.61042 20.340 0.140
6478.66601 20.334 0.179
6479.56472 20.080 0.147
6479.60564 20.120 0.122
6479.64733 20.137 0.111
6479.70179 19.880 0.119
6479.75968 20.122 0.137
6479.82435 20.022 0.159
6479.85174 20.160 0.206
6480.56177 19.819 0.112
6480.60237 20.150 0.167
6480.65329 20.163 0.110
6480.70523 20.207 0.159
6480.74566 20.026 0.124
6480.78613 20.094 0.134
6481.49918 20.202 0.182
6481.54049 19.984 0.109
6481.58407 19.989 0.119
6481.64191 19.870 0.113
6481.74259 20.220 0.150
6481.78513 20.268 0.167
6481.82755 20.095 0.191
6482.80207 20.236 0.244
6483.61136 19.694 0.073
6483.81376 20.667 0.273
6484.49352 20.373 0.192
6484.53400 20.260 0.184
6485.46698 19.874 0.153
6485.51270 19.941 0.123
6485.55947 19.891 0.106
6485.63814 19.984 0.094
6485.70127 19.838 0.076
6485.74408 20.142 0.097
6485.79015 20.238 0.148
6486.47058 20.272 0.191
6486.51306 20.324 0.146
6486.55939 19.948 0.102
6486.60469 20.270 0.135
6486.67052 20.112 0.107
6486.72339 20.488 0.188
6486.76777 19.766 0.077
6486.81050 20.096 0.115
6487.46879 20.095 0.123
6487.51292 20.390 0.143
6487.55905 20.319 0.127
6487.60021 20.250 0.098
6487.67296 20.006 0.082
6487.71377 20.018 0.080
6487.75746 20.342 0.119
6487.80275 20.403 0.139
6490.48218 20.087 0.158
6490.52312 19.844 0.098
6490.56377 19.943 0.109
6490.62178 19.926 0.108
6490.66904 20.147 0.118
6490.70974 20.257 0.120
6490.75047 20.316 0.149
6491.46999 20.241 0.199
6491.51303 20.012 0.139
6491.55800 20.153 0.147
6491.61827 20.000 0.141
6491.68996 20.042 0.111
6491.73189 20.150 0.117
6491.77419 19.985 0.125
6491.81807 19.744 0.142
6492.50201 20.124 0.179
6492.54850 20.485 0.195
6492.59880 20.090 0.141
6492.66371 19.658 0.116
6492.70252 20.061 0.142
6492.73560 20.280 0.191
6492.77937 20.650 0.331
6496.48724 20.347 0.288
6496.52771 20.128 0.209
6496.56769 20.124 0.197
6496.62828 20.020 0.191
6497.58222 20.231 0.207
6497.63467 20.303 0.191
6497.68523 20.157 0.169
6497.72637 20.184 0.162
6497.76711 20.414 0.216
6498.46793 20.040 0.112
6498.51151 20.304 0.117
6498.55642 20.503 0.143
6498.60055 19.995 0.088
6498.64805 20.379 0.176
6498.73428 20.225 0.119
6498.77983 19.950 0.131
6499.48215 20.008 0.129
6499.52584 20.146 0.113
6499.56870 20.601 0.157
6500.53798 19.865 0.161
6500.60190 20.054 0.196
6500.67941 19.945 0.136
6500.73045 19.831 0.124
6501.55802 20.027 0.143
6501.61865 20.055 0.107
6501.66409 19.870 0.094
6501.70649 20.113 0.117
6501.74943 20.115 0.169
6501.78787 20.377 0.285
6504.63930 20.323 0.168
6504.68156 20.568 0.184
6504.72403 20.110 0.150
6505.47555 19.815 0.146
6505.53534 19.922 0.119
6505.57990 19.984 0.136
6505.65128 20.095 0.123
6505.69221 20.008 0.118
6505.73510 19.666 0.109
6506.56870 19.772 0.120
6506.64910 20.032 0.145
6506.70995 20.122 0.168
6506.75183 19.984 0.147
6507.63999 20.005 0.139
6507.70897 19.598 0.137
6507.75997 20.185 0.263
6508.51837 20.040 0.122
6508.56972 19.883 0.120
6508.61785 20.221 0.108
6508.65996 20.183 0.104
6508.70158 19.729 0.074
6508.76148 20.170 0.113
6509.52297 20.331 0.125
6509.58369 20.207 0.100
6509.62543 20.254 0.102
6509.66711 19.947 0.090
6509.70843 20.640 0.198
6509.75104 19.840 0.128
6510.48945 19.708 0.078
6510.55221 20.117 0.105
6510.59914 20.372 0.114
6510.64172 20.185 0.103
6510.71162 20.170 0.150
6510.75559 19.953 0.187
6511.52176 20.133 0.147
6511.60024 19.829 0.102
6511.65495 20.292 0.134
6511.70469 20.052 0.122
6511.75747 20.247 0.173
6512.75046 19.947 0.191
6514.52050 20.817 0.301
6514.59319 20.146 0.101
6514.65869 20.010 0.091
6514.71386 20.228 0.116
6515.47734 20.120 0.108
6515.54518 20.564 0.158
6515.61086 20.447 0.132
6515.67472 20.321 0.128
6515.75390 20.707 0.237
6516.52039 19.861 0.136
6516.60272 20.011 0.110
6516.65458 20.221 0.146
6518.49018 20.429 0.172
6518.56212 20.016 0.090
6519.49592 20.149 0.122
6519.56828 20.174 0.124
6519.61676 20.223 0.123
6519.66827 20.293 0.145
6519.71567 19.738 0.108
6523.50405 20.178 0.146
6523.54237 20.031 0.116
6523.57837 19.771 0.089
6523.61745 20.037 0.141
6523.65809 20.868 0.339
6523.69948 20.012 0.206
6524.52092 20.682 0.209
6524.56962 20.166 0.131
6524.61776 20.062 0.134
6524.66636 19.724 0.121
6525.52370 20.281 0.200
6525.57162 19.872 0.140
6525.62375 20.096 0.203
6525.67396 20.675 0.392
6526.66539 19.716 0.120
6526.69613 19.890 0.156
6527.62682 19.961 0.223
6529.55415 19.950 0.155
6529.59729 20.591 0.248
6529.63987 19.978 0.142
6530.67729 19.848 0.177
6531.50681 19.819 0.105
6531.58275 20.407 0.155
6531.63030 20.217 0.148
6531.67834 20.428 0.173
6532.50839 20.637 0.210
6532.61240 19.809 0.095
6532.67377 19.793 0.131
6533.52390 20.457 0.202
6533.59443 20.829 0.247
6533.65553 20.176 0.153
6534.54755 19.884 0.097
6534.59840 20.328 0.155
6534.63865 20.187 0.164
6535.53282 20.008 0.170
6536.47775 19.960 0.160
6536.56959 20.105 0.092
6536.62008 20.132 0.130
6538.51603 20.437 0.144
6538.56870 20.379 0.154
6538.61111 21.094 0.349
6539.51816 20.325 0.133
6539.56403 19.816 0.105
6539.62190 20.403 0.175
6541.51399 20.019 0.113
6541.57379 20.528 0.145
6541.61945 20.356 0.113
6543.53160 20.025 0.117
6543.58308 20.312 0.153
6543.62742 19.585 0.088
6544.51894 20.202 0.132
6544.56954 20.270 0.168
6545.48143 20.138 0.138
6545.52696 20.330 0.119
6545.57205 19.986 0.113
6545.61795 20.177 0.124
6546.48938 19.432 0.095
6546.55711 19.960 0.188
6546.60931 19.999 0.162
6547.56858 20.180 0.218
6547.61571 20.072 0.249
6551.56283 19.774 0.169
6552.55464 20.673 0.321
6553.58757 20.207 0.319
6555.58594 20.053 0.152
6555.63751 19.902 0.178
6556.64852 20.598 0.292
6558.52624 20.383 0.137
6558.56680 20.526 0.187
6558.61974 20.035 0.169
6559.51210 19.900 0.143
6559.56589 20.025 0.125
6559.61897 20.245 0.208
6560.52653 20.000 0.114
6560.57019 19.818 0.106
6560.62601 20.105 0.189
6561.57099 19.847 0.123
6562.52944 20.436 0.198
6562.57655 19.844 0.097
6562.62003 19.944 0.119
6563.54525 19.993 0.165
6563.59122 20.160 0.158
6563.62875 20.817 0.348
6564.52416 20.046 0.154
6564.56570 20.274 0.181
6565.49281 20.018 0.148
6565.53691 19.883 0.122
6565.59091 20.106 0.146
6567.53392 19.671 0.133
6567.57608 20.010 0.177
6568.52987 19.655 0.138
6568.57067 20.216 0.170
6568.61355 19.997 0.160
6569.52109 20.552 0.155
6569.56206 20.202 0.130
6569.60319 19.959 0.145
6570.53961 20.483 0.227
6571.48624 20.535 0.327
6571.54694 19.919 0.147
6571.59613 20.262 0.212
6572.51944 19.816 0.152
6572.57809 19.997 0.152
6573.50000 19.676 0.099
6573.54070 19.801 0.105
6573.58738 20.010 0.144
6577.52390 20.212 0.361
6577.56770 19.971 0.265
6578.50645 20.105 0.189
6578.56144 20.035 0.184
6579.48619 19.443 0.155
6579.54544 19.944 0.167
6580.50343 19.952 0.205
6581.50492 20.140 0.159
6581.56179 19.817 0.142
6582.51659 20.101 0.189
6582.56899 19.756 0.128
6583.52747 20.216 0.288
6583.56480 19.473 0.178
6584.52150 20.495 0.347
6584.56663 19.508 0.169
6585.52352 19.924 0.184
6585.56138 19.991 0.215
6590.52246 19.664 0.150
6590.54360 20.100 0.184
6593.49825 20.057 0.211
6593.51114 19.405 0.103
6595.52027 20.457 0.255
6600.50156 19.331 0.140
