2106.78026 18.929 0.093
2112.76960 18.843 0.072
2125.65790 18.706 0.112
2128.58569 19.001 0.082
2131.57905 18.899 0.078
2134.68273 18.956 0.118
2138.56286 18.855 0.102
2143.53162 18.992 0.140
2158.53081 19.008 0.084
2162.51615 18.891 0.107
2168.55094 19.036 0.113
2173.50896 18.938 0.132
2180.50755 18.863 0.082
2184.51226 18.911 0.101
2194.56713 19.093 0.117
2321.88481 18.924 0.126
2326.81791 19.024 0.130
2345.82746 18.843 0.066
2350.83153 18.889 0.062
2358.89620 18.816 0.083
2370.82443 18.819 0.089
2381.83168 18.780 0.062
2384.80455 18.882 0.085
2388.86237 18.852 0.080
2391.74839 18.921 0.137
2396.77989 18.812 0.137
2400.70787 18.903 0.098
2402.82485 18.919 0.076
2404.85471 18.953 0.074
2406.93870 19.167 0.187
2415.73554 18.925 0.096
2417.71237 18.902 0.087
2426.69357 18.875 0.075
2431.82123 18.866 0.089
2433.74839 18.849 0.091
2434.82149 18.949 0.083
2436.59600 18.882 0.094
2438.62637 19.057 0.101
2440.60787 18.812 0.078
2442.62486 18.902 0.085
2444.72124 18.880 0.089
2446.68969 18.930 0.079
2453.75290 18.979 0.100
2458.74592 18.852 0.079
2462.73469 18.830 0.066
2463.83533 18.804 0.075
2466.76525 18.962 0.090
2468.48053 18.956 0.110
2470.48356 18.876 0.112
2472.48439 20.096 0.392
2474.48983 19.016 0.154
2482.63434 18.989 0.101
2485.64437 19.029 0.123
2489.71497 18.943 0.076
2492.66039 18.884 0.085
2494.71403 18.832 0.081
2497.51661 18.861 0.082
2499.55258 18.815 0.076
2501.58020 18.817 0.073
2503.50542 19.046 0.279
2511.56052 18.787 0.134
2517.49740 18.850 0.120
2520.68654 19.012 0.098
2526.54079 18.980 0.096
2537.49089 18.926 0.129
2540.50685 19.087 0.138
2546.51732 18.971 0.111
2550.49868 18.962 0.142
2554.57053 18.917 0.094
2558.50709 18.900 0.125
2565.50776 18.922 0.129
2698.90196 18.869 0.112
2711.88495 18.856 0.074
2721.90666 18.879 0.155
2730.90549 18.905 0.077
2743.78198 18.972 0.081
2748.80063 18.844 0.093
2755.79071 18.814 0.068
2759.78575 18.935 0.089
2765.79887 18.864 0.076
2769.78350 18.746 0.059
2782.72177 18.837 0.089
2784.71460 18.856 0.061
2786.60118 18.907 0.130
2788.71353 18.947 0.071
2790.82740 18.899 0.077
2792.58823 18.795 0.116
2794.62164 18.929 0.094
2796.57636 19.008 0.087
2802.59511 18.901 0.111
2808.64272 19.001 0.101
2810.58105 18.914 0.092
2812.58263 18.964 0.087
2813.82645 18.823 0.076
2815.60495 18.877 0.084
2816.67066 18.945 0.075
2817.78513 18.922 0.105
2818.68034 18.888 0.072
2819.77424 18.792 0.080
2821.67230 18.846 0.083
2826.66316 18.982 0.094
2830.79342 19.037 0.194
2835.49040 18.759 0.112
2837.50936 18.618 0.106
2838.73973 18.855 0.080
2840.51051 18.894 0.100
2842.56842 18.815 0.090
2844.62320 18.881 0.073
2848.56270 18.903 0.124
2851.54910 18.909 0.088
2853.55286 18.839 0.079
2854.74845 18.976 0.109
2857.73549 18.938 0.089
2862.51672 18.828 0.130
2864.51866 18.754 0.113
2867.66791 18.922 0.102
2868.52989 18.923 0.081
2871.49582 18.805 0.077
2875.64878 18.930 0.107
2877.66586 19.091 0.099
2882.55573 19.141 0.145
2889.54259 18.864 0.129
2894.59000 18.934 0.109
2898.64573 18.984 0.124
2903.54844 18.924 0.084
2908.60658 18.972 0.130
2912.55237 18.931 0.093
2926.57593 18.924 0.112
3043.87523 18.865 0.097
3044.87000 18.963 0.117
3055.88602 18.873 0.081
3059.81597 18.822 0.085
3064.83281 18.815 0.105
3068.78667 18.822 0.132
3070.86530 18.913 0.114
3073.82135 18.916 0.084
3075.85943 18.984 0.094
3079.90434 19.087 0.118
3082.88557 19.011 0.078
3085.82195 18.946 0.090
3086.89434 18.825 0.077
3088.80950 18.923 0.066
3089.91548 18.782 0.093
3096.88286 18.878 0.109
3098.90274 18.842 0.058
3099.91610 18.885 0.104
3101.75480 18.985 0.115
3103.78771 19.072 0.097
3104.84635 18.940 0.265
3106.85964 19.022 0.110
3108.77966 18.901 0.067
3109.83912 18.922 0.072
3110.84546 18.991 0.085
3112.83076 18.839 0.077
3114.79535 18.881 0.070
3116.88329 18.959 0.086
3122.92134 18.913 0.097
3125.88189 18.908 0.112
3127.82515 18.762 0.079
3128.83128 19.104 0.097
3130.71248 18.760 0.084
3131.67900 19.062 0.147
3135.91059 19.010 0.099
3138.66487 18.971 0.093
3139.89006 18.855 0.077
3140.88966 18.953 0.091
3142.77864 18.898 0.076
3144.79876 18.924 0.081
3146.82623 18.962 0.100
3151.76159 18.829 0.087
3151.91758 19.022 0.098
3152.76653 18.902 0.092
3153.76987 18.976 0.099
3154.83416 18.875 0.112
3156.87494 18.950 0.085
3162.57922 18.834 0.121
3163.76575 18.902 0.086
3164.74802 18.897 0.080
3164.88104 18.996 0.129
3165.72158 18.968 0.069
3167.60789 18.957 0.102
3168.86976 18.939 0.080
3169.73774 18.770 0.075
3170.82267 18.954 0.072
3171.79398 18.872 0.060
3172.76493 18.931 0.076
3173.86293 19.051 0.127
3174.72171 18.836 0.063
3175.73046 18.916 0.071
3177.77093 18.846 0.116
3179.50589 18.851 0.076
3179.89497 18.974 0.103
3180.73278 18.968 0.061
3182.79740 18.873 0.082
3183.77539 18.873 0.088
3184.71341 18.818 0.068
3184.76006 18.932 0.080
3184.79864 18.959 0.095
3184.82752 18.818 0.078
3184.85443 19.032 0.126
3184.88730 19.164 0.177
3185.49917 18.769 0.096
3185.71694 18.945 0.086
3185.76292 18.956 0.088
3185.85495 18.844 0.081
3191.80364 18.909 0.094
3193.54834 18.800 0.065
3194.55997 18.793 0.104
3195.69152 18.900 0.066
3195.81209 18.926 0.077
3196.61297 18.865 0.089
3197.53588 18.888 0.079
3197.84117 19.194 0.138
3199.63487 19.006 0.086
3202.52917 18.859 0.072
3202.81893 19.178 0.129
3203.67074 18.919 0.068
3204.66518 18.754 0.060
3205.52409 18.972 0.072
3206.72941 18.863 0.075
3209.64937 18.884 0.065
3210.64947 18.876 0.078
3211.61839 18.859 0.085
3217.48513 18.991 0.111
3217.66410 18.836 0.098
3218.66239 18.920 0.112
3219.61860 19.160 0.139
3223.66360 19.038 0.119
3224.70895 18.818 0.076
3226.63327 18.887 0.089
3228.61288 18.825 0.074
3229.64536 18.879 0.076
3230.67889 18.963 0.086
3231.58290 18.921 0.076
3232.61936 18.925 0.107
3238.63117 19.050 0.112
3239.71021 18.982 0.109
3240.48332 18.917 0.084
3241.66605 18.777 0.097
3245.56718 18.893 0.128
3246.67289 18.846 0.111
3247.59206 18.932 0.094
3249.53956 18.891 0.085
3250.67051 18.998 0.109
3253.63600 18.882 0.105
3256.64974 18.978 0.118
3260.55949 18.920 0.115
3265.48997 18.994 0.130
3267.54360 18.849 0.085
3272.59908 18.879 0.103
3275.49567 18.773 0.107
3278.61148 19.135 0.128
3282.49100 18.976 0.090
3288.55734 19.058 0.104
3293.52795 19.059 0.069
3294.56094 19.225 0.103
3295.53828 19.107 0.064
3300.52174 18.934 0.119
3315.51054 19.607 0.282
3416.89546 18.950 0.107
3422.88331 18.787 0.070
3426.87434 18.855 0.075
3429.85943 19.019 0.100
3432.89972 18.693 0.065
3442.90225 18.917 0.074
3445.81525 18.918 0.061
3447.86557 18.852 0.080
3449.88243 18.953 0.075
3452.89960 18.876 0.059
3453.77148 18.826 0.095
3455.84209 18.816 0.094
3456.85319 19.021 0.071
3457.77087 18.787 0.077
3458.81444 18.771 0.069
3459.78901 18.920 0.092
3467.89179 18.927 0.071
3469.80146 18.816 0.056
3470.84155 18.912 0.057
3472.77280 18.882 0.064
3473.86777 19.009 0.105
3474.83904 18.858 0.070
3477.77678 18.961 0.081
3478.89107 18.959 0.081
3480.84305 18.831 0.068
3481.84292 18.998 0.059
3483.78735 18.993 0.076
3496.74120 18.785 0.073
3497.80892 18.915 0.089
3498.93016 19.075 0.087
3499.73764 18.898 0.065
3500.74223 18.918 0.070
3501.83297 18.884 0.062
3502.68854 18.822 0.060
3503.70139 19.049 0.073
3504.71573 18.914 0.076
3506.80114 19.045 0.109
3508.79757 19.013 0.086
3509.70100 18.974 0.088
3511.68771 18.824 0.068
3512.75087 18.898 0.081
3517.79705 18.916 0.077
3520.83232 18.877 0.087
3521.65147 18.928 0.063
3522.76099 19.064 0.083
3523.79633 19.006 0.068
3524.78020 18.849 0.086
3525.76369 18.950 0.074
3526.84903 18.838 0.064
3528.56765 18.960 0.095
3529.78850 18.907 0.063
3530.76880 18.887 0.060
3537.76089 18.913 0.076
3538.69040 19.039 0.072
3539.83142 18.929 0.064
3540.66433 19.025 0.081
3544.73854 19.019 0.104
3546.86242 19.164 0.155
3547.82271 19.187 0.138
3549.78733 19.026 0.081
3550.64914 18.814 0.057
3551.65204 18.739 0.042
3552.68593 18.970 0.073
3553.68867 18.818 0.082
3554.67719 18.990 0.105
3555.70736 18.853 0.079
3555.72351 18.965 0.083
3556.73561 18.980 0.100
3558.57146 18.770 0.066
3558.84875 18.891 0.078
3559.66729 18.859 0.080
3560.62046 18.878 0.059
3561.56019 19.009 0.081
3561.82730 19.109 0.107
3562.60486 18.967 0.094
3562.82770 18.883 0.076
3563.65430 18.892 0.064
3564.54793 18.641 0.069
3569.60663 18.817 0.087
3573.67263 18.755 0.082
3573.70218 18.950 0.092
3574.70317 18.996 0.086
3575.64209 18.923 0.067
3575.78723 18.966 0.097
3576.70452 18.921 0.074
3577.75279 19.004 0.085
3578.68948 18.831 0.059
3579.63480 18.882 0.064
3580.67137 18.918 0.076
3581.68776 18.801 0.061
3582.61353 18.931 0.062
3583.65005 18.853 0.069
3584.65881 18.886 0.068
3584.77394 18.936 0.091
3585.65695 18.999 0.063
3586.68131 18.865 0.056
3588.73942 19.239 0.092
3589.70078 18.885 0.061
3590.69683 18.993 0.079
3592.65329 18.993 0.052
3597.62282 19.125 0.117
3601.67319 18.680 0.067
3602.65675 18.819 0.077
3603.65350 18.817 0.072
3607.65196 19.014 0.088
3608.66789 18.805 0.070
3609.52955 18.674 0.057
3615.59521 18.898 0.068
3618.59874 18.886 0.073
3620.56204 18.788 0.058
3628.56407 19.248 0.139
3630.57805 18.970 0.104
3632.60555 18.970 0.120
3634.50892 18.958 0.079
3639.51472 18.914 0.061
3641.56143 19.011 0.129
3644.52628 18.967 0.077
3648.55482 19.180 0.133
3649.50690 18.941 0.093
3651.56777 18.868 0.130
3654.55742 18.853 0.142
3655.53292 18.945 0.085
3657.52610 19.012 0.099
3659.52789 19.252 0.171
3662.53247 19.163 0.151
3665.48986 18.577 0.100
3671.50583 18.979 0.140
3777.83750 18.751 0.098
3782.87352 18.843 0.068
3784.89381 18.644 0.077
3785.83515 18.858 0.091
3788.87718 18.957 0.088
3791.88740 18.931 0.097
3794.86486 19.015 0.076
3796.85362 18.902 0.075
3797.85652 18.877 0.063
3798.90445 18.787 0.085
3801.82809 18.865 0.075
3803.81708 18.845 0.068
3804.86434 18.985 0.076
3805.90487 18.820 0.074
3807.89317 18.819 0.061
3809.80757 18.876 0.067
3811.88611 18.857 0.073
3813.76642 18.693 0.076
3817.90556 18.912 0.083
3819.76704 18.886 0.060
3820.87121 19.010 0.073
3821.88121 18.940 0.074
3822.78026 18.857 0.077
3823.89321 18.904 0.068
3824.88606 18.878 0.080
3826.89057 18.919 0.078
3828.89292 19.006 0.076
3829.87963 18.830 0.067
3832.88282 19.070 0.084
3833.85747 18.900 0.064
3834.89872 18.910 0.070
3835.84214 18.843 0.064
3836.85457 18.881 0.065
3837.83720 19.032 0.096
3838.84110 19.013 0.091
3839.85318 18.968 0.110
3840.84437 18.879 0.073
3841.82320 18.791 0.068
3845.82872 18.915 0.089
3846.83612 18.819 0.061
3848.85165 18.894 0.079
3849.86494 18.837 0.059
3850.80096 19.076 0.092
3851.80734 18.825 0.082
3852.79581 18.810 0.069
3853.78852 18.872 0.055
3856.77734 18.936 0.077
3858.84117 18.804 0.075
3860.83196 18.972 0.114
3861.84633 19.038 0.075
3862.79030 18.910 0.070
3863.73059 18.908 0.067
3864.79114 18.961 0.062
3865.75548 18.979 0.089
3866.78399 18.789 0.058
3867.72082 19.072 0.098
3868.78755 18.868 0.083
3869.77390 18.858 0.090
3873.77474 18.935 0.070
3874.81889 18.964 0.087
3875.73381 18.947 0.060
3877.76338 18.931 0.064
3880.76061 18.943 0.077
3881.76883 18.867 0.058
3882.70684 19.012 0.083
3883.58944 18.828 0.110
3883.59628 18.909 0.102
3883.60536 18.973 0.098
3883.62891 19.063 0.107
3883.69082 18.926 0.066
3883.74834 18.842 0.061
3883.75729 18.865 0.062
3883.79975 18.847 0.077
3883.82597 18.799 0.065
3883.83568 18.894 0.066
3883.84694 18.879 0.065
3883.86625 18.978 0.065
3883.87357 18.988 0.075
3883.87939 18.829 0.072
3883.88506 18.864 0.067
3883.89102 18.919 0.074
3883.89660 18.845 0.061
3883.90232 18.865 0.066
3883.90820 19.016 0.083
3883.91384 18.958 0.082
3883.91943 18.916 0.068
3883.92503 18.845 0.079
3883.93084 18.957 0.085
3883.93363 18.979 0.083
3883.93643 18.941 0.083
3883.93922 18.877 0.074
3883.94200 18.840 0.079
3883.94477 18.960 0.100
3883.94787 19.096 0.145
3884.73281 18.862 0.055
3884.74157 19.029 0.078
3884.74456 18.868 0.069
3884.74763 19.302 0.094
3884.75070 19.046 0.069
3884.75830 19.003 0.061
3884.76477 19.121 0.074
3884.76791 18.897 0.059
3884.77974 18.860 0.060
3886.56103 18.809 0.087
3886.57950 19.177 0.114
3886.59682 18.791 0.070
3886.62317 18.837 0.069
3886.63765 19.004 0.079
3886.66694 19.053 0.073
3886.69329 18.942 0.062
3886.71920 18.885 0.067
3886.73990 18.865 0.073
3886.76296 18.878 0.069
3886.78968 18.971 0.071
3886.83882 18.935 0.068
3886.91068 18.888 0.076
3886.93677 18.905 0.085
3887.56678 18.776 0.082
3887.64214 18.845 0.063
3887.70219 18.968 0.062
3887.74260 18.870 0.070
3887.76892 18.956 0.072
3887.82178 18.781 0.071
3887.87251 18.915 0.081
3888.58208 19.047 0.098
3888.90270 18.965 0.077
3888.91571 18.679 0.072
3888.92264 18.911 0.089
3889.62948 18.772 0.081
3889.86372 18.862 0.065
3890.56329 19.065 0.116
3891.58945 19.029 0.103
3892.86707 18.954 0.090
3893.74900 18.911 0.100
3894.78876 19.024 0.103
3896.74014 18.885 0.097
3900.63988 19.015 0.142
3901.65177 19.117 0.104
3902.66959 18.972 0.081
3903.79892 18.949 0.096
3904.64932 18.987 0.072
3905.65630 19.036 0.067
3906.63794 18.873 0.068
3907.70330 18.931 0.102
3908.63752 18.889 0.058
3909.64190 18.863 0.058
3912.64224 18.994 0.057
3913.63981 18.967 0.060
3914.67301 18.992 0.074
3915.63673 18.875 0.068
3916.71839 18.929 0.085
3917.73123 18.931 0.077
3918.73558 19.030 0.095
3919.66542 18.725 0.090
3920.61758 18.804 0.061
3921.63105 18.798 0.093
3930.69324 18.819 0.074
3931.61243 19.015 0.091
3931.80089 18.857 0.111
3932.63987 18.906 0.059
3933.61957 18.879 0.053
3934.59018 19.051 0.074
3935.66742 18.945 0.084
3936.61901 18.874 0.072
3936.80731 18.927 0.107
3937.73578 18.838 0.092
3937.74464 18.961 0.098
3937.77814 18.933 0.109
3938.46599 18.780 0.129
3938.49189 18.808 0.090
3938.59663 18.930 0.082
3938.64567 19.001 0.094
3938.71642 18.849 0.086
3939.52472 18.963 0.078
3940.57106 18.832 0.069
3940.64398 18.974 0.068
3940.74129 18.985 0.061
3940.80557 19.068 0.083
3941.65519 18.903 0.104
3942.51790 18.790 0.094
3944.49833 18.953 0.077
3944.60548 18.994 0.082
3944.68165 18.832 0.061
3944.77182 18.816 0.082
3945.46656 19.127 0.139
3945.55084 19.059 0.090
3945.63013 18.821 0.073
3945.73556 19.023 0.104
3945.79709 18.931 0.104
3946.47008 18.964 0.122
3946.62374 18.885 0.077
3946.78840 18.940 0.097
3946.79701 19.047 0.097
3950.47333 18.976 0.098
3950.64024 18.911 0.072
3950.77888 19.014 0.093
3951.65657 18.780 0.082
3957.63513 19.053 0.115
3958.68345 18.849 0.089
3959.61371 18.926 0.082
3960.60693 18.813 0.053
3963.57498 18.909 0.069
3964.63821 18.886 0.065
3965.62002 18.881 0.060
3966.61487 18.799 0.060
3967.64128 19.023 0.084
3968.59746 18.935 0.084
3969.60508 18.911 0.069
3970.57501 18.914 0.081
3970.61797 18.916 0.077
3970.70484 18.927 0.072
3971.64798 18.973 0.091
3973.67755 18.858 0.078
3974.61222 18.896 0.069
3975.60760 18.778 0.062
3976.60159 18.836 0.070
3979.62995 18.956 0.182
3982.65884 18.846 0.095
3987.59787 18.997 0.079
3988.63112 18.902 0.061
3990.59899 18.830 0.078
3994.54892 19.042 0.118
3996.52469 18.846 0.101
4000.61029 19.084 0.133
4002.60422 18.864 0.070
4003.55869 18.930 0.062
4005.65452 18.966 0.099
4011.53753 18.688 0.081
4015.56685 18.940 0.120
4017.54457 18.960 0.089
4019.54624 18.761 0.083
4021.54903 18.892 0.108
4024.57851 18.818 0.089
4027.49473 18.969 0.116
4029.53272 18.970 0.106
4150.86671 18.834 0.084
4155.83901 18.908 0.093
4157.89420 18.851 0.082
4159.90431 18.924 0.104
4162.85154 18.884 0.106
4164.89141 18.979 0.084
4166.90739 18.962 0.136
4167.81898 18.845 0.097
4167.84437 18.951 0.097
4167.86879 18.841 0.087
4167.89040 18.938 0.091
4167.91042 18.898 0.107
4168.79385 19.020 0.117
4168.80382 18.863 0.091
4168.83087 18.756 0.090
4168.85320 18.895 0.094
4168.86861 18.821 0.082
4168.88867 18.906 0.085
4168.90996 18.926 0.114
4169.78995 18.933 0.106
4169.81094 19.063 0.108
4169.82608 18.959 0.094
4169.84061 18.879 0.081
4169.86782 18.920 0.077
4169.89378 18.971 0.079
4170.79032 19.024 0.186
4170.81946 18.859 0.090
4170.84674 18.854 0.090
4170.88450 18.959 0.095
4174.78368 18.813 0.096
4174.82640 18.781 0.083
4174.84065 18.952 0.094
4174.89624 18.970 0.090
4174.90847 18.775 0.076
4175.86041 18.915 0.096
4176.82234 18.911 0.080
4176.89274 18.851 0.074
4177.87602 18.962 0.093
4179.77380 18.926 0.088
4180.82053 18.853 0.091
4181.90869 18.839 0.068
4183.78767 18.908 0.079
4184.75631 18.941 0.090
4184.85573 18.913 0.064
4185.83510 18.952 0.095
4190.85346 18.967 0.101
4192.86576 18.917 0.084
4193.87673 18.884 0.087
4194.89830 18.914 0.076
4196.91862 18.911 0.086
4202.86806 18.968 0.074
4203.85621 18.922 0.065
4204.85536 18.918 0.070
4205.85190 18.957 0.072
4207.85552 18.941 0.064
4208.88517 18.942 0.077
4212.93324 18.879 0.130
4213.85325 18.910 0.070
4215.89081 18.891 0.086
4216.81166 19.013 0.089
4217.83396 18.887 0.059
4218.87472 18.849 0.078
4219.91573 18.743 0.099
4220.85314 19.085 0.109
4222.82249 18.880 0.074
4228.81046 18.933 0.117
4229.78929 18.831 0.089
4230.77626 18.963 0.068
4231.79836 18.916 0.073
4232.80659 19.008 0.132
4234.75080 18.863 0.082
4235.77564 18.917 0.072
4237.76399 18.687 0.095
4238.79872 19.084 0.112
4239.85857 18.761 0.114
4243.69322 18.837 0.080
4244.85505 18.912 0.089
4245.84828 18.851 0.073
4246.90304 18.853 0.085
4250.86887 18.878 0.122
4256.71392 18.819 0.105
4258.71146 18.839 0.078
4268.61493 18.872 0.098
4269.65505 18.890 0.076
4272.70567 19.066 0.094
4273.66574 18.915 0.080
4274.64946 18.943 0.091
4275.70633 18.821 0.079
4277.60540 18.888 0.090
4278.67968 18.860 0.094
4283.62502 18.932 0.093
4284.60890 18.968 0.100
4285.61564 18.699 0.089
4286.70454 18.981 0.096
4289.65419 18.880 0.096
4290.68358 19.002 0.124
4290.70555 18.894 0.101
4291.73318 18.965 0.088
4292.59423 18.890 0.074
4293.62172 18.904 0.067
4294.59347 18.878 0.083
4295.62284 18.903 0.072
4296.60229 18.911 0.066
4297.59607 18.861 0.062
4298.70561 18.908 0.081
4299.67259 18.870 0.066
4300.79742 19.081 0.109
4301.47492 18.934 0.097
4302.75402 18.989 0.091
4307.58533 18.841 0.071
4310.73879 19.119 0.194
4312.63484 18.741 0.073
4315.66871 18.859 0.120
4319.62996 18.839 0.084
4320.73136 19.122 0.130
4326.64091 18.985 0.092
4327.66857 18.964 0.119
4328.60962 18.819 0.074
4328.74201 18.803 0.106
4329.60105 18.803 0.090
4330.58313 18.941 0.082
4331.60960 19.008 0.097
4332.60698 18.979 0.088
4333.61005 18.803 0.090
4334.60430 19.131 0.182
4338.64423 18.913 0.103
4339.61325 19.014 0.143
4340.52482 18.795 0.121
4341.61165 18.902 0.114
4342.64789 18.815 0.090
4343.62724 18.904 0.079
4344.67669 18.949 0.100
4345.62705 18.882 0.101
4346.63236 18.938 0.100
4347.64637 18.854 0.079
4349.61817 18.860 0.072
4351.61683 19.031 0.119
4353.63997 18.916 0.137
4357.62826 18.904 0.099
4359.59941 18.834 0.107
4367.59850 18.754 0.112
4370.59750 19.010 0.099
4372.56950 18.912 0.090
4380.57926 19.052 0.096
4515.87471 18.882 0.110
4519.84627 18.856 0.115
4520.83843 18.889 0.116
4522.90202 18.803 0.108
4524.88812 18.911 0.087
4530.87763 19.068 0.080
4534.81929 19.040 0.131
4536.82398 18.826 0.098
4537.91170 19.042 0.120
4538.84238 18.936 0.088
4540.87224 18.909 0.080
4542.89857 18.911 0.078
4543.86001 18.827 0.063
4544.85680 18.848 0.069
4545.87435 18.933 0.089
4546.90529 18.901 0.074
4550.84812 18.889 0.091
4551.90591 18.863 0.082
4552.90288 18.830 0.105
4556.86719 18.948 0.083
4557.89322 18.922 0.067
4558.82831 18.944 0.073
4559.85748 18.889 0.067
4560.85793 18.883 0.060
4561.84681 18.869 0.062
4564.85097 18.898 0.065
4565.83988 18.947 0.059
4566.84194 18.968 0.072
4567.84623 18.809 0.060
4568.87623 18.911 0.080
4569.86213 18.901 0.073
4570.86745 18.833 0.070
4571.83292 18.865 0.073
4572.87071 18.849 0.114
4573.84647 18.861 0.060
4574.84863 18.783 0.080
4575.86031 18.872 0.073
4579.91262 18.980 0.096
4583.82492 18.822 0.091
4586.81292 18.916 0.110
4587.85069 18.983 0.090
4588.73900 18.785 0.070
4589.77276 18.981 0.094
4590.78715 18.911 0.081
4591.76439 18.979 0.078
4592.77653 18.910 0.084
4593.76196 18.838 0.086
4594.79028 18.896 0.073
4595.78081 18.766 0.068
4596.80134 18.911 0.084
4597.79858 18.888 0.076
4598.76791 18.943 0.064
4599.74737 18.984 0.081
4600.75294 18.890 0.060
4601.75755 18.960 0.067
4602.75510 18.970 0.069
4606.77581 18.933 0.070
4610.87800 18.932 0.077
4611.73919 18.934 0.079
4611.92575 18.870 0.091
4616.72800 18.939 0.070
4617.89594 18.919 0.115
4622.70780 18.749 0.093
4623.78761 18.870 0.092
4624.72643 18.867 0.078
4625.70776 18.918 0.103
4626.75504 18.987 0.125
4627.68705 18.893 0.063
4628.67725 18.901 0.069
4629.74294 18.920 0.068
4630.68276 18.973 0.079
4631.70107 18.982 0.065
4632.71568 18.905 0.071
4633.86362 18.877 0.104
4639.80414 18.850 0.115
4640.77967 18.869 0.083
4641.86490 18.949 0.126
4642.70257 18.767 0.067
4643.66866 18.876 0.083
4644.75175 18.932 0.083
4645.67048 18.880 0.077
4646.63815 18.842 0.056
4647.64915 18.963 0.075
4648.65043 18.849 0.069
4648.75987 18.935 0.080
4649.64348 18.847 0.071
4650.67491 19.007 0.087
4651.68577 18.904 0.076
4652.61465 18.815 0.072
4652.67789 18.840 0.077
4652.75871 18.907 0.081
4652.78212 18.855 0.077
4652.81059 18.945 0.090
4653.60852 18.955 0.099
4654.64770 18.975 0.083
4655.61195 18.909 0.074
4656.61512 18.948 0.081
4658.77240 18.915 0.104
4660.72205 18.941 0.115
4661.60456 18.879 0.066
4666.53730 19.082 0.116
4671.66119 18.908 0.076
4672.62070 18.967 0.072
4674.64882 18.953 0.097
4677.67352 18.995 0.114
4681.67682 18.778 0.073
4682.63252 18.916 0.084
4683.63039 18.881 0.091
4684.64893 18.890 0.084
4685.67505 19.048 0.083
4686.74757 18.874 0.085
4687.66308 18.888 0.086
4688.60926 18.872 0.075
4694.69330 18.776 0.101
4697.61456 18.892 0.108
4698.63615 18.901 0.087
4700.63135 18.876 0.099
4701.61428 19.017 0.092
4702.62907 18.855 0.086
4704.69029 18.897 0.096
4708.65070 19.017 0.096
4710.66864 18.888 0.099
4720.58179 18.700 0.083
4721.61639 18.824 0.124
4724.63407 18.900 0.112
4725.65004 18.911 0.154
4726.61028 19.070 0.145
4733.57448 19.043 0.130
4738.53458 18.902 0.103
4741.61665 18.883 0.085
4755.55573 18.926 0.135
4763.49669 18.897 0.131
4876.87098 18.993 0.104
4883.85675 18.774 0.088
4885.89699 18.942 0.105
4888.85125 19.040 0.098
4892.84531 18.924 0.103
4898.81559 18.847 0.094
4901.81844 18.994 0.091
4902.90731 18.892 0.077
4903.86580 18.939 0.080
4905.86221 19.021 0.123
4912.84701 18.860 0.060
4914.89306 19.003 0.082
4924.74311 18.979 0.080
4925.86083 18.913 0.076
4928.75107 18.893 0.082
4930.79514 19.015 0.101
4931.83961 18.922 0.088
4932.84811 18.750 0.070
4933.84303 18.883 0.080
4934.89883 18.784 0.115
4938.82292 18.980 0.123
4940.76441 19.053 0.089
4941.80016 18.893 0.083
4942.74322 18.961 0.072
4944.74556 18.946 0.077
4945.79864 18.890 0.062
4950.85842 18.997 0.079
4952.85194 19.044 0.078
4953.83780 18.747 0.080
4954.80745 18.830 0.068
4955.79884 19.021 0.097
5260.88127 18.883 0.045
5261.81224 18.921 0.048
5262.84981 19.015 0.165
5265.86672 18.863 0.049
5266.81307 18.864 0.051
5267.84030 18.903 0.050
5268.84273 18.934 0.045
5269.80640 18.879 0.040
5270.81208 18.842 0.040
5271.80759 18.882 0.044
5272.81275 18.814 0.053
5273.79776 18.852 0.043
5274.81625 18.886 0.048
5275.80260 19.010 0.058
5276.78076 18.950 0.050
5276.90824 18.810 0.045
5277.81730 18.788 0.067
5278.81287 18.757 0.046
5279.81414 18.842 0.051
5280.82075 18.912 0.043
5281.80067 18.884 0.041
5282.82340 18.899 0.047
5283.78350 18.857 0.059
5283.87482 18.893 0.055
5284.78910 18.843 0.062
5285.77995 18.909 0.067
5285.90993 18.880 0.052
5286.79556 18.928 0.077
5287.84873 18.877 0.047
5288.77411 18.786 0.047
5289.82598 18.814 0.065
5293.85390 18.784 0.041
5294.78803 18.862 0.038
5295.79001 18.809 0.039
5296.83036 18.853 0.034
5297.86502 18.909 0.034
5298.90532 18.934 0.039
5299.88920 18.816 0.034
5301.81634 18.873 0.038
5304.77869 18.873 0.057
5306.77615 18.864 0.047
5307.80148 18.862 0.041
5308.79159 18.897 0.047
5309.83942 18.908 0.046
5311.92358 18.879 0.050
5312.91301 18.859 0.045
5314.67284 18.658 0.077
5314.88746 18.856 0.056
5315.81352 18.833 0.048
5316.77166 18.838 0.085
5319.91314 18.985 0.116
5320.80723 18.832 0.049
5321.75407 18.999 0.063
5322.70949 18.953 0.069
5322.92267 18.885 0.051
5323.86696 18.957 0.053
5324.79712 18.946 0.071
5325.71323 18.838 0.040
5325.91418 18.859 0.051
5326.83916 18.814 0.041
5327.78682 18.926 0.050
5328.68607 18.811 0.043
5328.90956 18.915 0.046
5334.83901 18.998 0.051
5335.80348 18.890 0.042
5336.90010 18.910 0.055
5337.90053 19.145 0.071
5339.65932 18.838 0.062
5339.93469 18.962 0.067
5340.87658 18.843 0.055
5341.80741 18.900 0.049
5342.63533 18.746 0.080
5342.83119 18.808 0.059
5343.65546 18.740 0.060
5343.84862 18.964 0.061
5348.79575 18.926 0.053
5349.67608 18.826 0.055
5350.68449 18.941 0.071
5351.80540 18.847 0.050
5353.77276 18.865 0.041
5354.73979 18.893 0.052
5355.67516 18.885 0.046
5357.67372 18.885 0.051
5358.84213 18.841 0.049
5359.67853 19.010 0.053
5359.90096 18.815 0.068
5362.88340 18.897 0.070
5365.54390 18.964 0.083
5365.87202 18.976 0.076
5369.82904 18.924 0.059
5376.80277 18.775 0.085
5377.73526 18.827 0.047
5378.59709 18.865 0.044
5378.85669 18.810 0.056
5379.77097 18.849 0.045
5380.61601 18.903 0.044
5380.85330 18.707 0.069
5381.72832 18.991 0.081
5382.60364 18.768 0.067
5382.81096 19.002 0.084
5385.81358 18.861 0.040
5386.51649 18.893 0.060
5386.59856 18.869 0.058
5386.68306 18.826 0.047
5386.82788 18.934 0.044
5387.81093 18.958 0.057
5388.76748 18.833 0.045
5389.65513 18.917 0.052
5390.60106 18.808 0.050
5391.50642 18.915 0.067
5391.83592 18.902 0.050
5392.77578 18.857 0.041
5393.75194 18.798 0.070
5396.66572 18.784 0.045
5397.70390 18.823 0.064
5403.48397 18.850 0.048
5403.67656 18.833 0.051
5404.54761 18.824 0.053
5404.74646 18.920 0.060
5405.76020 18.839 0.056
5407.61637 18.886 0.065
5408.53494 18.843 0.070
5408.73698 18.974 0.076
5409.73903 18.924 0.051
5410.74271 18.877 0.051
5411.75620 18.869 0.051
5412.67616 18.921 0.054
5413.74810 18.869 0.047
5414.77115 18.782 0.040
5418.65128 18.935 0.044
5421.67114 18.856 0.046
5423.48781 18.829 0.039
5426.50679 18.967 0.061
5430.57738 18.960 0.067
5431.57262 18.922 0.061
5434.53766 18.849 0.055
5435.50864 18.891 0.062
5436.50720 19.054 0.067
5438.54178 18.906 0.059
5439.60963 18.900 0.063
5443.62393 18.866 0.050
5444.64956 18.880 0.049
5446.53859 18.806 0.043
5447.54877 18.880 0.049
5449.48160 18.968 0.086
5450.55972 18.933 0.065
5453.49822 18.857 0.060
5457.59193 18.785 0.045
5459.48166 18.974 0.061
5460.49822 18.883 0.071
5461.52963 18.924 0.104
5462.56810 18.913 0.057
5465.53924 19.020 0.086
5467.52096 18.879 0.043
5469.51905 18.903 0.044
5470.54327 18.871 0.054
5471.54877 18.857 0.054
5472.49117 18.910 0.065
5472.58583 18.918 0.058
5473.53188 18.916 0.055
5476.53218 18.920 0.077
5478.51108 18.806 0.047
5479.54028 18.893 0.085
5480.53147 18.804 0.055
5481.50042 18.871 0.095
5485.54742 18.821 0.059
5486.53366 18.847 0.066
5487.51679 18.848 0.050
5488.50405 18.817 0.057
5489.49022 18.767 0.089
5490.49031 18.735 0.111
5490.54736 18.940 0.089
5493.51796 19.010 0.109
5495.50727 18.898 0.052
5497.50677 18.867 0.069
5499.50966 19.036 0.093
5504.50220 18.723 0.079
5598.88437 18.676 0.072
5600.88047 18.874 0.056
5616.89910 18.732 0.061
5622.89836 18.945 0.043
5625.83207 18.805 0.041
5627.82540 18.961 0.050
5628.90814 18.837 0.066
5629.83551 18.952 0.056
5631.86418 18.901 0.049
5633.81928 18.881 0.042
5634.81304 18.882 0.049
5637.84932 18.961 0.066
5639.80794 18.867 0.052
5639.88345 18.824 0.048
5640.79040 18.722 0.055
5640.87641 18.811 0.044
5641.78472 18.921 0.050
5641.91002 18.796 0.062
5642.84606 18.803 0.044
5643.77282 18.835 0.049
5643.87086 18.827 0.039
5644.78054 18.790 0.055
5644.89185 18.945 0.051
5648.76242 18.810 0.046
5648.86998 18.814 0.040
5649.76884 18.789 0.045
5649.87523 18.856 0.046
5650.76062 18.887 0.042
5650.86720 18.872 0.043
5651.78124 18.751 0.040
5651.90076 18.782 0.038
5652.82465 18.910 0.040
5653.79144 18.830 0.038
5654.79920 18.874 0.050
5654.88702 18.852 0.042
5655.79523 18.890 0.044
5655.87992 18.827 0.037
5656.83144 18.913 0.036
5657.79187 18.836 0.041
5657.87830 18.869 0.037
5658.78871 18.809 0.053
5658.88431 18.813 0.042
5659.74039 18.951 0.044
5659.81729 18.818 0.046
5659.90801 18.875 0.041
5660.79186 18.831 0.040
5660.90565 18.979 0.056
5662.78285 18.804 0.054
5662.88279 18.864 0.042
5664.74477 18.826 0.072
5664.84944 18.796 0.047
5665.72368 18.903 0.066
5665.83939 18.829 0.039
5665.92641 18.856 0.047
5667.91102 18.908 0.033
5668.91485 18.862 0.055
5669.90465 18.828 0.050
5670.88438 18.844 0.049
5675.76134 18.896 0.049
5676.68761 18.708 0.025
5676.86565 18.852 0.036
5677.80490 18.900 0.049
5679.72677 18.821 0.041
5679.91019 18.915 0.046
5680.80050 18.854 0.050
5681.70194 18.837 0.045
5681.88815 18.830 0.041
5682.78044 18.941 0.041
5683.73541 18.928 0.044
5684.65614 18.901 0.048
5684.87993 18.805 0.042
5685.84708 18.901 0.035
5686.74412 18.804 0.040
5686.93050 18.698 0.046
5687.83459 18.874 0.037
5689.75425 18.825 0.046
5690.75051 18.932 0.072
5691.66341 18.866 0.053
5691.86689 18.933 0.049
5692.76899 18.827 0.041
5692.92370 18.943 0.058
5693.79253 18.843 0.033
5694.61224 18.793 0.053
5694.80122 18.891 0.047
5695.61606 18.835 0.062
5695.84144 18.892 0.042
5696.64695 18.890 0.055
5696.82753 18.847 0.049
5697.66435 18.842 0.044
5697.83184 18.851 0.040
5698.66980 18.884 0.074
5698.83131 18.862 0.058
5703.76477 18.760 0.065
5705.79957 18.713 0.063
5706.74215 18.899 0.071
5707.62985 18.875 0.052
5707.80407 18.837 0.041
5708.61073 18.757 0.064
5708.80654 18.820 0.054
5709.65404 18.763 0.040
5712.71039 18.929 0.046
5712.87939 18.950 0.055
5714.58807 18.978 0.083
5715.65716 18.855 0.042
5715.83598 18.908 0.046
5716.73205 18.940 0.049
5716.89436 18.870 0.069
5721.80674 18.743 0.042
5722.63289 18.819 0.040
5722.83420 18.832 0.044
5723.71152 18.921 0.047
5723.86926 18.888 0.057
5724.75269 18.925 0.056
5725.68640 18.931 0.045
5726.58028 18.902 0.074
5726.75468 18.868 0.050
5734.73954 18.840 0.070
5735.66646 18.784 0.049
5735.86889 18.839 0.056
5736.60753 18.831 0.035
5736.82018 18.865 0.036
5737.61624 18.828 0.040
5737.79293 18.845 0.039
5738.63317 18.893 0.041
5739.53113 18.818 0.052
5739.71660 18.826 0.044
5740.50458 18.901 0.065
5740.71360 18.823 0.049
5740.88445 18.901 0.068
5741.64515 18.900 0.057
5741.82450 18.891 0.047
5742.58042 18.859 0.047
5742.75759 18.856 0.034
5743.63000 18.891 0.061
5743.80701 18.836 0.050
5744.56503 18.811 0.059
5744.78156 18.808 0.046
5745.56158 18.807 0.072
5745.74007 18.786 0.045
5746.58622 18.788 0.041
5746.76813 18.800 0.050
5747.66206 18.972 0.063
5748.63335 18.912 0.041
5749.60590 18.880 0.050
5749.77151 18.889 0.060
5753.55661 18.957 0.134
5759.81033 18.819 0.070
5760.56261 18.778 0.057
5760.75177 18.819 0.044
5762.60757 18.877 0.049
5763.47787 18.799 0.049
5763.66440 18.827 0.041
5764.48232 18.859 0.048
5764.65644 18.839 0.036
5765.52777 18.897 0.056
5765.72380 18.815 0.048
5766.60117 18.865 0.034
5767.47449 18.779 0.073
5767.67337 18.954 0.050
5768.51557 18.932 0.047
5768.71552 18.846 0.037
5769.54187 18.850 0.042
5769.75617 18.938 0.047
5775.62272 18.875 0.060
5776.70551 18.815 0.047
5777.63589 18.898 0.043
5778.54549 18.735 0.064
5779.68560 18.928 0.048
5785.49108 18.815 0.075
5785.69992 18.940 0.070
5786.64455 18.920 0.056
5787.47963 18.784 0.044
5787.67725 18.847 0.050
5788.59801 18.795 0.043
5790.47639 18.855 0.061
5790.65830 18.754 0.047
5793.47779 18.818 0.065
5793.66464 18.867 0.049
5794.57681 18.838 0.051
5795.57009 18.959 0.077
5796.53100 18.920 0.046
5798.67709 18.785 0.066
5801.63759 18.725 0.060
5803.52601 18.952 0.059
5804.62304 18.814 0.046
5805.58497 18.867 0.041
5806.62724 18.840 0.062
5812.52607 18.861 0.092
5813.50638 18.992 0.055
5813.66387 18.947 0.048
5815.64403 18.994 0.056
5816.61570 18.942 0.067
5817.61745 18.835 0.059
5818.59837 18.724 0.059
5819.60605 18.852 0.044
5820.58399 18.838 0.049
5822.54283 18.940 0.068
5822.63149 18.808 0.052
5823.56291 18.933 0.063
5824.48703 18.695 0.057
5824.58403 18.938 0.049
5825.50351 18.882 0.061
5825.59999 18.741 0.045
5826.52425 18.969 0.062
5826.61086 18.791 0.066
5827.54870 18.871 0.065
5827.62875 18.855 0.073
5828.56193 18.957 0.049
5829.48591 18.880 0.072
5829.57260 18.903 0.046
5830.50983 18.880 0.039
5830.58566 18.790 0.046
5831.55766 18.801 0.043
5832.49034 18.869 0.041
5832.58233 18.749 0.050
5833.53898 18.867 0.044
5834.48785 18.858 0.044
5834.57605 18.904 0.047
5835.56914 18.989 0.086
5836.55372 18.758 0.059
5839.50502 18.904 0.067
5839.58049 18.816 0.078
5840.53601 18.897 0.059
5840.62136 18.880 0.071
5841.55467 18.915 0.066
5842.51708 18.782 0.080
5842.60158 18.997 0.101
5842.61266 18.914 0.095
5843.55946 18.873 0.067
5844.50293 18.825 0.058
5844.58326 18.801 0.084
5845.54312 18.841 0.064
5846.50714 18.818 0.079
5847.55987 18.766 0.087
5850.53076 18.815 0.045
5851.49239 18.871 0.056
5851.57031 18.885 0.059
5852.52194 18.905 0.075
5854.51223 18.947 0.074
5855.49632 18.768 0.104
5856.49930 18.861 0.069
5857.51485 18.765 0.091
5859.52198 18.746 0.051
5860.53508 18.710 0.055
5862.50001 18.930 0.064
5866.51536 18.656 0.090
5867.51886 18.930 0.065
5868.51985 19.035 0.135
5869.51078 18.846 0.068
5870.51644 18.796 0.055
5971.86297 18.880 0.049
5976.86995 18.786 0.040
5977.86887 18.881 0.049
5978.87936 18.959 0.046
5979.88385 18.828 0.055
5982.82647 18.873 0.053
5983.83457 18.934 0.053
5984.83115 18.837 0.045
5985.81667 18.886 0.063
5985.89380 18.962 0.052
5986.86978 18.791 0.038
5987.84620 18.837 0.044
5988.83629 18.803 0.053
5989.81713 19.008 0.053
5989.89688 18.920 0.052
5990.86458 18.809 0.045
5991.83908 19.100 0.049
5992.81021 18.802 0.049
5993.79859 18.781 0.069
5993.87628 19.023 0.062
5994.84466 18.805 0.051
5995.79724 18.878 0.051
5995.86990 18.848 0.039
5996.81256 19.024 0.055
5996.89688 18.954 0.040
5997.84464 18.912 0.055
5998.79468 19.135 0.078
5998.88515 18.871 0.045
5999.81743 18.843 0.047
5999.90419 18.902 0.045
6003.90086 18.881 0.055
6004.83559 18.747 0.040
6005.76259 18.884 0.047
6005.85217 18.883 0.048
6006.77588 18.870 0.039
6006.87967 18.848 0.040
6007.78322 18.894 0.043
6007.87836 18.921 0.044
6008.77651 18.879 0.041
6008.87317 18.868 0.042
6009.77819 18.938 0.044
6009.87353 18.842 0.041
6010.76910 18.946 0.052
6010.86812 18.800 0.031
6011.74954 18.885 0.052
6011.87366 18.837 0.055
6012.77253 18.843 0.043
6012.87148 18.921 0.035
6013.76825 18.804 0.043
6013.86857 18.808 0.038
6014.74455 18.914 0.051
6014.84276 18.810 0.041
6014.92210 19.004 0.140
6015.80024 18.838 0.033
6015.88974 18.903 0.036
6016.78126 18.926 0.037
6016.88428 18.970 0.045
6017.76931 18.870 0.036
6017.84691 18.850 0.033
6018.83608 18.896 0.041
6019.73592 18.871 0.057
6019.83308 18.879 0.044
6019.90977 18.849 0.033
6020.76797 18.848 0.041
6020.86293 18.850 0.033
6021.72380 18.822 0.064
6021.80081 18.779 0.039
6021.89775 18.845 0.037
6022.74940 18.982 0.058
6022.82664 18.786 0.051
6022.92573 18.772 0.053
6023.78354 18.875 0.044
6023.86555 18.901 0.041
6024.74083 18.959 0.061
6024.84151 18.919 0.043
6025.71550 18.989 0.084
6025.79581 18.961 0.071
6025.90208 18.779 0.047
6031.79591 18.818 0.043
6032.72551 18.910 0.044
6032.90573 18.903 0.036
6033.85678 18.875 0.036
6036.70116 18.856 0.045
6036.92034 18.834 0.037
6037.88376 18.806 0.046
6038.84561 18.903 0.041
6039.83040 18.899 0.059
6040.80589 18.806 0.042
6041.75668 18.925 0.060
6045.89749 18.887 0.045
6047.72088 18.858 0.043
6047.91442 18.970 0.047
6048.84558 18.875 0.038
6049.76210 18.790 0.032
6050.65901 18.849 0.066
6050.84718 18.870 0.049
6052.65668 18.840 0.061
6052.83184 18.902 0.047
6053.68839 18.851 0.062
6053.87879 18.888 0.058
6058.71884 18.900 0.061
6058.89053 18.865 0.041
6059.77504 18.836 0.035
6060.78111 18.916 0.042
6061.67445 18.765 0.049
6061.85294 18.788 0.043
6062.72329 18.825 0.050
6062.90110 18.910 0.048
6063.88067 18.994 0.051
6064.81915 18.849 0.040
6065.64945 18.771 0.049
6065.82842 18.788 0.039
6066.75257 18.857 0.038
6066.92606 18.856 0.034
6067.72789 18.949 0.041
6067.90545 18.879 0.038
6068.74423 18.836 0.037
6069.70637 18.971 0.040
6069.89528 18.910 0.038
6070.69354 18.827 0.040
6070.87050 18.860 0.045
6071.66936 18.919 0.044
6071.84901 18.894 0.039
6075.64932 18.865 0.044
6075.83273 18.877 0.035
6076.69075 18.886 0.041
6076.87504 18.809 0.047
6077.82097 18.843 0.044
6078.62385 18.832 0.048
6078.80445 18.918 0.036
6079.60167 18.839 0.047
6079.79164 18.855 0.044
6080.57189 18.747 0.055
6080.73655 18.938 0.044
6080.91798 18.907 0.038
6081.68431 18.756 0.043
6081.86742 18.823 0.049
6082.67591 18.752 0.083
6082.87845 18.621 0.086
6085.68544 18.747 0.056
6085.85163 18.914 0.093
6086.62462 18.954 0.051
6086.80992 18.890 0.048
6087.60359 19.015 0.062
6088.57581 18.835 0.044
6089.65629 18.990 0.050
6089.87255 18.842 0.045
6092.76984 18.835 0.039
6093.60644 18.916 0.051
6093.80489 18.801 0.059
6094.65570 18.908 0.048
6094.83029 18.861 0.046
6096.64997 18.901 0.044
6096.84416 18.789 0.048
6097.77839 18.877 0.054
6098.56782 18.962 0.075
6098.75075 18.846 0.043
6099.62971 18.755 0.048
6100.60052 18.976 0.063
6101.55207 18.827 0.050
6101.72970 18.882 0.039
6102.51498 18.833 0.075
6102.69024 18.817 0.038
6102.84795 18.876 0.049
6103.59894 18.876 0.049
6103.80367 18.908 0.043
6104.59533 18.833 0.039
6104.76166 18.789 0.035
6105.70908 18.834 0.048
6108.51901 18.810 0.066
6108.70409 18.879 0.040
6108.86338 18.801 0.043
6109.69436 18.864 0.082
6109.85170 18.955 0.070
6113.65805 18.796 0.054
6113.81336 18.928 0.059
6114.67298 19.000 0.065
6114.83954 18.740 0.054
6115.61150 18.874 0.044
6116.48291 18.863 0.048
6116.66131 18.879 0.039
6116.82733 18.828 0.043
6117.63154 18.943 0.044
6117.79781 18.855 0.042
6118.57340 18.851 0.038
6118.76011 18.923 0.045
6119.53710 18.869 0.054
6119.71325 18.852 0.041
6120.55075 18.987 0.063
6120.74742 18.887 0.041
6121.54081 18.822 0.040
6121.70990 18.942 0.036
6123.57904 18.884 0.047
6123.75523 18.883 0.057
6124.56063 18.884 0.044
6124.76672 19.017 0.053
6125.57371 18.958 0.047
6125.77476 18.944 0.048
6126.60631 18.660 0.043
6127.50729 18.767 0.049
6128.53090 18.823 0.036
6128.76640 18.922 0.052
6131.58843 19.157 0.052
6132.62537 18.800 0.051
6133.56777 18.954 0.050
6133.77411 18.835 0.059
6134.69015 19.081 0.065
6135.67579 18.787 0.048
6136.47954 18.702 0.063
6136.49520 18.716 0.064
6136.56164 19.203 0.108
6136.59221 18.846 0.067
6136.60347 18.942 0.081
6136.61838 18.742 0.065
6136.62290 19.079 0.091
6136.63013 18.736 0.064
6136.65337 18.968 0.067
6136.66252 18.843 0.049
6136.67752 18.786 0.047
6136.69772 18.848 0.042
6136.71429 18.750 0.052
6136.72403 18.778 0.070
6136.75073 18.977 0.076
6136.76375 18.800 0.071
6136.76604 18.673 0.061
6136.76995 18.786 0.067
6136.78207 18.757 0.072
6140.49993 19.080 0.088
6140.64831 18.924 0.071
6140.69238 18.728 0.058
6141.49672 18.949 0.056
6141.66989 18.873 0.051
6142.53635 18.920 0.063
6147.54219 18.854 0.048
6148.48391 18.882 0.036
6148.66657 18.971 0.041
6150.52477 19.049 0.066
6151.52860 18.950 0.070
6151.69102 18.810 0.052
6152.56637 18.966 0.055
6154.51449 18.908 0.051
6157.66353 18.791 0.042
6158.60540 18.895 0.046
6159.50991 18.780 0.060
6160.49150 18.898 0.053
6160.68692 19.024 0.048
6160.69966 18.861 0.043
6161.59581 18.855 0.060
6164.58329 18.977 0.061
6166.64233 18.753 0.054
6167.57681 18.916 0.078
6168.57996 18.847 0.038
6169.58285 18.868 0.044
6171.53664 18.882 0.043
6172.49561 18.855 0.031
6172.67788 18.892 0.059
6174.63549 18.942 0.077
6175.62371 18.919 0.052
6179.61641 18.961 0.076
6180.60372 18.715 0.060
6181.56160 18.881 0.047
6182.56959 18.797 0.040
6183.62055 18.837 0.043
6185.56875 18.844 0.035
6186.57836 19.026 0.057
6190.61584 18.826 0.050
6195.48074 18.841 0.064
6195.57299 18.872 0.049
6196.48345 18.882 0.059
6196.57049 18.770 0.050
6197.48389 19.068 0.091
6197.57188 18.825 0.050
6198.59143 18.897 0.084
6200.61158 18.699 0.071
6202.55201 18.679 0.063
6203.54621 18.949 0.066
6204.49311 18.986 0.062
6204.57642 18.822 0.047
6205.51935 18.946 0.049
6205.59962 18.834 0.044
6208.54027 18.866 0.067
6210.49377 18.878 0.056
6210.57080 18.777 0.042
6211.52075 18.841 0.044
6212.52011 18.888 0.045
6212.58964 18.702 0.042
6213.54926 18.982 0.060
6214.52964 18.936 0.056
6216.52929 18.835 0.050
6217.56195 18.893 0.043
6218.53736 19.192 0.084
6223.51368 18.780 0.069
6224.50069 18.841 0.085
6226.53466 18.893 0.097
6231.53586 18.951 0.108
6234.50992 19.053 0.074
6238.53860 19.060 0.076
6334.89040 18.772 0.059
6335.86782 18.934 0.049
6337.88015 18.988 0.064
6338.85772 18.769 0.057
6339.86418 18.814 0.038
6345.83399 18.794 0.038
6347.84275 18.990 0.056
6348.83672 18.826 0.047
6349.84889 18.873 0.053
6350.84921 18.872 0.053
6351.85244 18.960 0.056
6352.85214 18.826 0.045
6353.82719 19.093 0.057
6354.84306 18.977 0.049
6358.84554 18.898 0.044
6360.83570 18.863 0.035
6361.82132 18.865 0.039
6361.90174 18.856 0.046
6362.84413 18.760 0.038
6363.81306 18.924 0.046
6367.82345 18.858 0.032
6367.91028 18.786 0.044
6368.86161 18.867 0.035
6369.80081 18.827 0.039
6369.89862 18.825 0.036
6370.84385 18.873 0.047
6371.76877 18.812 0.044
6371.85693 18.849 0.033
6372.76166 18.956 0.047
6372.85025 18.830 0.037
6373.77846 18.752 0.045
6373.86717 18.746 0.046
6374.78231 18.777 0.045
6374.87352 18.885 0.042
6375.78141 18.844 0.037
6375.88877 18.854 0.038
6376.79552 18.802 0.038
6376.88688 18.850 0.033
6377.81691 18.878 0.035
6377.89729 18.886 0.031
6378.81249 18.878 0.035
6378.89298 18.888 0.034
6379.78914 18.856 0.056
6379.88019 18.997 0.050
6380.78987 18.838 0.040
6380.89421 18.754 0.036
6381.82102 18.803 0.037
6381.90007 18.849 0.038
6382.80475 18.959 0.051
6382.88462 19.027 0.061
6386.79639 18.838 0.043
6386.80485 18.769 0.038
6386.81044 18.839 0.046
6386.81924 18.959 0.051
6386.82585 18.877 0.045
6386.84329 18.794 0.039
6386.85694 18.966 0.049
6386.86687 18.919 0.050
6386.87511 18.741 0.042
6386.88359 19.029 0.054
6386.89188 18.878 0.048
6386.90127 18.895 0.048
6386.90794 18.785 0.053
6386.91318 18.838 0.061
6386.92167 18.945 0.062
6386.92875 18.949 0.132
6387.70548 18.662 0.052
6387.70856 18.830 0.053
6387.72367 18.900 0.060
6387.74043 18.852 0.042
6387.78103 18.932 0.040
6387.80505 18.935 0.044
6387.88895 18.660 0.039
6387.92378 18.789 0.074
6388.71427 18.815 0.049
6388.77639 18.831 0.036
6388.80471 18.918 0.040
6388.86626 18.883 0.039
6388.91364 18.806 0.041
6389.72438 18.914 0.060
6389.78349 18.790 0.040
6389.88592 18.967 0.044
6390.74583 18.840 0.043
6390.77985 18.803 0.034
6390.87966 18.849 0.039
6391.70425 18.937 0.078
6391.77323 18.694 0.047
6393.74662 18.870 0.046
6393.88635 18.736 0.049
6394.76520 18.787 0.040
6394.84819 18.871 0.050
6395.81135 18.993 0.044
6395.89738 18.953 0.037
6396.75831 18.877 0.034
6396.79829 18.971 0.034
6397.69931 18.945 0.044
6397.74381 18.767 0.032
6397.87459 18.929 0.038
6398.77488 18.782 0.035
6398.80622 18.819 0.039
6399.71253 18.944 0.047
6399.89455 18.920 0.047
6400.68488 18.797 0.053
6400.73674 18.913 0.043
6400.76687 18.808 0.040
6400.88628 18.754 0.038
6401.82138 18.848 0.037
6402.73278 18.803 0.049
6402.90822 18.829 0.062
6403.82211 18.814 0.033
6404.75737 18.752 0.043
6405.82766 18.904 0.055
6406.76180 18.941 0.057
6407.71447 18.854 0.057
6407.88005 18.961 0.052
6408.82488 18.812 0.055
6415.71263 18.841 0.069
6415.90556 18.851 0.042
6416.79206 18.886 0.036
6417.71629 18.849 0.050
6417.89017 18.895 0.044
6418.73866 18.830 0.040
6418.91267 18.857 0.038
6419.78939 18.983 0.053
6420.65468 18.820 0.036
6420.82572 18.879 0.032
6421.83459 19.012 0.047
6422.77608 18.917 0.040
6423.75315 18.661 0.048
6423.93250 19.048 0.054
6424.80747 18.898 0.035
6426.65593 18.878 0.044
6426.89643 18.867 0.039
6427.90021 18.504 0.034
6428.69593 17.332 0.015
6428.88451 17.345 0.014
6431.68499 17.951 0.029
6431.86963 17.984 0.022
6432.70968 17.993 0.022
6432.89164 17.990 0.025
6432.93769 17.998 0.024
6433.69621 18.024 0.024
6434.61700 18.110 0.039
6434.80065 18.229 0.027
6435.64766 18.202 0.027
6435.83326 18.230 0.027
6436.63366 18.270 0.032
6436.82287 18.255 0.028
6437.76669 18.293 0.035
6437.92076 18.377 0.053
6441.70392 18.363 0.040
6441.86087 18.500 0.047
6442.63923 18.425 0.030
6442.82366 18.444 0.026
6443.63469 18.478 0.043
6443.73554 18.454 0.052
6444.71119 18.661 0.046
6444.84325 18.586 0.034
6445.64530 18.522 0.032
6445.85167 18.541 0.039
6446.63340 18.544 0.028
6446.82397 18.559 0.025
6447.60992 18.578 0.034
6447.79388 18.582 0.029
6448.56095 18.620 0.049
6448.73976 18.576 0.033
6448.90547 18.588 0.046
6449.68171 18.664 0.043
6449.86547 18.563 0.033
6450.63392 18.584 0.032
6450.81617 18.681 0.032
6451.58161 18.688 0.053
6451.76848 18.831 0.043
6452.54650 18.776 0.037
6452.76013 18.867 0.037
6454.55438 18.811 0.059
6454.74026 18.947 0.041
6454.90430 18.683 0.039
6455.80612 18.797 0.046
6456.69683 18.851 0.030
6456.90685 18.755 0.035
6457.84621 18.866 0.040
6458.62988 18.754 0.046
6458.81424 18.910 0.037
6459.58315 18.821 0.043
6459.77326 18.868 0.037
6460.59423 18.858 0.048
6460.89131 18.894 0.050
6461.70248 18.900 0.051
6462.59025 19.023 0.083
6462.86033 18.795 0.048
6463.63428 18.877 0.054
6463.82590 18.935 0.045
6464.64257 18.718 0.050
6464.83470 18.947 0.055
6468.62932 18.844 0.061
6469.53016 18.762 0.053
6469.71753 18.722 0.046
6471.63706 18.732 0.050
6472.69811 18.719 0.044
6473.64858 18.754 0.032
6473.83300 18.910 0.046
6474.60030 18.805 0.057
6474.78598 18.859 0.049
6475.56028 18.792 0.063
6475.76195 18.875 0.046
6476.52880 18.877 0.065
6476.71749 18.886 0.044
6477.52221 18.832 0.044
6477.71058 18.807 0.042
6478.56011 18.886 0.059
6479.62228 18.854 0.057
6480.53359 18.882 0.061
6480.72028 18.882 0.052
6481.52852 18.836 0.054
6481.77273 18.779 0.045
6485.50028 18.760 0.045
6485.73217 18.789 0.036
6486.47389 18.852 0.055
6486.67385 18.835 0.043
6487.47209 18.869 0.051
6487.67631 18.935 0.039
6489.51071 18.811 0.048
6489.70698 18.871 0.053
6490.53825 18.792 0.047
6490.72520 18.876 0.039
6491.59004 18.831 0.052
6491.78942 18.859 0.052
6492.61393 18.946 0.046
6492.79471 19.003 0.092
6496.78105 18.890 0.090
6497.72971 18.779 0.055
6498.56015 18.810 0.036
6498.73771 18.853 0.043
6499.57216 18.914 0.045
6500.73421 18.747 0.049
6501.70984 19.029 0.046
6504.72565 18.845 0.045
6505.65288 18.962 0.049
6506.48872 18.892 0.076
6506.76733 18.797 0.068
6508.54278 18.887 0.049
6508.73605 18.840 0.041
6509.64138 18.882 0.033
6510.51692 18.874 0.038
6510.72757 18.901 0.046
6511.67246 18.985 0.052
6514.54145 18.804 0.045
6515.49462 18.822 0.042
6516.48219 18.733 0.059
6518.51750 18.967 0.047
6518.72599 18.829 0.041
6519.68585 18.932 0.045
6523.59366 18.894 0.042
6524.52255 18.847 0.043
6525.52532 18.883 0.061
6526.66702 18.938 0.058
6529.59890 18.940 0.057
6531.58439 18.870 0.043
6533.59604 18.911 0.048
6534.64026 18.809 0.046
6536.53382 18.820 0.038
6536.62169 18.869 0.041
6539.51977 18.844 0.043
6541.51560 18.809 0.045
6543.58645 18.942 0.043
6545.48484 18.786 0.042
6546.49481 18.824 0.067
6551.48807 18.895 0.082
6555.60103 18.921 0.062
6558.56843 18.892 0.042
6559.62060 18.959 0.062
6561.53221 18.715 0.049
6562.62164 18.884 0.044
6563.61832 18.837 0.055
6564.55338 18.753 0.039
6565.52484 18.890 0.058
6565.61512 18.853 0.048
6568.50214 18.921 0.092
6568.59243 18.705 0.049
6569.55027 19.002 0.050
6570.52778 18.733 0.045
6571.53464 18.911 0.059
6572.48620 18.901 0.078
6572.59545 18.855 0.053
6573.54563 18.840 0.047
6577.52719 18.813 0.081
6578.50973 18.982 0.066
6579.57955 18.855 0.071
6581.52096 18.823 0.058
6582.54190 18.832 0.050
6583.52911 18.990 0.082
6584.52549 18.862 0.070
6585.52871 18.808 0.069
6590.52399 18.958 0.065
6590.55612 18.837 0.061
6593.49977 18.799 0.068
6599.50923 18.954 0.082
