2127.52182 18.803 0.131
2130.55443 18.745 0.085
2133.56410 18.695 0.074
2136.68533 18.764 0.085
2141.67533 18.740 0.128
2165.60452 18.205 0.064
2166.50345 18.466 0.077
2172.56565 18.894 0.126
2189.55020 18.583 0.101
2214.53339 18.529 0.128
2337.86234 18.508 0.056
2352.88458 18.824 0.109
2361.87832 18.869 0.088
2373.82921 18.846 0.101
2464.79999 18.682 0.077
2816.69606 18.925 0.094
2852.65132 18.929 0.145
2859.66533 18.533 0.103
3059.88273 18.504 0.056
3064.89401 18.817 0.080
3068.84704 18.764 0.072
3071.89957 18.969 0.092
3073.90873 18.803 0.093
3077.80037 18.571 0.132
3080.84805 18.645 0.070
3083.79500 18.794 0.066
3085.90613 18.864 0.074
3087.84074 18.742 0.073
3089.85753 18.856 0.070
3091.86242 18.750 0.077
3097.84116 19.093 0.098
3099.86715 18.799 0.096
3101.84023 18.591 0.092
3102.86879 18.475 0.068
3104.78440 18.481 0.138
3107.79145 18.660 0.068
3108.82111 18.841 0.074
3110.91092 18.998 0.096
3112.86799 18.668 0.075
3114.86289 18.689 0.077
3116.85055 18.672 0.081
3122.86636 18.884 0.118
3125.92712 18.804 0.107
3126.81995 18.920 0.083
3127.90602 18.924 0.095
3128.89537 18.741 0.093
3130.77287 18.778 0.094
3131.63822 18.650 0.145
3134.90835 18.456 0.161
3135.79321 18.633 0.064
3137.84562 18.796 0.103
3138.73034 18.439 0.059
3140.70207 18.868 0.074
3140.93590 18.759 0.093
3141.76716 18.777 0.065
3142.84147 18.861 0.089
3144.85940 18.855 0.087
3146.92915 18.871 0.081
3151.83470 19.007 0.116
3152.83310 18.647 0.074
3153.83164 18.410 0.071
3154.92653 18.549 0.081
3157.93734 18.816 0.139
3158.72241 18.622 0.085
3162.86946 18.684 0.079
3163.83177 18.743 0.080
3164.81749 18.984 0.102
3165.67370 18.683 0.056
3167.68030 18.813 0.093
3168.83060 18.822 0.077
3169.86063 18.425 0.062
3170.88606 18.679 0.060
3171.73343 18.447 0.051
3173.81779 18.342 0.055
3174.78504 18.773 0.074
3175.86597 18.483 0.064
3177.84162 19.235 0.192
3179.58450 18.704 0.069
3179.88632 18.991 0.115
3180.80288 18.850 0.068
3180.85898 18.667 0.062
3180.88101 18.768 0.068
3180.89619 18.690 0.083
3182.50331 18.676 0.114
3182.59802 18.609 0.084
3182.67912 18.639 0.071
3182.78838 18.726 0.077
3182.86314 18.731 0.074
3183.57103 18.811 0.067
3183.72349 19.052 0.125
3183.81892 19.914 0.363
3184.49165 18.937 0.105
3184.62951 18.687 0.059
3184.77758 18.693 0.072
3185.63240 18.692 0.063
3191.79440 18.902 0.097
3193.62767 18.856 0.078
3194.52737 18.697 0.084
3194.81811 18.640 0.073
3195.75129 18.479 0.051
3196.60414 18.297 0.077
3196.84693 18.381 0.060
3197.79266 18.478 0.063
3199.79290 18.278 0.076
3201.83993 18.463 0.080
3202.78375 18.575 0.062
3203.61283 18.491 0.044
3204.76092 18.507 0.059
3205.69122 18.573 0.055
3210.58845 18.803 0.066
3211.75469 18.730 0.087
3217.73062 18.746 0.097
3218.74159 18.867 0.125
3226.72528 18.678 0.094
3228.69611 18.763 0.091
3229.72686 18.978 0.101
3230.74273 18.988 0.111
3231.67002 18.743 0.091
3238.69456 18.661 0.108
3240.54449 18.767 0.083
3245.65639 19.027 0.119
3247.51848 18.883 0.079
3249.63773 18.561 0.073
3251.53321 18.613 0.094
3254.61474 18.949 0.116
3257.55265 18.836 0.069
3260.61225 18.739 0.116
3265.55109 18.783 0.088
3267.60931 18.525 0.068
3273.50830 18.829 0.139
3277.52772 18.580 0.083
3280.52958 18.983 0.122
3282.59931 18.597 0.056
3289.53343 18.679 0.091
3294.52868 18.666 0.069
3296.52783 18.576 0.079
3302.52498 18.717 0.112
3418.86777 18.722 0.067
3424.85146 18.473 0.080
3427.85336 18.667 0.079
3430.83493 18.730 0.067
3436.88159 18.733 0.089
3443.85270 18.740 0.054
3445.88115 18.705 0.052
3448.78776 18.691 0.080
3450.80511 18.732 0.054
3453.84854 18.778 0.080
3455.91831 18.733 0.092
3458.88378 18.564 0.063
3459.89900 18.635 0.067
3468.88247 18.681 0.060
3469.88515 18.847 0.061
3472.87002 18.553 0.053
3474.80369 18.494 0.059
3476.78031 18.639 0.049
3478.87566 18.628 0.060
3480.89151 18.811 0.079
3483.82614 18.617 0.061
3496.93322 18.601 0.087
3497.90647 18.785 0.085
3500.91549 18.780 0.077
3502.89973 18.542 0.063
3503.88058 18.551 0.051
3506.94002 18.717 0.089
3508.91733 18.636 0.090
3509.90012 18.879 0.071
3511.92367 18.573 0.056
3512.91683 18.813 0.097
3520.67585 18.387 0.055
3521.80657 18.384 0.058
3522.87424 18.553 0.068
3524.86545 18.483 0.068
3527.64873 18.373 0.046
3527.73418 18.638 0.052
3528.89310 18.761 0.089
3530.87138 18.886 0.061
3530.90277 18.799 0.061
3538.86092 18.728 0.071
3541.89505 18.951 0.115
3544.89247 18.740 0.110
3547.85984 18.768 0.086
3550.83667 18.379 0.056
3551.84870 18.538 0.059
3552.84403 18.401 0.061
3554.84705 18.370 0.058
3558.63203 18.505 0.054
3559.64047 18.685 0.057
3560.71679 18.838 0.079
3561.63836 18.806 0.068
3562.67165 18.753 0.073
3563.73612 18.631 0.073
3569.66407 18.665 0.166
3573.79447 18.894 0.110
3574.76667 18.566 0.089
3575.70861 18.628 0.059
3576.77526 18.788 0.096
3578.74971 19.279 0.148
3579.69826 18.724 0.069
3580.75993 19.104 0.169
3581.74778 18.752 0.087
3582.69669 18.837 0.077
3583.71489 18.799 0.086
3584.71888 18.708 0.068
3585.71741 18.862 0.074
3586.77145 18.858 0.067
3590.75717 18.806 0.087
3591.74225 18.451 0.052
3592.71651 18.559 0.052
3602.73370 18.751 0.138
3603.72869 18.769 0.094
3608.70528 18.769 0.073
3615.66297 18.853 0.092
3617.62458 18.734 0.092
3619.62173 18.807 0.084
3621.66338 18.686 0.084
3629.54765 18.606 0.066
3631.57650 18.992 0.121
3634.53225 18.669 0.070
3640.53543 18.884 0.119
3644.61073 18.602 0.074
3649.58665 19.047 0.109
3652.56061 18.548 0.096
3656.55338 18.794 0.107
3660.55757 18.986 0.131
3665.54385 18.697 0.086
3671.49676 18.814 0.139
3778.85032 18.564 0.084
3783.88926 18.770 0.063
3786.87495 18.701 0.112
3792.89437 18.747 0.072
3794.89347 18.538 0.055
3796.88530 19.010 0.091
3797.88493 18.795 0.062
3800.86598 18.728 0.086
3802.81287 18.837 0.076
3803.84552 18.797 0.069
3804.89270 18.858 0.090
3806.90517 18.743 0.067
3808.89013 18.732 0.069
3810.80619 18.530 0.067
3812.79231 18.524 0.075
3814.78326 18.794 0.072
3818.84811 18.960 0.085
3819.90755 18.673 0.053
3820.89981 18.773 0.064
3821.91117 18.697 0.058
3823.90806 18.781 0.065
3824.91808 18.881 0.123
3825.91011 18.639 0.071
3826.90922 18.680 0.070
3827.90931 18.685 0.074
3829.91741 18.807 0.067
3830.88663 18.738 0.062
3832.91154 18.392 0.059
3833.90804 18.494 0.057
3834.82511 18.589 0.050
3835.88440 18.609 0.052
3836.88699 18.599 0.057
3837.86577 18.595 0.057
3838.86992 18.635 0.069
3839.88894 18.653 0.086
3840.87294 18.760 0.069
3841.85633 18.654 0.063
3842.77018 18.671 0.073
3845.86269 18.599 0.163
3846.86459 18.735 0.058
3847.91074 18.718 0.083
3848.88045 18.720 0.089
3849.90939 18.766 0.079
3850.82945 18.768 0.074
3851.83578 18.867 0.096
3852.82788 18.801 0.078
3853.81716 18.758 0.055
3856.80578 18.804 0.074
3860.86121 18.671 0.089
3861.87649 18.624 0.062
3862.82008 18.742 0.071
3863.79787 18.896 0.068
3864.82178 18.725 0.054
3865.78417 18.709 0.071
3866.74984 18.802 0.063
3867.76071 18.650 0.066
3868.75197 18.907 0.100
3869.73452 18.643 0.073
3873.73716 18.410 0.046
3874.78400 18.329 0.058
3875.76728 18.364 0.041
3877.72559 18.498 0.050
3880.79298 18.731 0.064
3881.80089 18.758 0.064
3882.73586 18.774 0.076
3883.78784 18.590 0.066
3886.75118 18.908 0.076
3887.73100 18.830 0.075
3889.89272 18.696 0.066
3891.62434 18.777 0.106
3892.76004 18.722 0.076
3893.79382 18.789 0.097
3894.82780 18.734 0.096
3896.78128 18.983 0.143
3900.67503 18.568 0.088
3901.68052 18.592 0.059
3902.69809 18.597 0.056
3903.84613 18.711 0.065
3904.67786 18.687 0.048
3905.68865 18.757 0.063
3906.66641 18.856 0.083
3907.73244 18.760 0.109
3908.67241 18.802 0.060
3909.67045 18.744 0.051
3912.67453 18.757 0.049
3913.67477 18.675 0.058
3914.73421 18.793 0.068
3915.67164 18.803 0.058
3916.75335 18.638 0.088
3917.77057 18.863 0.100
3918.77084 18.815 0.086
3919.70105 19.060 0.084
3920.65468 18.852 0.090
3921.66318 18.795 0.108
3930.52131 18.642 0.069
3930.72483 18.881 0.095
3931.64099 18.847 0.080
3932.60484 18.842 0.058
3933.65231 18.746 0.056
3934.61876 18.793 0.065
3934.82768 18.721 0.070
3935.59977 18.831 0.074
3936.58482 18.735 0.077
3937.66362 18.781 0.076
3938.62981 18.768 0.080
3940.77386 18.767 0.066
3944.72213 18.850 0.061
3945.66621 18.786 0.068
3946.65699 18.775 0.074
3950.67233 18.572 0.054
3951.69471 18.500 0.064
3959.64400 18.911 0.090
3960.63510 18.808 0.065
3963.64047 18.751 0.067
3964.67666 18.898 0.072
3965.65142 18.917 0.069
3966.64587 18.854 0.070
3967.66934 18.664 0.055
3968.62889 18.816 0.078
3969.63931 18.815 0.078
3970.64609 18.874 0.082
3971.67739 18.743 0.061
3974.64321 18.474 0.059
3975.63575 18.630 0.063
3976.62969 18.560 0.060
3979.66664 18.796 0.132
3986.67824 18.602 0.100
3987.62702 18.858 0.078
3988.66084 18.907 0.094
3989.57726 18.525 0.076
3991.57871 18.636 0.069
3995.52653 18.624 0.071
4001.59684 18.752 0.068
4002.63245 18.830 0.077
4003.58689 18.905 0.076
4011.57021 18.559 0.073
4016.54005 18.756 0.116
4017.57291 18.827 0.084
4019.58104 18.724 0.108
4023.56382 18.799 0.106
4025.51537 18.615 0.078
4027.52311 18.493 0.072
4030.51518 18.699 0.107
4152.88992 18.910 0.162
4155.86980 18.735 0.092
4158.83154 18.745 0.102
4160.89856 18.723 0.127
4162.88231 18.730 0.097
4165.86663 18.752 0.109
4167.85959 18.883 0.106
4169.86200 18.886 0.096
4174.87598 18.459 0.064
4176.85329 18.420 0.063
4177.91022 18.419 0.074
4179.80447 18.485 0.063
4180.87303 18.686 0.106
4182.78140 18.666 0.071
4183.81835 18.752 0.083
4185.79415 18.940 0.102
4190.89215 18.859 0.090
4192.89635 18.817 0.085
4193.90738 18.815 0.087
4196.88698 18.670 0.074
4202.89862 18.712 0.078
4203.88678 18.682 0.065
4204.89358 18.749 0.065
4205.88243 18.776 0.077
4207.90632 18.769 0.073
4208.91580 18.749 0.081
4213.88730 18.852 0.089
4216.84595 18.754 0.076
4217.86884 18.753 0.062
4218.91254 18.829 0.085
4220.89947 18.747 0.120
4222.85946 18.775 0.093
4228.86038 18.810 0.116
4229.82629 18.778 0.077
4230.80696 18.390 0.049
4231.84926 18.447 0.061
4232.87020 18.614 0.107
4234.80764 18.649 0.067
4234.84510 18.731 0.078
4235.82872 18.772 0.072
4237.64561 18.756 0.100
4238.83326 18.752 0.122
4240.62703 18.728 0.118
4243.87962 18.706 0.097
4244.89029 18.802 0.106
4245.92940 18.979 0.101
4246.93370 18.782 0.124
4247.59078 18.583 0.061
4250.91999 18.663 0.119
4256.81834 18.876 0.144
4257.70224 18.939 0.111
4258.80476 18.709 0.101
4268.58579 18.783 0.096
4269.72620 18.748 0.071
4272.64743 18.824 0.086
4273.69485 18.824 0.090
4274.67869 18.790 0.089
4275.73547 18.848 0.101
4277.57635 18.674 0.092
4278.70971 18.787 0.112
4283.65653 18.817 0.090
4284.63794 18.786 0.091
4285.64491 18.724 0.108
4286.73863 18.805 0.109
4289.68844 18.936 0.121
4291.57820 18.930 0.128
4292.62331 18.756 0.070
4293.65171 18.780 0.068
4294.69227 18.978 0.097
4295.65292 18.798 0.069
4296.63575 18.732 0.069
4297.56297 18.801 0.068
4299.76468 18.802 0.074
4300.70081 18.767 0.086
4301.56393 18.787 0.075
4302.79789 18.738 0.102
4306.55494 18.864 0.116
4311.59744 18.646 0.115
4312.66472 18.748 0.073
4317.65179 18.829 0.097
4319.66074 18.657 0.090
4326.66991 18.843 0.089
4327.70554 18.803 0.111
4328.64031 18.806 0.086
4329.63111 18.788 0.109
4330.64494 18.847 0.080
4331.64036 18.769 0.082
4332.69499 18.714 0.086
4333.64414 18.769 0.115
4334.65762 18.780 0.196
4338.67722 18.882 0.139
4339.64716 18.697 0.104
4340.71036 18.877 0.136
4341.69183 18.550 0.114
4342.68828 18.967 0.131
4343.65807 18.781 0.099
4345.65794 18.791 0.122
4346.66311 18.721 0.110
4347.67724 18.758 0.089
4349.65228 18.803 0.088
4350.67685 18.740 0.084
4351.64773 18.753 0.093
4354.65648 18.815 0.106
4357.59450 18.728 0.106
4359.56800 18.726 0.083
4365.61294 18.584 0.107
4368.61248 18.844 0.155
4370.56810 18.743 0.077
4372.60092 18.817 0.102
4377.56164 18.850 0.117
4381.60405 18.807 0.170
4517.89550 18.894 0.141
4520.88763 18.971 0.129
4523.86779 18.844 0.103
4525.86249 18.792 0.126
4532.89069 18.906 0.098
4535.85285 18.738 0.100
4537.80281 18.908 0.090
4539.80762 18.845 0.086
4541.83948 18.715 0.081
4543.82921 18.700 0.071
4544.82605 18.742 0.088
4545.84363 18.740 0.080
4547.81744 18.796 0.087
4547.83714 18.651 0.076
4547.90204 18.751 0.086
4548.79001 18.857 0.131
4548.88075 18.682 0.120
4550.75693 18.776 0.129
4550.81641 18.667 0.098
4551.72938 18.671 0.092
4552.80650 18.702 0.096
4556.89825 18.481 0.051
4557.92424 18.384 0.068
4558.89331 18.396 0.051
4559.88835 18.370 0.058
4560.88852 18.432 0.048
4561.87757 18.536 0.051
4564.88173 18.576 0.055
4565.87132 18.641 0.047
4566.87257 18.707 0.062
4567.87812 18.851 0.068
4568.91031 18.739 0.070
4569.89638 18.790 0.075
4570.90200 18.707 0.080
4571.86358 18.772 0.069
4572.90217 18.727 0.075
4573.87721 18.831 0.058
4574.88571 18.804 0.089
4575.89699 18.755 0.073
4583.86722 18.776 0.079
4585.85094 18.749 0.073
4586.86973 18.814 0.082
4587.88161 18.722 0.101
4588.77185 18.743 0.073
4589.74117 18.706 0.086
4590.82083 18.902 0.083
4591.73365 18.843 0.083
4592.80719 18.774 0.085
4593.79267 18.727 0.074
4594.82099 18.873 0.084
4594.93730 18.812 0.107
4595.81181 18.782 0.078
4596.76744 18.709 0.063
4596.89127 18.729 0.073
4596.92675 18.983 0.085
4597.75045 18.759 0.080
4597.82933 19.060 0.104
4598.64715 18.837 0.071
4598.79883 18.793 0.057
4599.77802 18.901 0.075
4600.80043 18.809 0.059
4601.78901 18.720 0.062
4602.79266 18.676 0.059
4606.85449 18.716 0.081
4611.77005 18.706 0.101
4616.76221 18.780 0.067
4618.66662 18.766 0.081
4622.74537 18.747 0.084
4623.81842 18.918 0.099
4624.75720 18.881 0.101
4625.56975 18.677 0.113
4625.74018 18.729 0.094
4626.80221 18.756 0.081
4627.71944 18.774 0.062
4628.70829 18.807 0.076
4629.77781 18.855 0.076
4630.71698 18.805 0.070
4631.73283 18.801 0.064
4632.76666 18.722 0.071
4633.90209 18.966 0.158
4639.85479 18.744 0.148
4641.89691 18.702 0.122
4642.54266 18.962 0.120
4643.69970 18.704 0.076
4644.78923 18.736 0.075
4645.70183 18.932 0.102
4646.66875 18.885 0.075
4647.69073 18.752 0.082
4649.67521 18.924 0.086
4650.71337 18.934 0.097
4651.71391 18.868 0.092
4652.64649 18.801 0.082
4653.66030 18.792 0.076
4654.67873 18.747 0.076
4655.67939 18.788 0.066
4656.64578 18.913 0.091
4658.80309 18.640 0.114
4661.63547 18.753 0.068
4666.50668 18.799 0.117
4671.69175 18.728 0.075
4672.65157 18.742 0.087
4674.67948 18.712 0.086
4677.72365 18.766 0.095
4681.70759 18.752 0.086
4682.70520 18.806 0.078
4683.66125 18.741 0.090
4684.68001 18.696 0.087
4684.77316 18.938 0.145
4685.70581 18.809 0.086
4687.69405 18.803 0.110
4688.63997 18.723 0.071
4694.72405 18.678 0.127
4697.64881 18.811 0.104
4698.66695 18.825 0.099
4700.66217 18.736 0.084
4701.64549 18.741 0.085
4702.65994 18.808 0.090
4708.68156 18.925 0.108
4715.64264 18.847 0.114
4720.64829 18.799 0.178
4721.65607 18.584 0.117
4722.64632 18.783 0.113
4725.61922 18.963 0.155
4726.64744 18.725 0.130
4733.60851 18.852 0.118
4739.50125 18.530 0.084
4750.55059 18.589 0.120
4757.55744 18.877 0.109
4763.53378 18.805 0.113
4877.87391 18.534 0.069
4883.88779 18.376 0.087
4886.85451 18.951 0.118
4890.82704 18.898 0.096
4894.87801 18.860 0.125
4898.89003 18.764 0.085
4900.85678 18.742 0.085
4901.90841 18.760 0.078
4902.83400 18.878 0.091
4903.89667 18.723 0.075
4904.86216 18.717 0.075
4911.89737 18.785 0.059
4913.91081 18.788 0.077
4924.90541 18.649 0.064
4928.81216 18.992 0.124
4930.74763 19.006 0.128
4931.88974 18.693 0.081
4932.79759 18.896 0.092
4933.74520 18.737 0.106
4934.84345 18.981 0.109
4938.85195 18.668 0.073
4940.79668 18.818 0.082
4941.84849 18.830 0.084
4942.87453 18.703 0.067
4943.73110 18.751 0.068
4944.79600 18.778 0.061
4949.81047 18.722 0.066
4950.71168 18.782 0.077
4951.79441 18.958 0.088
4951.83544 19.054 0.109
4953.73998 18.570 0.062
5260.87825 18.928 0.043
5261.80922 18.943 0.048
5262.84681 18.826 0.113
5265.86364 18.873 0.043
5266.81005 18.820 0.045
5267.83727 18.835 0.044
5268.83970 18.817 0.039
5269.80339 18.893 0.040
5270.80907 18.816 0.038
5271.80389 18.815 0.043
5272.80975 18.819 0.051
5273.79475 18.881 0.048
5274.81322 18.874 0.047
5275.79957 18.935 0.057
5276.77774 18.829 0.048
5276.90522 18.809 0.038
5277.81428 18.767 0.065
5278.80985 18.748 0.044
5279.81112 18.795 0.065
5280.81773 18.710 0.036
5281.79765 18.669 0.033
5282.82037 18.714 0.035
5283.78049 18.667 0.042
5283.87179 18.589 0.031
5284.78608 18.781 0.056
5285.77693 18.652 0.050
5285.90692 18.602 0.037
5286.79253 18.578 0.054
5287.84571 18.772 0.039
5288.77110 18.766 0.051
5289.82297 18.760 0.045
5293.85091 18.880 0.042
5294.75870 19.028 0.047
5294.79578 18.939 0.034
5294.83317 18.979 0.036
5294.86327 18.982 0.032
5294.90429 18.887 0.035
5295.76018 18.941 0.039
5295.79865 18.904 0.040
5295.83661 18.921 0.040
5295.87476 18.864 0.032
5295.91378 18.887 0.038
5296.80377 18.919 0.035
5296.83824 18.834 0.030
5296.87602 18.924 0.031
5297.75708 18.882 0.038
5297.79708 18.890 0.036
5297.83498 18.885 0.034
5297.87301 18.858 0.032
5297.91195 18.870 0.040
5298.79790 18.881 0.038
5298.83565 18.904 0.041
5298.87386 18.908 0.032
5298.91337 18.846 0.036
5299.74473 19.002 0.043
5299.82008 18.742 0.028
5299.85805 18.809 0.032
5299.89849 18.837 0.035
5300.85350 18.869 0.035
5300.89413 18.907 0.040
5301.74918 18.952 0.045
5301.78685 18.953 0.042
5301.82415 18.862 0.039
5301.86240 18.781 0.044
5301.90261 18.751 0.061
5303.91013 18.918 0.053
5304.74716 18.878 0.057
5306.68279 18.852 0.049
5306.71988 18.756 0.036
5306.78422 18.747 0.033
5306.84748 18.712 0.032
5306.88739 18.818 0.033
5306.92540 18.780 0.036
5307.73328 18.719 0.040
5307.79690 18.743 0.030
5307.83490 18.755 0.037
5307.87610 18.739 0.032
5307.91372 18.788 0.037
5308.72573 18.865 0.047
5308.78701 18.779 0.032
5308.82447 18.754 0.035
5308.86485 18.858 0.039
5309.69919 18.921 0.058
5309.79213 18.872 0.037
5309.83464 18.799 0.033
5309.87935 18.832 0.035
5309.91680 18.856 0.037
5310.68415 18.906 0.057
5310.76801 18.917 0.051
5310.83039 18.962 0.039
5310.91415 18.874 0.035
5311.80443 18.974 0.051
5311.86282 18.835 0.040
5311.90765 18.898 0.046
5312.73325 18.944 0.058
5312.77435 18.873 0.055
5312.81348 18.846 0.049
5312.85803 18.832 0.047
5312.89761 18.950 0.050
5313.80703 18.911 0.059
5313.84709 18.951 0.056
5313.88638 18.881 0.058
5313.92390 18.996 0.066
5314.69675 18.978 0.071
5314.73712 18.893 0.060
5314.77711 18.874 0.059
5314.82064 18.900 0.047
5314.87207 18.921 0.058
5314.90946 18.885 0.052
5315.67498 18.880 0.081
5315.71825 19.025 0.087
5315.76025 18.956 0.064
5315.79765 18.920 0.053
5315.83691 18.922 0.069
5315.87855 18.971 0.070
5315.91783 18.781 0.066
5316.71331 18.784 0.065
5316.75640 18.943 0.083
5316.79339 18.864 0.077
5316.83725 18.865 0.075
5319.80938 18.963 0.056
5319.85339 18.896 0.059
5319.89767 18.898 0.077
5320.67300 18.854 0.066
5320.71538 18.937 0.057
5320.75407 18.950 0.061
5320.79175 18.904 0.050
5320.83245 18.755 0.042
5320.87328 18.860 0.050
5320.91278 18.794 0.045
5321.67065 19.029 0.085
5321.73852 18.925 0.049
5321.77827 18.915 0.045
5321.81626 18.894 0.052
5321.85799 18.864 0.044
5321.89535 18.907 0.045
5321.93246 18.893 0.061
5322.82388 18.854 0.043
5322.86646 18.915 0.047
5322.89169 18.844 0.054
5322.93201 18.918 0.050
5323.71613 18.978 0.061
5323.75617 18.859 0.045
5323.79551 18.835 0.040
5323.83748 18.910 0.047
5323.87638 18.894 0.046
5323.91384 18.777 0.049
5324.65494 18.774 0.053
5324.71982 18.782 0.044
5324.75718 18.885 0.046
5324.79564 18.983 0.067
5324.83633 18.954 0.057
5324.87371 18.817 0.046
5324.91436 18.853 0.041
5325.65024 18.941 0.046
5325.71024 18.960 0.045
5325.74821 18.903 0.041
5325.78541 18.955 0.044
5325.82726 19.072 0.048
5325.87236 18.805 0.043
5325.91116 18.833 0.050
5326.62165 19.063 0.094
5326.68530 18.888 0.047
5326.74613 19.021 0.049
5326.78378 18.923 0.033
5326.82346 18.905 0.041
5326.86115 18.940 0.049
5326.89957 18.891 0.044
5327.62525 18.894 0.040
5327.69963 18.945 0.047
5327.77083 18.794 0.041
5327.80982 19.058 0.055
5327.84800 18.956 0.043
5327.88707 18.882 0.045
5327.92491 18.948 0.046
5328.62151 19.043 0.056
5328.72662 18.923 0.042
5328.76529 18.930 0.038
5328.80275 18.936 0.045
5328.84358 18.918 0.044
5328.88132 18.839 0.042
5328.91896 19.005 0.045
5329.71920 18.795 0.044
5334.67032 18.968 0.081
5334.75038 18.961 0.044
5334.80713 19.025 0.047
5334.84856 18.860 0.045
5334.88901 18.809 0.055
5334.92679 18.837 0.054
5335.73213 18.912 0.031
5335.77139 18.978 0.059
5335.81209 18.921 0.043
5335.85054 18.837 0.043
5335.88816 18.864 0.054
5335.92717 18.924 0.050
5336.80546 18.857 0.041
5336.89712 18.864 0.054
5336.93471 18.816 0.056
5337.78151 18.838 0.040
5337.82130 18.979 0.054
5337.85970 18.945 0.063
5337.89752 18.878 0.055
5337.93594 18.918 0.073
5338.77915 18.909 0.064
5338.82178 18.782 0.061
5338.87848 18.775 0.072
5339.65632 18.998 0.072
5339.69427 18.814 0.055
5339.76089 18.794 0.036
5339.85364 18.939 0.063
5339.89374 18.887 0.085
5339.93168 18.850 0.060
5340.64034 18.896 0.084
5340.67970 18.933 0.072
5340.76598 18.950 0.065
5340.82233 18.951 0.076
5340.86097 18.827 0.062
5340.89877 18.839 0.072
5340.93644 19.010 0.076
5341.61087 18.851 0.054
5341.68407 18.894 0.048
5341.79166 18.860 0.045
5341.83013 18.889 0.045
5341.86791 18.812 0.047
5341.90820 18.934 0.051
5342.58240 19.007 0.101
5342.61980 19.003 0.069
5342.65749 18.914 0.063
5342.69488 18.870 0.053
5342.73306 18.979 0.053
5342.77638 18.950 0.067
5342.81558 18.901 0.063
5342.85370 18.934 0.056
5342.89133 18.919 0.062
5342.92921 19.022 0.091
5343.60063 19.024 0.094
5343.63826 18.838 0.068
5343.67592 18.936 0.069
5343.71371 18.868 0.053
5343.75170 19.012 0.057
5343.79240 18.823 0.056
5343.83137 19.003 0.067
5343.88218 18.778 0.062
5343.92005 19.127 0.080
5348.61837 18.799 0.060
5348.71314 18.936 0.070
5348.77866 18.913 0.055
5348.81659 18.914 0.059
5348.86076 18.968 0.051
5348.89906 18.926 0.070
5348.93874 18.768 0.069
5349.61572 19.093 0.096
5349.72658 18.915 0.055
5349.79212 18.817 0.050
5349.82969 18.908 0.066
5350.62951 18.839 0.067
5350.66748 18.998 0.075
5350.70485 18.932 0.057
5350.74578 18.952 0.063
5351.61103 18.833 0.057
5351.67626 18.873 0.045
5351.75942 18.997 0.053
5351.84384 18.882 0.049
5351.90218 18.855 0.057
5352.62487 18.942 0.059
5352.68773 18.974 0.040
5352.77368 18.913 0.050
5352.85640 18.849 0.046
5352.89855 18.931 0.055
5353.57903 18.868 0.049
5353.66185 19.005 0.044
5353.74197 18.891 0.038
5353.79341 18.877 0.039
5353.83114 18.904 0.043
5353.88115 18.901 0.053
5354.59705 18.884 0.048
5354.68687 18.856 0.044
5354.78387 18.865 0.045
5354.84291 18.830 0.045
5354.88310 18.949 0.064
5354.92159 18.962 0.068
5355.62738 18.854 0.048
5355.71172 18.950 0.044
5355.79893 18.937 0.051
5355.83956 18.778 0.048
5355.88487 18.936 0.081
5357.62603 18.822 0.047
5357.71100 18.952 0.044
5357.80357 19.057 0.074
5357.88496 19.102 0.068
5358.68008 18.882 0.042
5358.77318 18.857 0.055
5359.59453 18.955 0.071
5359.63563 18.856 0.049
5359.69053 19.000 0.054
5359.73881 18.947 0.055
5359.78751 18.905 0.046
5359.83156 18.959 0.053
5359.87130 18.924 0.068
5361.63738 18.925 0.070
5361.68339 18.994 0.062
5362.59800 18.867 0.057
5362.69729 18.892 0.044
5362.79915 18.787 0.049
5362.89285 18.843 0.064
5364.53669 19.012 0.075
5364.58113 18.903 0.044
5364.66841 18.825 0.042
5364.76383 18.915 0.051
5364.80498 18.973 0.065
5364.84445 18.734 0.051
5364.88441 18.822 0.057
5365.55395 18.797 0.060
5365.60132 18.776 0.047
5365.69181 18.807 0.038
5365.78650 18.786 0.043
5365.84286 18.745 0.048
5365.88146 18.841 0.063
5368.62884 18.551 0.048
5369.71358 18.391 0.047
5369.75935 18.448 0.044
5369.79802 18.385 0.044
5369.83715 18.500 0.043
5376.64342 18.490 0.046
5376.68434 18.557 0.046
5376.72327 18.539 0.047
5376.76164 18.429 0.039
5376.79979 18.452 0.041
5376.83779 18.449 0.052
5376.87570 18.547 0.073
5377.53253 18.698 0.051
5377.61531 18.622 0.048
5377.68338 18.598 0.036
5377.73228 18.654 0.039
5377.77532 18.630 0.040
5377.81304 18.669 0.042
5377.85124 18.543 0.045
5378.50743 18.624 0.038
5378.59115 18.766 0.035
5378.67974 18.773 0.034
5378.73717 18.812 0.033
5378.77521 18.699 0.032
5378.81371 18.689 0.039
5378.85362 18.812 0.056
5379.49253 18.800 0.055
5379.54292 18.771 0.045
5379.62778 18.741 0.038
5379.71475 18.735 0.038
5379.76800 18.783 0.038
5379.80587 18.862 0.052
5379.84395 18.904 0.068
5380.50396 18.740 0.054
5380.54183 18.808 0.043
5380.60997 18.857 0.046
5380.69704 18.887 0.040
5380.73771 18.785 0.040
5380.77570 18.850 0.043
5380.81381 18.820 0.066
5380.85182 18.877 0.088
5381.55133 18.845 0.050
5381.58882 18.917 0.082
5381.64761 18.806 0.065
5381.68883 18.954 0.062
5381.72684 18.945 0.088
5381.76510 18.984 0.083
5381.81191 19.061 0.085
5381.85004 18.778 0.067
5382.54006 18.835 0.068
5382.58445 18.848 0.067
5382.62738 18.875 0.071
5382.66870 18.909 0.061
5382.70870 18.811 0.057
5382.74672 18.941 0.068
5382.79147 18.863 0.069
5382.83524 18.804 0.076
5384.77655 18.787 0.064
5384.83042 18.946 0.095
5385.48601 18.842 0.050
5385.56783 18.855 0.034
5385.82457 18.838 0.036
5386.47137 18.897 0.053
5386.51232 18.929 0.057
5386.59441 18.913 0.050
5386.67881 18.885 0.052
5386.69340 18.936 0.039
5386.75774 18.900 0.038
5386.79717 18.935 0.041
5386.83912 19.012 0.048
5387.54229 18.817 0.036
5387.70166 18.856 0.035
5387.74007 18.871 0.034
5387.78094 18.894 0.041
5387.82430 18.864 0.045
5388.48187 18.918 0.060
5388.51975 18.881 0.047
5388.60697 18.832 0.034
5388.71428 18.880 0.044
5388.77874 18.828 0.045
5388.82186 18.769 0.050
5389.48092 18.804 0.070
5389.58280 18.921 0.044
5389.68797 18.818 0.039
5389.76995 18.851 0.047
5389.80914 18.917 0.050
5389.84885 18.914 0.067
5390.55224 18.900 0.057
5390.59805 18.822 0.051
5390.68362 18.818 0.058
5390.73374 18.865 0.040
5390.77159 18.937 0.040
5390.80932 18.860 0.044
5391.50341 18.849 0.064
5391.54329 19.083 0.090
5391.58069 18.893 0.045
5391.68997 18.822 0.040
5391.79519 18.934 0.053
5391.83291 18.993 0.057
5392.48054 18.823 0.059
5392.51842 18.810 0.048
5392.55840 18.835 0.048
5392.66483 18.823 0.044
5392.77277 18.820 0.043
5392.81045 18.881 0.046
5393.62584 18.819 0.059
5393.66530 18.741 0.055
5393.70364 18.852 0.060
5393.74395 19.044 0.087
5393.78714 18.902 0.064
5393.82489 18.760 0.067
5395.81959 18.812 0.058
5396.53925 18.839 0.079
5396.61444 18.874 0.052
5396.67674 18.865 0.046
5396.71132 18.802 0.042
5396.78392 18.918 0.046
5397.58911 18.923 0.087
5397.63894 18.946 0.086
5397.67716 18.927 0.070
5397.75945 19.008 0.082
5403.46859 18.942 0.061
5403.50605 18.821 0.044
5403.54329 18.772 0.045
5403.58119 18.781 0.045
5403.62248 18.832 0.048
5403.66107 18.957 0.052
5403.69886 18.907 0.051
5403.73969 18.791 0.051
5403.77763 18.850 0.077
5404.48139 18.878 0.048
5404.51927 18.879 0.049
5404.55706 18.887 0.053
5404.59546 18.973 0.064
5404.63807 18.968 0.053
5404.67763 18.769 0.048
5404.71652 18.971 0.060
5404.75603 18.910 0.053
5405.61518 18.980 0.076
5405.65446 18.787 0.055
5405.69439 19.004 0.062
5405.73214 18.839 0.058
5405.76964 18.756 0.045
5407.46912 18.854 0.079
5407.50893 18.857 0.055
5407.54698 18.914 0.058
5407.58557 18.824 0.065
5407.62598 18.858 0.066
5407.66428 18.835 0.064
5407.70320 18.987 0.070
5407.74127 18.894 0.058
5407.77912 18.943 0.070
5408.53345 18.944 0.072
5408.58081 18.781 0.053
5408.62107 18.816 0.052
5408.65885 18.884 0.062
5408.69756 18.853 0.057
5408.73548 18.878 0.060
5408.77316 18.826 0.075
5409.48339 18.855 0.047
5409.52464 18.822 0.045
5409.63052 18.869 0.037
5409.73753 18.878 0.047
5409.77530 18.929 0.057
5410.48760 18.834 0.051
5410.52575 18.853 0.048
5410.63405 18.828 0.045
5410.74121 18.834 0.053
5410.77966 18.859 0.049
5411.50219 18.903 0.044
5411.56261 18.858 0.033
5411.67075 18.891 0.034
5411.75471 18.836 0.049
5412.52586 18.860 0.053
5412.56424 18.749 0.055
5412.60429 18.911 0.057
5412.64250 18.866 0.058
5412.68572 18.851 0.048
5412.75993 18.956 0.071
5413.50550 18.796 0.044
5413.58947 18.860 0.041
5413.69734 18.841 0.039
5413.75771 18.925 0.056
5414.48593 18.843 0.040
5414.52371 18.869 0.036
5414.63346 18.855 0.032
5414.74428 18.825 0.040
5416.60258 18.746 0.057
5416.64851 18.764 0.047
5416.71133 18.809 0.052
5418.56710 18.930 0.039
5418.61134 18.826 0.039
5418.66636 18.893 0.042
5418.71298 18.892 0.043
5421.51990 18.795 0.045
5421.57924 18.925 0.044
5421.62530 18.953 0.058
5421.66812 18.794 0.047
5421.71387 18.834 0.046
5422.50304 18.834 0.048
5422.54714 18.837 0.036
5422.67101 18.836 0.036
5423.48481 18.827 0.035
5423.52670 18.825 0.036
5423.63145 18.830 0.045
5425.49374 18.778 0.042
5425.53490 18.830 0.040
5426.50217 18.865 0.080
5426.54122 18.789 0.061
5426.69245 19.013 0.112
5430.48809 18.912 0.064
5430.52796 18.853 0.052
5430.57277 18.986 0.069
5430.61196 18.931 0.054
5430.64999 18.853 0.056
5431.48913 18.936 0.058
5431.52859 18.867 0.052
5431.56791 18.808 0.054
5431.60942 18.939 0.056
5431.64702 18.954 0.066
5431.68796 18.852 0.073
5432.62497 18.826 0.064
5432.66786 18.856 0.074
5433.64261 18.794 0.075
5433.68790 18.915 0.069
5434.51978 19.002 0.066
5434.56411 18.794 0.049
5434.60709 18.880 0.050
5434.64957 18.895 0.050
5434.69192 18.866 0.055
5435.49131 18.787 0.052
5435.53426 18.867 0.050
5435.60094 18.903 0.048
5435.65450 18.820 0.043
5435.69515 19.003 0.055
5436.48905 18.898 0.050
5436.58794 18.807 0.052
5436.70222 18.917 0.056
5437.54348 18.836 0.039
5437.67452 18.896 0.048
5438.52437 18.870 0.061
5438.58967 18.916 0.056
5438.66411 18.869 0.041
5438.70172 18.915 0.045
5439.53852 18.848 0.062
5439.57994 18.897 0.059
5439.61773 18.868 0.060
5439.65574 18.864 0.051
5443.51020 18.509 0.041
5443.54815 18.503 0.042
5443.59418 18.612 0.073
5443.63190 18.564 0.045
5443.67557 18.506 0.036
5444.50522 18.515 0.037
5444.55674 18.485 0.035
5444.60840 18.575 0.038
5444.64649 18.510 0.033
5445.47994 18.640 0.036
5445.57781 18.586 0.035
5445.65392 18.642 0.034
5446.48436 18.838 0.048
5446.53549 18.713 0.039
5446.57596 18.862 0.052
5446.61466 18.738 0.036
5446.65451 18.777 0.038
5447.50309 18.783 0.033
5447.54567 18.765 0.043
5447.60957 18.744 0.038
5448.47688 18.755 0.063
5448.52169 18.834 0.050
5448.57578 18.944 0.056
5449.47806 18.958 0.075
5449.51640 18.893 0.058
5449.54740 18.952 0.053
5449.63100 18.836 0.047
5450.51916 18.881 0.069
5450.55667 18.961 0.066
5450.60533 18.831 0.057
5450.64523 18.903 0.068
5453.47936 18.754 0.085
5453.57908 18.899 0.051
5457.49756 18.954 0.040
5457.55542 18.885 0.038
5457.60267 18.988 0.052
5458.48793 18.963 0.065
5458.54409 18.920 0.084
5458.58704 18.953 0.056
5459.50555 18.883 0.067
5459.55310 18.904 0.048
5459.60219 18.884 0.045
5460.49357 18.859 0.069
5460.53955 19.106 0.107
5460.58883 19.116 0.129
5461.50030 18.734 0.069
5461.54994 18.588 0.070
5461.59229 18.888 0.063
5462.48145 18.864 0.076
5462.56161 18.814 0.051
5463.51429 18.872 0.052
5463.58864 18.927 0.056
5464.50646 18.887 0.053
5464.54846 18.740 0.053
5465.51157 18.832 0.060
5467.48474 18.946 0.066
5468.55427 18.890 0.069
5469.60908 18.789 0.045
5471.51898 18.929 0.063
5471.58741 18.878 0.047
5472.55311 18.944 0.062
5473.50276 18.766 0.060
5476.49398 18.828 0.055
5477.54097 18.857 0.057
5479.51016 18.799 0.060
5480.50540 18.785 0.056
5480.56912 18.744 0.049
5481.54163 18.958 0.110
5485.52189 18.946 0.063
5486.50831 18.826 0.063
5487.48807 18.747 0.053
5487.55171 18.922 0.055
5488.54165 18.823 0.050
5489.52979 18.903 0.077
5492.52986 18.936 0.088
5494.53507 18.780 0.070
5495.53897 18.863 0.057
5497.53649 18.894 0.058
5502.50494 18.873 0.066
5596.88300 18.968 0.094
5598.86658 18.721 0.043
5599.88228 18.785 0.053
5600.87289 18.775 0.042
5602.86580 18.953 0.080
5604.87399 18.922 0.063
5605.87209 18.793 0.038
5606.86981 18.865 0.050
5607.87413 18.815 0.047
5608.86902 18.887 0.067
5611.85343 18.855 0.083
5612.86865 18.905 0.060
5614.85410 18.959 0.061
5615.86240 18.872 0.049
5620.84350 18.833 0.055
5621.84632 18.774 0.040
5622.88386 18.821 0.033
5624.83899 18.858 0.041
5625.81814 18.794 0.052
5626.81397 18.765 0.092
5627.84239 18.831 0.043
5628.85312 18.924 0.045
5629.82132 18.819 0.053
5630.79875 18.955 0.057
5631.82599 18.885 0.077
5632.83379 18.875 0.046
5633.79102 18.769 0.041
5634.84588 18.781 0.048
5635.85443 18.913 0.064
5637.81433 18.995 0.101
5638.79322 18.927 0.068
5639.79236 18.906 0.058
5639.86791 18.939 0.045
5640.75719 18.913 0.087
5640.80005 18.922 0.061
5640.83847 18.801 0.060
5640.88704 18.998 0.050
5641.75339 18.774 0.054
5641.79393 18.862 0.052
5641.87350 18.811 0.045
5642.75971 18.974 0.069
5642.79525 18.810 0.045
5642.85426 18.861 0.051
5642.87555 18.901 0.055
5642.91762 18.944 0.108
5643.76977 18.809 0.055
5643.80805 18.905 0.054
5643.86780 18.930 0.044
5643.90903 18.991 0.055
5644.77750 18.895 0.068
5644.81821 18.779 0.063
5644.88878 18.893 0.052
5647.85410 18.840 0.069
5647.87432 18.853 0.069
5647.90867 18.926 0.094
5648.75937 18.868 0.051
5648.82479 18.858 0.040
5648.86693 18.860 0.040
5648.91234 18.765 0.054
5649.76579 18.988 0.052
5649.80777 18.813 0.036
5649.87219 18.946 0.041
5649.91052 18.886 0.045
5650.75758 18.876 0.042
5650.82012 18.894 0.038
5650.86416 18.918 0.042
5650.91305 18.956 0.048
5651.77820 18.916 0.044
5651.82124 18.874 0.043
5651.89761 18.934 0.045
5652.75827 18.875 0.040
5652.82157 18.873 0.034
5652.86347 18.903 0.038
5653.78688 18.874 0.036
5653.91731 18.794 0.035
5654.83832 18.907 0.045
5654.88247 18.930 0.043
5655.74053 18.885 0.049
5655.77963 18.924 0.048
5655.81757 18.904 0.046
5655.85848 18.890 0.040
5655.90874 18.874 0.041
5656.80003 18.837 0.041
5656.84090 18.779 0.031
5656.92754 18.853 0.083
5657.78882 18.797 0.035
5657.82978 18.897 0.034
5657.87526 18.965 0.038
5657.91965 18.837 0.042
5658.78567 18.842 0.053
5658.84269 18.917 0.043
5658.88113 18.932 0.053
5658.92222 18.797 0.065
5659.73734 18.859 0.038
5659.77496 18.921 0.044
5659.81425 18.876 0.046
5659.85707 18.927 0.059
5659.90471 18.979 0.043
5660.74125 18.977 0.047
5660.78577 18.876 0.048
5660.82747 18.888 0.041
5660.89911 18.871 0.048
5662.73635 18.952 0.055
5662.77677 18.884 0.055
5662.83783 18.801 0.046
5662.87652 18.846 0.041
5662.91790 18.969 0.046
5664.73775 18.967 0.079
5664.78313 18.924 0.055
5664.84330 18.880 0.052
5664.88352 18.938 0.068
5664.92618 18.890 0.065
5665.75020 18.854 0.054
5665.79590 18.960 0.046
5665.86011 18.769 0.039
5665.90778 18.823 0.038
5667.73539 18.887 0.046
5667.74696 18.700 0.038
5667.78800 18.755 0.038
5667.83973 18.715 0.035
5667.89424 18.718 0.032
5668.72180 18.691 0.050
5668.77893 18.738 0.047
5668.84544 18.788 0.051
5668.90042 18.732 0.054
5669.74088 18.714 0.048
5669.78899 18.525 0.032
5669.83802 18.473 0.028
5669.88983 18.551 0.035
5670.72300 18.414 0.036
5670.76346 18.439 0.034
5670.82667 18.332 0.036
5670.86753 18.381 0.028
5670.90893 18.371 0.032
5671.74492 18.337 0.032
5675.70877 18.453 0.032
5675.74723 18.461 0.034
5675.78510 18.445 0.032
5675.82592 18.478 0.036
5675.89535 18.563 0.040
5676.67328 18.608 0.027
5676.71178 18.719 0.023
5676.75092 18.529 0.022
5676.79053 18.473 0.029
5676.85509 18.486 0.028
5676.90116 18.508 0.025
5677.70266 18.501 0.034
5677.74804 18.516 0.027
5677.78940 18.494 0.032
5677.83956 18.516 0.034
5677.89192 18.502 0.026
5679.67054 18.702 0.047
5679.71117 18.679 0.035
5679.75259 18.732 0.036
5679.80469 18.752 0.043
5679.85574 18.686 0.033
5679.89604 18.660 0.033
5680.65814 18.862 0.063
5680.69716 18.719 0.055
5680.73589 18.801 0.046
5680.78538 18.775 0.046
5680.83828 18.702 0.035
5680.88220 18.752 0.034
5680.92247 18.621 0.038
5681.68763 18.803 0.047
5681.72579 18.849 0.044
5681.76555 18.846 0.040
5681.82818 18.818 0.040
5681.87284 18.781 0.047
5681.91280 18.771 0.039
5682.67483 18.900 0.053
5682.71667 18.894 0.046
5682.76427 18.817 0.038
5682.81605 18.860 0.042
5682.89627 18.841 0.041
5682.93526 18.859 0.067
5683.69740 18.791 0.039
5683.76810 18.818 0.039
5683.81659 18.837 0.033
5683.87736 18.810 0.036
5683.91920 18.928 0.040
5684.67954 18.924 0.044
5684.72990 18.902 0.042
5684.78077 18.855 0.040
5684.83288 18.808 0.039
5684.89143 18.765 0.037
5684.93169 18.887 0.060
5685.76721 18.822 0.034
5685.80617 18.880 0.032
5685.85846 18.871 0.032
5685.90251 18.980 0.039
5686.65493 18.807 0.056
5686.71689 18.868 0.038
5686.76227 18.992 0.039
5686.81312 18.842 0.034
5686.86332 18.928 0.056
5686.90259 18.895 0.053
5687.65627 18.980 0.068
5687.70054 18.982 0.070
5687.75239 18.792 0.041
5687.79439 18.860 0.041
5687.84665 18.865 0.040
5688.87015 19.035 0.046
5688.92715 18.906 0.063
5689.77396 18.897 0.039
5689.81392 18.962 0.035
5690.64204 18.735 0.046
5690.69222 18.784 0.039
5690.74899 19.177 0.081
5690.79350 19.004 0.052
5690.83973 19.010 0.071
5690.90565 18.736 0.060
5691.66042 19.014 0.056
5691.73135 18.885 0.040
5691.77440 18.876 0.046
5691.82390 18.879 0.042
5691.86388 18.929 0.047
5691.93170 19.144 0.098
5692.66330 18.986 0.060
5692.71875 18.930 0.046
5692.76599 18.770 0.036
5692.80577 18.828 0.044
5692.84470 18.874 0.040
5692.88312 18.826 0.046
5692.92071 18.946 0.054
5693.63376 18.893 0.053
5693.68232 18.947 0.041
5693.75176 18.980 0.040
5693.78953 18.831 0.032
5693.82878 18.901 0.038
5693.86640 18.942 0.045
5693.90433 18.745 0.042
5694.61526 18.802 0.052
5694.64583 18.977 0.059
5694.68375 18.746 0.040
5694.75001 18.793 0.041
5694.79820 18.757 0.037
5694.83701 18.792 0.036
5694.87435 18.748 0.044
5694.91202 18.839 0.048
5695.61911 18.836 0.058
5695.65752 18.733 0.047
5695.73846 18.787 0.051
5695.79419 18.740 0.033
5695.83846 18.775 0.035
5695.87643 18.766 0.035
5695.91398 18.729 0.035
5696.61066 18.740 0.061
5696.64395 18.758 0.050
5696.69353 18.799 0.048
5696.74110 18.796 0.040
5696.78060 18.847 0.048
5696.82454 18.861 0.042
5696.86597 18.779 0.045
5696.92448 18.708 0.043
5697.61397 18.779 0.058
5697.66135 18.881 0.047
5697.70891 18.842 0.044
5697.74758 18.873 0.049
5697.78979 18.841 0.042
5697.82885 18.805 0.037
5697.86913 18.835 0.044
5697.91112 18.870 0.046
5698.60653 18.801 0.078
5698.64388 18.869 0.071
5698.69456 18.713 0.055
5698.73456 18.833 0.058
5698.77272 18.789 0.059
5698.81504 18.854 0.049
5698.85335 18.955 0.054
5698.89326 18.940 0.073
5698.93771 19.021 0.102
5703.68423 18.873 0.076
5703.71540 18.910 0.086
5703.76306 18.847 0.064
5703.83290 18.873 0.072
5705.71109 18.895 0.069
5705.75341 18.952 0.065
5705.79784 18.997 0.086
5705.85517 18.981 0.061
5705.90186 18.892 0.074
5706.64489 19.112 0.096
5706.74042 18.913 0.072
5706.79215 19.003 0.067
5706.85788 18.925 0.071
5707.59019 18.984 0.059
5707.62834 18.999 0.057
5707.68487 18.889 0.048
5707.72301 18.907 0.055
5707.76219 18.899 0.040
5707.80259 18.907 0.042
5707.84201 18.812 0.037
5707.88177 18.807 0.052
5707.92872 18.828 0.061
5708.60774 18.859 0.052
5708.66375 18.834 0.046
5708.71415 18.802 0.049
5708.75227 18.921 0.056
5708.80310 18.862 0.056
5708.84675 18.930 0.074
5708.89773 19.116 0.113
5709.58293 18.820 0.056
5709.63589 18.970 0.060
5709.79148 18.790 0.041
5711.69433 18.959 0.051
5712.59558 19.044 0.086
5712.67030 18.887 0.045
5712.68291 18.922 0.046
5712.72204 18.852 0.039
5712.76370 18.869 0.035
5712.80459 18.921 0.041
5712.84401 18.766 0.040
5712.91972 18.960 0.067
5713.77267 18.917 0.037
5713.81935 18.980 0.045
5713.85994 18.685 0.041
5714.59972 18.721 0.064
5714.61415 18.954 0.062
5714.69041 18.704 0.039
5715.56849 18.692 0.040
5715.61986 18.907 0.043
5715.67189 18.977 0.041
5715.71371 18.913 0.041
5715.76330 18.935 0.043
5715.80490 18.875 0.038
5715.84708 18.877 0.043
5715.90333 18.886 0.060
5716.59011 18.724 0.062
5716.60278 18.935 0.057
5716.61749 18.829 0.052
5716.63012 18.840 0.050
5716.69053 18.906 0.054
5716.74396 18.826 0.038
5716.78764 19.002 0.048
5716.82674 18.732 0.044
5716.86750 18.814 0.050
5716.91458 18.886 0.067
5721.63287 18.972 0.054
5721.71115 18.718 0.044
5721.77948 18.877 0.043
5721.81865 18.971 0.049
5721.87072 19.077 0.064
5721.91186 18.854 0.080
5722.60419 18.870 0.053
5722.61779 18.869 0.045
5722.65860 19.026 0.047
5722.67219 18.883 0.041
5722.71336 19.068 0.051
5722.77840 18.857 0.039
5722.81794 18.976 0.052
5723.56043 18.915 0.061
5723.60845 19.080 0.054
5723.65587 18.899 0.050
5723.69651 18.922 0.050
5723.73755 18.838 0.040
5723.77598 18.908 0.046
5723.81497 18.824 0.036
5723.85464 18.842 0.048
5724.55529 18.971 0.108
5724.55801 19.061 0.108
5724.62411 19.085 0.082
5724.63661 19.000 0.078
5724.67469 18.885 0.055
5724.68875 18.995 0.062
5724.73769 18.928 0.051
5724.78625 19.039 0.062
5724.82695 18.886 0.052
5725.57789 18.848 0.041
5725.59134 18.982 0.043
5725.60480 18.939 0.043
5725.64540 18.830 0.045
5725.65968 18.925 0.044
5725.71214 18.861 0.036
5725.75180 18.868 0.041
5725.79156 18.907 0.046
5726.55577 18.924 0.071
5726.60062 18.768 0.058
5726.63848 18.931 0.056
5726.68598 18.849 0.044
5726.72702 18.933 0.102
5726.76633 18.859 0.082
5726.81124 18.985 0.067
5734.65990 18.958 0.084
5734.70281 18.840 0.078
5734.75098 19.013 0.085
5734.79412 18.869 0.057
5734.84283 18.901 0.074
5734.88749 18.873 0.081
5735.67794 18.962 0.071
5735.74273 18.890 0.049
5735.78952 18.759 0.044
5735.83593 18.825 0.053
5735.88057 19.042 0.084
5736.53867 18.903 0.050
5736.57665 18.859 0.047
5736.61881 18.940 0.035
5736.66244 18.765 0.030
5736.70412 18.885 0.032
5736.78418 18.784 0.033
5736.83121 18.879 0.038
5736.87935 18.854 0.050
5737.52189 18.932 0.060
5737.55998 18.752 0.039
5737.61327 18.789 0.034
5737.65583 18.906 0.039
5737.70995 18.906 0.035
5737.75077 18.846 0.034
5737.78991 18.822 0.038
5737.83704 18.857 0.040
5737.87789 18.932 0.049
5738.58937 18.889 0.044
5738.63018 18.881 0.038
5738.69745 18.932 0.037
5738.73697 18.869 0.036
5739.50291 18.948 0.070
5739.52815 18.877 0.052
5739.56641 19.032 0.063
5739.60700 18.814 0.044
5739.65571 18.892 0.038
5739.71364 18.866 0.045
5739.75201 18.901 0.040
5739.79077 18.808 0.042
5739.84561 18.929 0.051
5740.49851 18.766 0.068
5740.54605 18.867 0.066
5740.58714 18.924 0.066
5740.64695 18.897 0.048
5740.71061 18.857 0.044
5740.75014 18.790 0.039
5740.79500 18.765 0.041
5740.88146 18.798 0.061
5741.52090 18.955 0.057
5741.56014 18.921 0.049
5741.60432 18.850 0.041
5741.64217 18.922 0.049
5741.70324 18.839 0.044
5741.74230 18.886 0.041
5741.78325 18.810 0.037
5741.82151 18.976 0.048
5741.85949 18.870 0.039
5742.49241 18.753 0.063
5742.53507 18.942 0.054
5742.57743 18.816 0.044
5742.61541 18.787 0.037
5742.67719 18.783 0.034
5742.71602 18.835 0.035
5742.75457 18.821 0.032
5742.79283 18.814 0.035
5742.83084 18.881 0.036
5742.87111 19.047 0.053
5743.62700 18.857 0.054
5743.66677 18.877 0.045
5743.72777 18.830 0.050
5743.76595 18.792 0.047
5743.80401 18.901 0.053
5743.84162 18.773 0.058
5743.87955 18.785 0.073
5744.52366 18.999 0.078
5744.56204 18.965 0.066
5744.60021 18.928 0.063
5744.64869 18.820 0.038
5744.72702 18.754 0.041
5744.77703 18.736 0.037
5744.81875 18.746 0.044
5744.86393 18.875 0.068
5745.55858 18.900 0.051
5745.59933 18.831 0.062
5745.63848 18.811 0.045
5745.69903 18.735 0.034
5745.73706 18.753 0.040
5745.77524 18.844 0.049
5745.81315 18.765 0.050
5745.86620 18.838 0.066
5746.56985 18.729 0.053
5746.60960 18.973 0.051
5746.65031 18.978 0.052
5746.71630 18.775 0.046
5746.75409 18.905 0.054
5746.79646 18.729 0.054
5746.84220 18.925 0.067
5747.61270 18.909 0.072
5747.65754 18.851 0.053
5747.70282 18.852 0.061
5747.74655 18.887 0.065
5747.81288 18.872 0.075
5748.63036 18.910 0.042
5748.68773 18.843 0.056
5749.52556 18.745 0.069
5749.56352 18.796 0.048
5749.60289 18.761 0.043
5749.65221 18.775 0.049
5749.69186 18.848 0.059
5749.73014 18.902 0.056
5749.76853 18.778 0.051
5749.80781 18.781 0.058
5752.56993 18.843 0.079
5753.49917 18.832 0.153
5753.60372 18.747 0.063
5753.76804 18.867 0.091
5759.83091 18.784 0.069
5760.53242 18.805 0.059
5760.58501 18.905 0.055
5760.64122 18.777 0.052
5760.68460 18.912 0.053
5760.73586 18.946 0.055
5760.77413 18.811 0.048
5761.54847 18.754 0.027
5762.51181 18.722 0.044
5762.55010 18.749 0.044
5762.59176 18.733 0.038
5762.63012 18.849 0.053
5762.66987 18.870 0.050
5762.70609 18.875 0.055
5762.74796 18.729 0.066
5762.76747 18.840 0.075
5763.50213 18.841 0.045
5763.54613 18.738 0.031
5763.58777 18.810 0.034
5763.64468 18.923 0.046
5763.68653 18.983 0.058
5763.73411 18.822 0.052
5763.77207 18.815 0.061
5763.81093 18.945 0.070
5764.50997 18.794 0.040
5764.54980 18.830 0.040
5764.59039 18.939 0.043
5764.63860 18.868 0.046
5764.68762 18.861 0.039
5764.73324 18.871 0.038
5765.46895 18.772 0.049
5765.50896 18.922 0.051
5765.55186 18.851 0.041
5765.61589 18.824 0.035
5765.66089 18.875 0.041
5765.70511 18.773 0.041
5765.75102 18.959 0.057
5766.48134 18.787 0.047
5766.52026 18.863 0.044
5766.58469 18.846 0.041
5766.62454 18.779 0.035
5766.66525 18.944 0.039
5766.70645 18.875 0.043
5766.75013 18.828 0.049
5767.49850 18.913 0.063
5767.54409 18.946 0.054
5767.58743 18.926 0.046
5767.65534 18.759 0.042
5767.71128 18.843 0.047
5767.75202 18.860 0.062
5767.79360 18.749 0.057
5768.48818 18.689 0.040
5768.52804 18.832 0.041
5768.58856 18.820 0.037
5768.63540 18.716 0.033
5768.68002 18.831 0.036
5768.72693 18.892 0.038
5768.76770 18.713 0.040
5769.47238 18.849 0.054
5769.51182 18.886 0.046
5769.56577 18.803 0.038
5769.62357 18.743 0.039
5769.67672 18.867 0.039
5769.72564 18.732 0.041
5769.76784 18.815 0.047
5770.66880 18.872 0.055
5770.75276 18.837 0.050
5775.59508 18.928 0.065
5775.63783 18.983 0.065
5776.53895 19.084 0.090
5776.60617 19.101 0.076
5776.64721 18.942 0.055
5776.72187 18.940 0.076
5777.47873 18.905 0.048
5777.52324 18.835 0.036
5777.57529 18.829 0.037
5777.65570 18.780 0.035
5777.70580 18.838 0.036
5777.77061 18.932 0.049
5778.50347 19.076 0.083
5778.55991 18.830 0.057
5778.60823 18.993 0.069
5779.59828 18.719 0.039
5779.64221 18.728 0.036
5779.69674 18.728 0.042
5779.74132 18.840 0.045
5784.51576 18.479 0.054
5784.60166 18.530 0.042
5784.71899 18.621 0.074
5785.51857 18.618 0.054
5785.57893 18.372 0.042
5785.62547 18.393 0.043
5785.66781 18.505 0.042
5785.70968 18.478 0.048
5786.49204 18.449 0.057
5786.56907 18.415 0.046
5786.61350 18.432 0.044
5786.65613 18.415 0.041
5786.71147 18.588 0.047
5787.47664 18.527 0.042
5787.54777 18.443 0.031
5787.58987 18.423 0.029
5787.63530 18.411 0.027
5787.67424 18.422 0.035
5787.71993 18.414 0.038
5788.49178 18.428 0.038
5788.55544 18.521 0.043
5788.59501 18.411 0.033
5788.63580 18.455 0.038
5788.67656 18.597 0.048
5788.72032 18.579 0.056
5790.47339 18.634 0.055
5790.52083 18.484 0.041
5790.57293 18.494 0.043
5790.61463 18.406 0.041
5790.65532 18.497 0.037
5790.69550 18.494 0.036
5790.73371 18.496 0.040
5791.51159 18.601 0.044
5791.61361 18.470 0.033
5793.51488 18.738 0.040
5793.56800 18.641 0.041
5793.61028 18.643 0.038
5793.64884 18.718 0.047
5793.68782 18.725 0.045
5793.73204 18.564 0.051
5794.50655 18.562 0.043
5794.57380 18.702 0.042
5794.61493 18.929 0.059
5794.65684 19.026 0.060
5794.70368 18.724 0.040
5795.56710 18.969 0.075
5795.62848 18.971 0.066
5795.71021 18.911 0.056
5796.47671 18.861 0.050
5796.52798 18.986 0.050
5796.59666 18.801 0.047
5796.63561 18.956 0.047
5796.67693 18.860 0.055
5796.71892 18.863 0.081
5799.49139 18.908 0.058
5801.53186 18.748 0.053
5801.57112 18.705 0.046
5801.60924 18.611 0.047
5801.65050 18.714 0.045
5801.69056 18.818 0.056
5802.56221 18.736 0.051
5802.64196 18.895 0.063
5803.53585 18.891 0.055
5804.47911 18.947 0.049
5804.54326 18.832 0.049
5804.58374 18.754 0.042
5804.62153 18.817 0.043
5804.66078 18.742 0.057
5805.49072 18.869 0.034
5805.54398 18.946 0.045
5805.58197 18.784 0.038
5805.62533 18.835 0.047
5805.68106 18.721 0.056
5806.53929 18.910 0.061
5806.62422 18.787 0.049
5807.57912 18.911 0.068
5807.62172 18.859 0.050
5807.65949 18.743 0.064
5812.52308 18.936 0.079
5812.56324 18.877 0.075
5812.60391 18.730 0.060
5812.64504 18.924 0.073
5813.47445 18.861 0.078
5813.53634 18.906 0.052
5813.57655 18.884 0.044
5813.61442 18.848 0.042
5813.65226 18.816 0.047
5815.51759 18.825 0.043
5815.55600 18.751 0.039
5815.60325 18.872 0.044
5815.64101 18.703 0.036
5816.47785 18.954 0.057
5816.53619 18.798 0.051
5816.57436 18.745 0.049
5816.61271 18.824 0.056
5817.48059 18.764 0.042
5817.53743 18.632 0.036
5817.57537 18.830 0.056
5817.61444 18.743 0.055
5817.65518 18.712 0.060
5818.51889 18.829 0.053
5818.55697 18.669 0.046
5818.59533 18.850 0.060
5818.63702 18.879 0.076
5819.51848 18.945 0.046
5819.56532 18.786 0.049
5819.60302 18.748 0.045
5819.64289 18.786 0.048
5820.49619 18.882 0.084
5820.54329 18.910 0.054
5820.58098 18.819 0.049
5820.61886 18.911 0.061
5820.65515 18.921 0.075
5822.53829 18.878 0.061
5822.58327 18.993 0.057
5822.62693 19.080 0.070
5823.51499 19.100 0.097
5823.55834 19.060 0.079
5823.60195 19.002 0.063
5824.48243 18.879 0.076
5824.53891 18.762 0.041
5824.57947 18.869 0.047
5824.61942 18.712 0.049
5825.49896 18.898 0.065
5825.55693 18.899 0.053
5825.59542 18.834 0.047
5826.47982 18.690 0.064
5826.51969 18.834 0.061
5826.56719 18.823 0.053
5826.60633 18.977 0.076
5827.50616 18.738 0.070
5827.54414 18.746 0.063
5827.58662 18.876 0.064
5827.62418 18.978 0.072
5828.51939 18.827 0.044
5828.55737 18.856 0.043
5828.59493 18.836 0.048
5829.48130 18.865 0.078
5829.53033 18.729 0.041
5829.56802 18.858 0.040
5829.60629 18.855 0.044
5830.50525 18.803 0.040
5830.54340 18.791 0.038
5830.58109 18.750 0.048
5831.48356 18.827 0.047
5831.54210 18.741 0.044
5831.57954 18.837 0.044
5831.61523 18.877 0.062
5832.52553 18.935 0.044
5832.56513 18.793 0.046
5832.60339 18.922 0.063
5833.52341 18.769 0.038
5833.56297 18.729 0.038
5833.60090 18.755 0.049
5834.52262 18.802 0.038
5834.56036 18.914 0.045
5834.59652 18.598 0.036
5835.54378 19.082 0.082
5836.50619 19.005 0.080
5836.53940 18.881 0.066
5836.57125 19.013 0.084
5839.49969 18.874 0.080
5839.53815 18.867 0.085
5839.57593 18.934 0.089
5840.48092 18.788 0.113
5840.52995 18.861 0.057
5840.58240 18.942 0.057
5841.48342 18.692 0.096
5841.52414 18.779 0.068
5841.56745 18.663 0.054
5841.60347 18.551 0.051
5842.52542 18.808 0.083
5842.57415 18.865 0.076
5843.48343 18.801 0.084
5843.52715 18.734 0.053
5843.56764 18.782 0.064
5843.60866 18.837 0.074
5844.51206 18.679 0.049
5844.55099 18.901 0.065
5844.59057 18.875 0.094
5845.51150 18.715 0.059
5845.55196 18.789 0.064
5845.59220 18.729 0.078
5846.51515 18.905 0.085
5846.55392 18.547 0.060
5847.54211 18.527 0.072
5850.52619 18.741 0.044
5850.56463 18.725 0.043
5851.51518 18.844 0.052
5851.55294 18.845 0.052
5852.50374 19.162 0.102
5852.54627 19.038 0.084
5854.50767 19.203 0.098
5854.54864 18.790 0.065
5855.49024 19.068 0.160
5855.53542 18.891 0.067
5856.49170 18.848 0.093
5856.53996 18.849 0.078
5857.50897 18.728 0.077
5858.50990 19.010 0.109
5859.50639 18.867 0.074
5859.54236 18.753 0.065
5860.52187 18.623 0.053
5862.52305 18.788 0.058
5866.50624 19.122 0.128
5866.53156 18.983 0.133
5867.50941 18.944 0.065
5868.50891 19.099 0.088
5869.50169 19.054 0.094
5870.50631 18.927 0.057
5872.50546 18.915 0.073
5873.50665 18.847 0.072
5875.50149 18.761 0.124
5970.87416 18.812 0.052
5971.87552 18.826 0.044
5972.89038 18.850 0.053
5976.87959 18.696 0.037
5977.84068 18.751 0.049
5977.87709 18.722 0.044
5978.84281 18.744 0.049
5978.88738 18.617 0.038
5979.84083 18.834 0.063
5979.87930 18.640 0.059
5980.86069 18.441 0.042
5982.82192 18.435 0.049
5982.86526 18.448 0.042
5983.82663 18.413 0.039
5983.85698 18.438 0.027
5983.90464 18.428 0.037
5984.83918 18.462 0.031
5984.88649 18.525 0.028
5985.82480 18.394 0.040
5985.86141 18.556 0.035
5986.81898 18.624 0.046
5986.83946 18.524 0.036
5986.88739 18.500 0.029
5987.81768 18.717 0.059
5987.85423 18.591 0.035
5987.90420 18.829 0.055
5988.83329 18.765 0.052
5988.88059 18.855 0.037
5989.81080 18.790 0.052
5989.84089 18.731 0.046
5989.88271 18.811 0.052
5990.80914 18.759 0.067
5990.84689 18.769 0.042
5990.88832 18.818 0.039
5991.82197 18.780 0.045
5991.86235 19.029 0.047
5992.81626 18.770 0.048
5992.83896 18.897 0.045
5992.88102 18.820 0.036
5993.80682 18.996 0.075
5993.84601 18.961 0.059
5993.88913 18.804 0.043
5994.80833 18.867 0.057
5994.84009 18.867 0.045
5994.89100 18.915 0.047
5995.80026 18.880 0.047
5995.81978 18.908 0.046
5995.86538 19.004 0.045
5995.90355 18.785 0.044
5996.80799 18.983 0.053
5996.84557 18.931 0.043
5996.89231 18.840 0.033
5997.80140 18.962 0.059
5997.88773 19.004 0.047
5998.78829 18.810 0.057
5998.81628 18.901 0.047
5998.86786 19.006 0.047
5998.90558 18.839 0.038
5999.80014 18.901 0.054
5999.84871 18.880 0.045
5999.88691 18.851 0.042
6002.90828 18.997 0.077
6003.86512 18.701 0.047
6004.76562 18.842 0.062
6004.79780 18.781 0.048
6004.85567 18.759 0.041
6004.89329 18.806 0.036
6005.76106 18.777 0.047
6005.80211 18.851 0.045
6005.85067 18.801 0.041
6005.90745 18.854 0.031
6006.77282 18.778 0.039
6006.82567 18.864 0.034
6006.87661 18.877 0.040
6006.91430 18.923 0.044
6007.77865 18.859 0.040
6007.82556 18.897 0.039
6007.87380 18.870 0.039
6007.91142 18.818 0.035
6008.77040 18.789 0.046
6008.81776 18.784 0.040
6008.86704 18.881 0.042
6008.90452 18.916 0.047
6009.76404 18.847 0.045
6009.80647 18.829 0.036
6009.85489 18.882 0.037
6009.89228 18.762 0.033
6010.74766 18.933 0.055
6010.77623 18.784 0.038
6010.82519 18.960 0.042
6010.87442 18.819 0.029
6010.91268 18.759 0.030
6011.76232 18.740 0.046
6011.82280 18.780 0.051
6011.88025 18.924 0.054
6011.91842 18.851 0.061
6012.76641 18.826 0.045
6012.80709 18.741 0.034
6012.86542 18.689 0.028
6012.90328 18.804 0.026
6013.76222 18.816 0.043
6013.80100 18.848 0.037
6013.86247 18.782 0.037
6013.90372 18.830 0.035
6014.73844 18.890 0.051
6014.77731 18.862 0.039
6014.83668 18.841 0.043
6014.87611 18.974 0.052
6014.91577 18.994 0.064
6015.75527 18.854 0.038
6015.79413 18.901 0.033
6015.83258 18.822 0.030
6015.88279 18.957 0.035
6015.92417 18.947 0.080
6016.73174 18.947 0.044
6016.74823 18.850 0.037
6016.76556 18.801 0.034
6016.78801 18.968 0.041
6016.80590 18.855 0.036
6016.82810 18.874 0.034
6016.86864 18.842 0.032
6016.89144 18.868 0.032
6016.90904 18.895 0.031
6017.74087 18.886 0.039
6017.77901 18.836 0.032
6017.81729 18.808 0.029
6017.87575 18.854 0.029
6017.91628 18.876 0.033
6018.76737 18.850 0.050
6018.80623 18.975 0.063
6018.84614 18.825 0.032
6018.91145 18.824 0.028
6019.74293 18.989 0.064
6019.78233 18.830 0.042
6019.83957 18.835 0.035
6019.87738 18.894 0.029
6019.91731 18.892 0.035
6020.72641 18.825 0.046
6020.76493 18.830 0.040
6020.82107 18.870 0.033
6020.85989 18.943 0.033
6020.89950 18.967 0.053
6021.71580 19.005 0.092
6021.74769 18.796 0.047
6021.78668 18.810 0.043
6021.82534 18.882 0.034
6021.88371 18.917 0.038
6021.92413 18.902 0.052
6022.73524 18.805 0.047
6022.77350 18.849 0.039
6022.81176 18.897 0.038
6022.86925 18.782 0.037
6022.91150 18.941 0.046
6023.72925 18.842 0.055
6023.76915 18.803 0.039
6023.80975 18.835 0.042
6023.84988 18.810 0.039
6023.91438 18.943 0.045
6024.72276 18.834 0.058
6024.76373 18.906 0.058
6024.82430 18.820 0.038
6024.86486 18.728 0.035
6024.91513 18.750 0.045
6025.71246 19.038 0.085
6025.75294 18.924 0.064
6025.79276 18.806 0.057
6025.84599 18.724 0.051
6025.89826 18.758 0.045
6026.72649 18.670 0.103
6029.84336 18.840 0.049
6031.76593 18.966 0.056
6031.80537 18.772 0.038
6031.84633 18.872 0.041
6031.88712 18.999 0.065
6032.72227 18.870 0.043
6032.77012 18.836 0.036
6032.81855 18.933 0.040
6032.85888 18.787 0.038
6032.90264 18.886 0.035
6033.69432 18.848 0.057
6033.74105 18.725 0.045
6033.78266 18.782 0.047
6033.85370 18.903 0.036
6033.89528 18.804 0.040
6034.69016 18.729 0.041
6034.73683 18.935 0.041
6034.78258 18.846 0.031
6034.83670 18.947 0.041
6034.92494 18.758 0.044
6035.86873 18.761 0.037
6035.93324 18.839 0.082
6036.72726 18.900 0.037
6036.77127 18.753 0.031
6036.84763 18.784 0.027
6036.90208 18.872 0.037
6037.71314 18.681 0.048
6037.75375 18.799 0.049
6037.79745 18.793 0.039
6037.86857 18.807 0.032
6037.90907 18.789 0.047
6038.72205 18.619 0.045
6038.76365 18.783 0.045
6038.82889 18.717 0.032
6038.87399 18.656 0.030
6038.92461 18.716 0.039
6039.74515 18.953 0.075
6039.79139 18.674 0.045
6039.85155 18.767 0.039
6039.89597 18.950 0.044
6039.93423 18.868 0.076
6040.76246 18.889 0.056
6040.80438 18.724 0.039
6040.86744 18.800 0.040
6040.90860 18.810 0.040
6041.71043 18.896 0.057
6041.75518 19.004 0.067
6041.79937 18.837 0.040
6041.86114 18.989 0.041
6041.90146 18.765 0.035
6045.89599 18.813 0.036
6045.93363 18.987 0.061
6046.90722 18.776 0.037
6047.68024 18.853 0.054
6047.71939 18.713 0.040
6047.75889 18.702 0.031
6047.79846 18.851 0.036
6047.87159 18.873 0.044
6047.91292 18.731 0.039
6048.69668 18.792 0.040
6048.73697 18.815 0.038
6048.79804 18.802 0.036
6048.84251 18.855 0.036
6048.88578 18.773 0.035
6048.92687 18.872 0.039
6049.70535 18.895 0.042
6049.75900 18.877 0.032
6049.81760 18.791 0.029
6049.85826 18.765 0.035
6049.89941 18.729 0.034
6050.65752 18.915 0.069
6050.69470 18.954 0.060
6050.73381 18.895 0.048
6050.80417 18.724 0.037
6050.84407 18.761 0.041
6050.88294 18.724 0.039
6050.92167 18.858 0.048
6051.66384 18.899 0.056
6051.75317 18.865 0.038
6052.67908 18.873 0.061
6052.72702 18.948 0.054
6052.77522 18.875 0.045
6052.81431 18.952 0.050
6052.85526 18.889 0.043
6052.89405 18.787 0.039
6052.93259 18.800 0.045
6053.67070 18.724 0.055
6053.71074 18.883 0.053
6053.75822 18.775 0.040
6053.80613 18.875 0.039
6053.86151 18.809 0.041
6053.90247 18.807 0.048
6054.86568 18.750 0.040
6054.89883 18.816 0.047
6057.87757 18.918 0.046
6057.92556 18.741 0.052
6058.67735 18.638 0.060
6058.71736 18.832 0.050
6058.75670 18.876 0.041
6058.80075 18.863 0.040
6058.84740 18.729 0.041
6058.88903 18.765 0.037
6058.92752 18.907 0.055
6059.69487 18.613 0.040
6059.73350 18.825 0.046
6059.77195 18.754 0.036
6059.83210 18.697 0.032
6059.87092 18.783 0.034
6059.90980 18.670 0.033
6060.77757 18.861 0.040
6061.67136 18.753 0.049
6061.71025 18.765 0.048
6061.76032 18.791 0.034
6061.81087 18.739 0.039
6061.84978 18.784 0.038
6061.88803 18.994 0.057
6061.92659 18.739 0.044
6062.66592 18.876 0.051
6062.70876 18.868 0.052
6062.74778 18.836 0.051
6062.79739 18.889 0.047
6062.84857 18.956 0.045
6062.88687 18.903 0.043
6062.92486 18.895 0.051
6063.77661 18.984 0.066
6063.81772 18.874 0.049
6063.86631 18.781 0.052
6063.91355 19.073 0.053
6064.66419 18.836 0.042
6064.74033 18.890 0.032
6064.80205 18.852 0.032
6064.84378 18.956 0.040
6064.88627 18.941 0.045
6064.92472 18.957 0.049
6065.63522 18.968 0.052
6065.67336 18.999 0.046
6065.71186 18.932 0.038
6065.77260 18.847 0.033
6065.81399 18.966 0.048
6065.86111 18.940 0.044
6066.63767 18.970 0.051
6066.67561 18.753 0.036
6066.71363 18.913 0.039
6066.76403 18.835 0.030
6066.81805 18.849 0.039
6066.85866 18.958 0.043
6066.89888 18.989 0.042
6066.93706 18.866 0.038
6067.62193 18.829 0.042
6067.66257 18.837 0.040
6067.70065 18.854 0.036
6067.74958 18.782 0.030
6067.80084 18.931 0.042
6067.83976 19.035 0.041
6067.87863 18.877 0.040
6067.91644 18.958 0.039
6068.61679 18.811 0.046
6068.66578 18.886 0.039
6068.71252 18.901 0.039
6068.76468 18.827 0.033
6068.84041 18.931 0.034
6068.88516 18.908 0.034
6068.93185 18.909 0.040
6069.60450 18.938 0.050
6069.66499 18.851 0.041
6069.70489 19.047 0.040
6069.74437 18.948 0.036
6069.81155 18.913 0.040
6069.85323 18.838 0.031
6069.89378 18.921 0.034
6069.93190 18.854 0.036
6070.61413 18.783 0.060
6070.65228 18.818 0.055
6070.69204 18.839 0.037
6070.73029 18.929 0.038
6070.77909 18.768 0.036
6070.82911 18.866 0.038
6070.86901 18.893 0.042
6070.90750 19.074 0.053
6070.94666 18.790 0.081
6071.61412 18.861 0.042
6071.65333 19.018 0.048
6071.69296 18.897 0.040
6071.73170 18.896 0.034
6071.79508 18.842 0.047
6071.83492 18.755 0.036
6071.87300 18.837 0.039
6071.91097 18.787 0.064
6075.60812 18.866 0.038
6075.64625 18.913 0.035
6075.68452 18.863 0.031
6075.73533 18.949 0.039
6075.79012 18.866 0.031
6075.82964 18.877 0.034
6075.87408 18.914 0.038
6076.59924 18.871 0.048
6076.64087 18.924 0.051
6076.68764 18.963 0.052
6076.73487 18.946 0.036
6076.78389 18.960 0.043
6076.82261 18.824 0.040
6076.87193 18.769 0.044
6076.91763 18.842 0.053
6077.69976 18.771 0.039
6077.75887 18.841 0.044
6077.81785 18.893 0.040
6077.85887 19.014 0.040
6077.90025 18.842 0.042
6077.93889 18.779 0.048
6078.62078 18.887 0.042
6078.65888 18.957 0.052
6078.69735 18.811 0.039
6078.76016 18.912 0.040
6078.80130 18.857 0.033
6078.83950 18.920 0.038
6078.88366 18.808 0.037
6078.92316 18.899 0.040
6079.58600 18.774 0.039
6079.62525 18.848 0.039
6079.66321 18.886 0.037
6079.71658 18.866 0.036
6079.77685 19.017 0.048
6079.81601 18.924 0.044
6079.86665 18.973 0.034
6079.90653 18.893 0.045
6079.94529 19.062 0.078
6080.63382 18.958 0.055
6080.67683 18.932 0.044
6080.72215 18.899 0.040
6080.76224 18.781 0.045
6080.80155 19.004 0.045
6080.85886 18.810 0.041
6080.89979 18.969 0.047
6080.94159 18.889 0.049
6081.59143 18.950 0.060
6081.62922 18.870 0.049
6081.67027 19.046 0.055
6081.71565 18.825 0.040
6081.75495 18.864 0.052
6081.80967 18.868 0.039
6081.85291 18.946 0.053
6081.89155 18.947 0.065
6081.93955 18.885 0.074
6082.62322 19.031 0.097
6082.71309 18.791 0.070
6082.78439 19.078 0.088
6082.82876 18.894 0.076
6082.86577 18.795 0.067
6082.91045 19.041 0.105
6085.58653 18.916 0.067
6085.63643 18.871 0.051
6085.67270 18.942 0.055
6085.71662 18.796 0.059
6085.75953 18.761 0.046
6085.79833 18.866 0.048
6085.83717 18.714 0.051
6085.87700 18.907 0.098
6085.91735 18.840 0.064
6086.56991 18.738 0.048
6086.61032 18.910 0.055
6086.65345 18.936 0.046
6086.69243 18.851 0.037
6086.75554 18.832 0.037
6086.79383 18.924 0.052
6086.83923 18.810 0.040
6086.88572 18.899 0.057
6086.92710 18.981 0.079
6087.58939 18.931 0.047
6087.72639 19.008 0.060
6087.78275 18.757 0.037
6087.83377 18.839 0.050
6088.56163 18.907 0.057
6088.59946 18.801 0.041
6088.63785 18.778 0.036
6088.67565 18.807 0.030
6089.64169 18.854 0.039
6089.68048 18.971 0.041
6089.74162 18.808 0.040
6089.79200 18.943 0.048
6089.85314 18.581 0.035
6089.92818 18.884 0.063
6092.59782 18.734 0.040
6092.63590 18.701 0.061
6092.67625 18.464 0.033
6092.80568 18.584 0.032
6092.87525 18.597 0.041
6093.55061 18.597 0.042
6093.59217 18.660 0.038
6093.63023 18.472 0.029
6093.66823 18.570 0.036
6093.72870 18.570 0.028
6093.79067 18.644 0.043
6093.83066 18.479 0.037
6093.87116 18.600 0.050
6094.60416 18.373 0.041
6094.64165 18.339 0.032
6094.67915 18.342 0.031
6094.72897 18.403 0.031
6094.77616 18.348 0.031
6094.81518 18.359 0.030
6094.85444 18.427 0.037
6094.90441 18.412 0.049
6096.60290 18.468 0.036
6096.64848 18.404 0.028
6096.68780 18.463 0.034
6096.76243 18.487 0.035
6096.80176 18.304 0.033
6096.84265 18.483 0.036
6096.88475 18.389 0.045
6097.67659 18.403 0.033
6097.74925 18.553 0.049
6097.78798 18.399 0.034
6097.82562 18.325 0.031
6097.86528 18.449 0.036
6097.90396 18.376 0.041
6098.58302 18.430 0.039
6098.62270 18.450 0.035
6098.66030 18.516 0.038
6098.71191 18.444 0.036
6098.76196 18.476 0.028
6098.80246 18.336 0.028
6098.84120 18.389 0.033
6098.87914 18.473 0.037
6099.63924 18.504 0.051
6099.75012 18.680 0.054
6100.51400 18.479 0.047
6100.56995 18.562 0.049
6100.60988 18.341 0.030
6100.64753 18.459 0.031
6100.70750 18.484 0.026
6100.74675 18.574 0.031
6100.78453 18.580 0.051
6100.83495 18.571 0.036
6100.87266 18.524 0.047
6101.51096 18.458 0.040
6101.54900 18.528 0.038
6101.58656 18.499 0.034
6101.62470 18.520 0.030
6101.66433 18.493 0.025
6101.72609 18.514 0.028
6101.76504 18.593 0.032
6101.80402 18.554 0.035
6101.85156 18.666 0.053
6102.51191 18.503 0.061
6102.55085 18.755 0.054
6102.59929 18.686 0.041
6102.64651 18.593 0.033
6102.68607 18.631 0.036
6102.72615 18.678 0.031
6102.76508 18.686 0.030
6102.80488 18.652 0.035
6102.84482 18.710 0.040
6102.88409 18.702 0.049
6103.51697 18.857 0.057
6103.55631 18.806 0.043
6103.59746 18.771 0.037
6103.64685 18.624 0.028
6103.69586 18.685 0.037
6103.73670 18.794 0.040
6103.80218 18.738 0.037
6103.85038 18.813 0.048
6104.51834 18.903 0.048
6104.55625 18.747 0.032
6104.59384 18.774 0.033
6104.62987 18.722 0.030
6104.67935 18.816 0.028
6104.72140 18.755 0.030
6104.76017 18.765 0.032
6104.79981 18.737 0.034
6104.84583 18.770 0.039
6105.50069 18.939 0.066
6105.52869 18.935 0.057
6105.56633 18.698 0.046
6105.62444 18.882 0.042
6105.67944 18.807 0.036
6105.71847 18.809 0.035
6105.75831 18.843 0.052
6106.62427 18.790 0.050
6106.69266 18.842 0.068
6108.52845 18.846 0.054
6108.56733 18.956 0.050
6108.61994 18.787 0.049
6108.67096 18.861 0.039
6108.71358 18.889 0.038
6108.75315 18.940 0.040
6108.79201 18.864 0.046
6108.83395 18.873 0.041
6108.87058 18.872 0.049
6109.68201 19.086 0.071
6109.71840 18.859 0.051
6109.75628 18.837 0.057
6109.79913 18.853 0.058
6109.83929 18.726 0.053
6113.53552 18.842 0.071
6113.57778 18.931 0.062
6113.61542 18.862 0.052
6113.65657 19.028 0.065
6113.69733 18.812 0.050
6113.73627 18.965 0.065
6113.77402 18.863 0.047
6113.81188 18.896 0.055
6113.85050 18.787 0.060
6113.86145 18.654 0.077
6114.58608 18.721 0.062
6114.62209 18.895 0.060
6114.67149 19.063 0.070
6114.71989 18.715 0.039
6114.75750 18.843 0.052
6114.79654 18.714 0.043
6114.83805 19.067 0.074
6115.48331 19.012 0.065
6115.52253 18.862 0.049
6115.55983 18.949 0.048
6115.61002 18.841 0.039
6115.66658 18.992 0.057
6115.71047 18.900 0.066
6115.77564 18.817 0.058
6116.48141 18.796 0.047
6116.52300 18.754 0.035
6116.56308 18.863 0.037
6116.61122 18.899 0.035
6116.65983 18.830 0.035
6116.69784 18.964 0.045
6116.74510 18.905 0.044
6116.78385 18.823 0.043
6116.82584 18.831 0.044
6117.50334 18.930 0.053
6117.54079 18.966 0.050
6117.57813 18.836 0.041
6117.63006 18.779 0.035
6117.68082 18.911 0.039
6117.71966 18.793 0.038
6117.75883 18.828 0.041
6117.79633 18.966 0.050
6117.83433 18.801 0.051
6118.49337 18.765 0.045
6118.53162 18.981 0.046
6118.57192 18.747 0.033
6118.62224 18.851 0.034
6118.67785 18.880 0.040
6118.71983 18.889 0.035
6118.75861 18.952 0.042
6118.79583 18.706 0.038
6118.83349 18.858 0.045
6119.48165 19.014 0.069
6119.52083 18.874 0.052
6119.56103 18.964 0.055
6119.60836 18.856 0.048
6119.66038 18.857 0.039
6119.69914 18.822 0.034
6119.72650 18.790 0.037
6119.76605 18.962 0.053
6119.80433 19.143 0.069
6120.50974 18.961 0.065
6120.54925 19.017 0.065
6120.60424 18.969 0.044
6120.66531 18.975 0.042
6120.70451 18.998 0.054
6120.74593 19.027 0.045
6120.79165 18.862 0.047
6120.83139 19.158 0.082
6121.50157 18.829 0.036
6121.53931 18.882 0.041
6121.57688 18.930 0.031
6121.64419 18.971 0.036
6121.68224 18.831 0.029
6121.70841 18.859 0.033
6121.74648 18.930 0.033
6121.78600 18.842 0.032
6123.51425 19.072 0.068
6123.55266 18.859 0.047
6123.59977 18.926 0.045
6123.65068 19.027 0.049
6123.69023 18.867 0.039
6123.72797 18.950 0.046
6123.76921 18.769 0.047
6123.80820 18.881 0.051
6124.49816 18.979 0.066
6124.53786 18.788 0.040
6124.59886 18.863 0.041
6124.66884 19.050 0.050
6124.70857 18.962 0.043
6124.74918 18.850 0.043
6124.78947 18.998 0.063
6124.82933 18.840 0.046
6125.55334 18.775 0.040
6125.61512 18.885 0.046
6125.67016 18.832 0.045
6125.71271 18.818 0.042
6125.75799 18.990 0.044
6125.79864 18.823 0.043
6126.49092 19.093 0.060
6126.54229 18.958 0.047
6126.58766 18.918 0.056
6126.64678 18.761 0.041
6126.70548 18.860 0.042
6126.74982 18.902 0.041
6127.49123 18.847 0.051
6127.53316 18.916 0.055
6127.61774 18.919 0.055
6127.72000 18.883 0.045
6127.78819 18.854 0.040
6128.54232 18.977 0.039
6128.58174 18.734 0.035
6128.63066 18.839 0.035
6128.68117 18.892 0.042
6129.66050 18.839 0.032
6130.71633 18.828 0.046
6131.51731 18.776 0.048
6131.56503 18.919 0.046
6131.63117 18.843 0.038
6131.67643 18.739 0.034
6131.74593 18.869 0.046
6132.49787 18.990 0.062
6132.56758 19.075 0.089
6132.65419 18.976 0.058
6132.74059 18.893 0.041
6132.77712 18.908 0.050
6133.55127 18.836 0.049
6133.59972 18.791 0.042
6133.66179 18.900 0.044
6133.70493 18.808 0.044
6133.75358 18.819 0.043
6134.51983 18.935 0.063
6134.56294 18.947 0.077
6134.60641 18.918 0.067
6134.67326 19.135 0.069
6135.50371 18.889 0.057
6135.54542 19.044 0.072
6135.60574 18.909 0.054
6135.67267 18.990 0.061
6135.72523 18.789 0.040
6135.76718 18.927 0.048
6135.80867 18.792 0.052
6136.59524 19.099 0.083
6136.65188 18.773 0.059
6136.73010 18.859 0.076
6140.50600 18.817 0.065
6140.55434 18.781 0.060
6140.60735 18.598 0.056
6140.64521 18.548 0.052
6140.68436 18.569 0.051
6140.72752 18.575 0.064
6140.76729 18.762 0.137
6141.49363 18.535 0.040
6141.53130 18.566 0.040
6141.57957 18.525 0.045
6141.62913 18.579 0.043
6141.66679 18.611 0.041
6141.70771 18.515 0.041
6141.74625 18.602 0.043
6141.78272 18.502 0.047
6142.53487 18.579 0.051
6142.57738 18.658 0.066
6142.68403 18.729 0.073
6143.71781 18.647 0.060
6147.50472 18.758 0.052
6147.56518 18.958 0.054
6147.60739 18.994 0.069
6147.64868 18.991 0.065
6147.70253 18.947 0.068
6148.49671 19.034 0.042
6148.53490 18.880 0.035
6148.59490 18.773 0.037
6148.63871 18.862 0.033
6148.68062 18.886 0.038
6149.55993 18.917 0.048
6149.60523 18.752 0.045
6150.48298 18.946 0.070
6150.53595 18.935 0.052
6150.58830 18.970 0.061
6150.63848 18.821 0.043
6150.67839 18.790 0.045
6151.53980 18.888 0.070
6151.58090 18.726 0.046
6151.62131 18.821 0.050
6151.66081 18.867 0.050
6151.70221 18.922 0.064
6151.74030 18.773 0.046
6152.51151 19.035 0.055
6152.54985 19.030 0.052
6152.60450 19.023 0.049
6152.65448 18.784 0.037
6153.69330 18.860 0.055
6154.50008 18.901 0.047
6154.54008 18.970 0.050
6154.60938 18.840 0.049
6154.69280 18.878 0.051
6157.64766 18.932 0.060
6157.69099 19.024 0.067
6158.48786 18.847 0.039
6158.53829 18.824 0.036
6158.58877 18.785 0.042
6158.63061 18.876 0.044
6158.67004 18.810 0.048
6158.70949 18.771 0.039
6159.49534 18.873 0.060
6159.55035 18.814 0.048
6159.59126 18.843 0.048
6159.66231 18.893 0.053
6159.71853 18.792 0.055
6160.51911 18.822 0.037
6160.59091 18.840 0.037
6160.63246 18.962 0.045
6160.67257 18.684 0.038
6160.72541 19.003 0.050
6161.51495 18.892 0.065
6161.55642 19.010 0.061
6161.60709 18.849 0.049
6161.67958 18.740 0.051
6164.49238 19.012 0.048
6164.55538 18.954 0.067
6164.59410 18.827 0.056
6164.65118 19.066 0.070
6164.70463 18.651 0.075
6167.53673 18.857 0.076
6167.58686 19.051 0.098
6167.63933 19.161 0.103
6167.68178 18.847 0.088
6168.53884 18.925 0.041
6168.60346 18.808 0.040
6168.65981 18.953 0.045
6168.69722 18.957 0.050
6168.70440 18.845 0.048
6169.53094 18.942 0.055
6169.58134 18.850 0.042
6169.62179 18.838 0.046
6169.66164 18.931 0.050
6169.69941 18.809 0.063
6171.53515 18.959 0.046
6171.58418 18.893 0.047
6171.67292 18.762 0.053
6172.49410 18.956 0.029
6172.54541 18.865 0.038
6172.59445 18.951 0.041
6172.63435 18.966 0.040
6172.67636 18.813 0.055
6174.60012 18.872 0.072
6174.63398 19.059 0.086
6175.49723 18.896 0.041
6175.54558 18.836 0.041
6175.58386 18.871 0.047
6175.62220 18.724 0.045
6175.66870 18.817 0.055
6179.55892 18.769 0.051
6179.60067 18.996 0.071
6179.64149 18.791 0.059
6180.48740 18.971 0.093
6180.54684 18.874 0.055
6180.58469 18.998 0.072
6180.62584 18.918 0.061
6180.66122 18.720 0.057
6181.49182 19.052 0.060
6181.54584 18.944 0.044
6181.58754 18.925 0.042
6181.62661 18.834 0.044
6182.49220 18.844 0.047
6182.54709 18.855 0.045
6182.59529 18.815 0.039
6182.64041 19.001 0.065
6183.48933 18.933 0.064
6183.59232 18.877 0.039
6183.63141 18.871 0.041
6184.52719 19.033 0.043
6184.58566 18.730 0.032
6184.63147 18.735 0.037
6185.49404 19.001 0.041
6185.55289 18.936 0.038
6185.59221 18.887 0.037
6185.64254 18.952 0.052
6186.50685 18.983 0.066
6186.56390 18.973 0.056
6186.60959 18.812 0.045
6190.50386 18.926 0.056
6190.56077 18.962 0.043
6190.60125 18.929 0.043
6191.50079 18.949 0.067
6191.55657 18.779 0.046
6191.59929 18.974 0.054
6191.64253 18.799 0.043
6195.51789 18.848 0.046
6195.55853 18.809 0.048
6195.59721 18.796 0.043
6196.51698 18.596 0.045
6196.55555 18.662 0.047
6196.59631 18.574 0.044
6196.63212 18.578 0.047
6197.51866 18.455 0.038
6197.55730 18.552 0.045
6197.59805 18.379 0.043
6198.56370 18.562 0.047
6199.52771 18.498 0.051
6200.59710 18.693 0.067
6200.62024 18.415 0.047
6201.54457 18.493 0.053
6202.57682 18.221 0.043
6203.51642 18.526 0.045
6203.56720 18.637 0.051
6203.60787 18.530 0.067
6204.52068 18.531 0.037
6204.55931 18.584 0.041
6204.59713 18.534 0.039
6205.50061 18.593 0.042
6205.54355 18.549 0.031
6205.58162 18.626 0.035
6208.51319 18.867 0.055
6209.57699 18.944 0.072
6210.51454 18.797 0.046
6210.55271 18.962 0.056
6210.59184 18.941 0.061
6211.51611 18.747 0.039
6211.55831 18.911 0.045
6211.59674 18.713 0.049
6212.51550 18.921 0.049
6212.55430 18.872 0.047
6213.49052 18.928 0.072
6213.53067 18.978 0.051
6213.56917 18.872 0.062
6214.52352 18.768 0.055
6214.55914 18.950 0.064
6215.53499 18.860 0.076
6216.52626 18.768 0.046
6216.56512 18.969 0.052
6217.52084 18.806 0.039
6217.55892 18.792 0.039
6218.49579 18.904 0.054
6218.53426 18.858 0.071
6219.52861 18.968 0.049
6219.56727 18.704 0.053
6223.50915 18.789 0.065
6223.56015 18.905 0.074
6224.49617 18.717 0.077
6226.49933 18.645 0.058
6227.51558 18.703 0.055
6231.51852 18.734 0.065
6233.54899 18.994 0.066
6234.53673 18.860 0.071
6238.53404 18.812 0.060
6242.51164 18.809 0.085
6326.88207 19.066 0.114
6329.88112 19.038 0.091
6334.87640 18.875 0.046
6335.85670 18.815 0.060
6337.86779 18.773 0.054
6338.84630 18.766 0.051
6338.88989 18.860 0.055
6339.87262 18.903 0.041
6340.85244 18.777 0.040
6340.88276 18.796 0.038
6341.89118 18.667 0.049
6343.85548 18.863 0.056
6343.89102 18.532 0.040
6344.85473 18.766 0.034
6344.89828 18.726 0.067
6345.86349 18.560 0.034
6347.82677 18.641 0.046
6347.86673 18.583 0.033
6348.81880 18.634 0.043
6348.86031 18.655 0.035
6349.83020 18.856 0.059
6349.86576 18.884 0.056
6350.81937 18.750 0.052
6350.86585 18.907 0.057
6351.81797 18.914 0.066
6351.86628 18.858 0.054
6352.81573 18.877 0.053
6352.86215 18.753 0.036
6353.79693 18.909 0.052
6353.83753 18.743 0.043
6353.89357 18.864 0.041
6354.87025 18.875 0.043
6355.85539 18.997 0.070
6358.82579 18.772 0.037
6358.87022 18.809 0.039
6360.79223 18.969 0.039
6360.82962 18.807 0.031
6360.87722 19.008 0.043
6361.81525 18.914 0.042
6361.85258 18.894 0.042
6361.89571 18.981 0.053
6362.80064 18.961 0.060
6362.83803 18.985 0.043
6362.88936 18.808 0.041
6363.80698 18.922 0.050
6363.86195 18.878 0.040
6367.81721 18.808 0.034
6367.86557 18.773 0.030
6367.90400 18.725 0.029
6368.80228 18.881 0.043
6368.85539 18.721 0.032
6368.89544 18.735 0.033
6369.78294 18.913 0.050
6369.82254 18.849 0.038
6369.87745 18.886 0.035
6370.76782 18.812 0.042
6370.81260 18.908 0.037
6370.85592 18.761 0.037
6370.89520 18.790 0.034
6371.77725 18.984 0.045
6371.82625 18.875 0.038
6371.86502 18.846 0.033
6371.90845 18.758 0.035
6372.76999 18.920 0.045
6372.81871 18.888 0.036
6372.85856 18.828 0.034
6372.90118 18.888 0.038
6373.77009 18.808 0.062
6373.82428 18.940 0.043
6373.86373 18.936 0.046
6373.90333 19.036 0.053
6374.76914 19.005 0.062
6374.81867 18.957 0.041
6374.85905 18.834 0.038
6374.89992 18.826 0.036
6375.76680 18.747 0.038
6375.81565 18.941 0.039
6375.83392 18.994 0.044
6375.87396 18.892 0.036
6375.91464 18.794 0.035
6376.77759 18.869 0.046
6376.82996 18.815 0.033
6376.86912 18.887 0.039
6376.91171 18.798 0.032
6377.79213 18.861 0.036
6377.84187 18.865 0.032
6377.88269 18.785 0.027
6378.74929 18.757 0.049
6378.78843 18.818 0.039
6378.83714 18.846 0.034
6378.87848 18.802 0.030
6378.91825 18.782 0.038
6379.77306 18.955 0.047
6379.82224 18.825 0.040
6379.86176 18.860 0.041
6379.90757 18.894 0.033
6380.76272 18.771 0.035
6380.80116 18.929 0.039
6380.82475 18.831 0.036
6380.86547 18.784 0.034
6380.91148 18.892 0.034
6381.77038 18.911 0.046
6381.81949 18.864 0.034
6381.85826 18.796 0.029
6381.89816 18.834 0.034
6382.76480 18.823 0.059
6382.80319 18.956 0.050
6382.84239 18.708 0.041
6382.88307 18.948 0.054
6386.75791 18.899 0.053
6386.80891 18.807 0.040
6386.85521 18.838 0.041
6386.90640 19.075 0.066
6387.72871 18.778 0.052
6387.77084 18.863 0.036
6387.81517 18.921 0.044
6387.85414 18.718 0.033
6387.89589 18.941 0.052
6388.73076 18.751 0.045
6388.79325 18.870 0.041
6388.83240 18.833 0.036
6388.90639 18.892 0.039
6389.72908 19.021 0.064
6389.77008 18.798 0.040
6389.81131 18.910 0.040
6389.84978 18.916 0.045
6389.88931 18.901 0.043
6390.71406 18.890 0.052
6390.75416 18.924 0.044
6390.79600 19.115 0.050
6390.84045 18.863 0.037
6390.88534 18.936 0.040
6390.92589 18.656 0.057
6391.73049 18.711 0.053
6391.78150 18.699 0.054
6391.82141 19.011 0.061
6391.87432 18.814 0.053
6393.71878 18.910 0.054
6393.76464 18.938 0.053
6393.80390 18.886 0.046
6393.85627 18.894 0.042
6393.89957 19.008 0.059
6394.71910 19.028 0.072
6394.77173 18.946 0.057
6394.81919 18.888 0.055
6394.85827 18.944 0.044
6394.92292 18.837 0.045
6395.72280 18.794 0.041
6395.77141 18.775 0.035
6395.82107 18.796 0.030
6395.86009 18.752 0.027
6395.90412 18.733 0.030
6396.70828 18.978 0.044
6396.75516 18.731 0.028
6396.80495 18.784 0.029
6396.84765 18.719 0.026
6396.88864 18.705 0.031
6396.92821 18.762 0.050
6397.72131 18.746 0.033
6397.77213 18.657 0.027
6397.82103 18.739 0.028
6397.85890 18.689 0.029
6397.89762 18.713 0.030
6398.68980 18.781 0.043
6398.72874 18.617 0.028
6398.79055 18.715 0.030
6398.82856 18.599 0.029
6398.86890 18.646 0.034
6398.90955 18.797 0.036
6399.69562 18.669 0.040
6399.73443 18.713 0.042
6399.78328 18.504 0.026
6399.83111 18.595 0.031
6399.86968 18.561 0.032
6400.68184 18.623 0.046
6400.73050 18.636 0.035
6400.79509 18.588 0.031
6400.85095 18.588 0.030
6400.89889 18.539 0.031
6401.69969 18.598 0.043
6401.74381 18.505 0.027
6401.78542 18.397 0.024
6401.83271 18.372 0.023
6401.87441 18.415 0.023
6401.91276 18.379 0.023
6402.70603 18.526 0.038
6402.74389 18.612 0.042
6402.79106 18.403 0.033
6402.83977 18.343 0.033
6402.87981 18.449 0.032
6402.92149 18.410 0.050
6403.70943 18.473 0.025
6403.74701 18.453 0.026
6403.78631 18.422 0.021
6403.83326 18.541 0.025
6403.87317 18.419 0.026
6403.92988 18.415 0.033
6404.72910 18.378 0.025
6404.76853 18.509 0.029
6404.81776 18.446 0.026
6404.85691 18.406 0.024
6404.90575 18.463 0.032
6405.81317 18.403 0.036
6405.86074 18.461 0.024
6405.90282 18.409 0.021
6406.76030 18.406 0.036
6406.82118 18.467 0.046
6406.87644 18.501 0.044
6406.92263 18.512 0.027
6407.70035 18.638 0.053
6407.73817 18.566 0.042
6407.77637 18.598 0.032
6407.81584 18.596 0.038
6407.86574 18.536 0.035
6407.91392 18.691 0.042
6408.72815 18.649 0.105
6408.76902 18.515 0.047
6408.80888 18.644 0.046
6409.78406 18.719 0.059
6409.82785 18.735 0.055
6409.88364 18.669 0.050
6409.92178 18.816 0.048
6415.70707 18.711 0.061
6415.76210 18.953 0.052
6415.80274 18.804 0.058
6415.84614 18.954 0.077
6415.90405 18.777 0.038
6416.64436 18.894 0.056
6416.68910 18.722 0.052
6416.75239 18.894 0.036
6416.79055 18.874 0.034
6416.84089 18.942 0.039
6416.90604 18.884 0.035
6417.67732 18.747 0.058
6417.71480 19.036 0.055
6417.75300 18.897 0.049
6417.79988 18.844 0.044
6417.84067 18.759 0.042
6417.88865 18.838 0.044
6417.92805 18.957 0.048
6418.66050 18.783 0.044
6418.69806 18.804 0.044
6418.73556 18.947 0.044
6418.77315 18.823 0.036
6418.82178 19.009 0.042
6418.86219 18.925 0.038
6418.90953 18.747 0.035
6419.65866 18.649 0.052
6419.70938 18.901 0.041
6419.74743 18.874 0.038
6419.78632 18.908 0.045
6419.83752 18.825 0.042
6419.88514 18.827 0.038
6419.92316 18.796 0.036
6420.65157 18.927 0.042
6420.68917 18.881 0.033
6420.72702 18.817 0.030
6420.76290 18.812 0.029
6420.82250 18.817 0.030
6420.86136 18.903 0.034
6420.91034 18.870 0.033
6421.79077 18.921 0.041
6421.83148 18.804 0.035
6421.89005 18.823 0.050
6422.68292 18.855 0.040
6422.73514 18.815 0.035
6422.77299 18.883 0.034
6422.88457 18.772 0.065
6423.64514 18.833 0.051
6423.69284 18.931 0.049
6423.75005 18.837 0.047
6423.81413 18.846 0.036
6423.85265 18.965 0.048
6423.89133 18.977 0.048
6423.92935 19.042 0.058
6424.65287 18.928 0.046
6424.69334 18.904 0.042
6424.75268 18.802 0.035
6424.80294 18.934 0.032
6424.84701 18.779 0.036
6424.88849 18.862 0.039
6424.94135 18.686 0.052
6426.64089 18.837 0.043
6426.68156 18.902 0.040
6426.77678 18.770 0.035
6426.84008 18.924 0.038
6426.88119 18.891 0.046
6426.92195 18.889 0.039
6427.72391 18.972 0.044
6427.88465 18.810 0.046
6428.64315 18.874 0.068
6428.69260 18.737 0.049
6428.73410 18.919 0.051
6428.78466 18.806 0.041
6428.83861 18.960 0.052
6428.88118 18.877 0.046
6428.92153 18.839 0.057
6429.94546 18.848 0.066
6431.63499 18.873 0.089
6431.68169 18.774 0.060
6431.73222 18.822 0.040
6431.78379 18.943 0.043
6431.82599 18.891 0.040
6431.86629 18.849 0.043
6431.90700 19.049 0.070
6432.64118 18.838 0.046
6432.66336 18.962 0.058
6432.70631 18.920 0.043
6432.76565 18.814 0.039
6432.80754 18.904 0.043
6432.84758 18.840 0.040
6432.88831 18.954 0.065
6432.92881 18.678 0.039
6433.65229 18.789 0.053
6433.69293 18.818 0.049
6433.74281 18.997 0.056
6433.79439 18.810 0.063
6433.84695 18.929 0.039
6434.60344 18.930 0.083
6434.64222 18.849 0.071
6434.68427 18.992 0.061
6434.73371 18.712 0.041
6434.78459 18.742 0.035
6434.82682 18.829 0.049
6434.86703 18.918 0.044
6434.94068 18.994 0.086
6435.63077 18.893 0.057
6435.67283 18.845 0.044
6435.71504 18.926 0.043
6435.77487 19.040 0.041
6435.81729 18.883 0.044
6435.86073 18.871 0.044
6435.90399 18.920 0.041
6435.94410 18.954 0.071
6436.61682 18.813 0.053
6436.65971 18.833 0.051
6436.70175 18.985 0.047
6436.75401 18.914 0.046
6436.80782 18.800 0.047
6436.84921 18.682 0.040
6436.89101 18.799 0.044
6436.93295 18.890 0.057
6437.72341 18.816 0.080
6437.74871 18.808 0.062
6437.82760 18.776 0.072
6437.86339 19.011 0.079
6437.90533 18.799 0.072
6441.64061 18.746 0.085
6441.72437 18.862 0.059
6441.77636 18.751 0.056
6441.82925 18.975 0.068
6441.87270 18.770 0.061
6441.91424 19.012 0.098
6442.57247 19.037 0.054
6442.60931 18.863 0.042
6442.64934 18.883 0.041
6442.68941 18.856 0.038
6442.75093 18.855 0.032
6442.79323 18.849 0.035
6442.83361 18.977 0.042
6442.87344 18.775 0.035
6442.91325 18.884 0.047
6443.59150 18.834 0.067
6443.67045 18.842 0.050
6443.75269 18.844 0.051
6443.82147 18.809 0.070
6444.68970 18.922 0.082
6444.75933 18.882 0.045
6444.81249 18.875 0.045
6444.85336 19.010 0.047
6444.89516 18.935 0.049
6444.94556 18.982 0.089
6445.61391 18.779 0.047
6445.65852 18.777 0.037
6445.71558 18.813 0.040
6445.76293 18.906 0.042
6445.81993 18.794 0.039
6445.86520 19.046 0.078
6445.91278 18.848 0.058
6446.56078 18.856 0.042
6446.60359 18.932 0.038
6446.64598 18.886 0.037
6446.69562 18.949 0.036
6446.75097 18.792 0.034
6446.79362 18.836 0.031
6446.83574 18.839 0.032
6446.90182 18.886 0.043
6446.94235 18.754 0.047
6447.58088 18.896 0.049
6447.62014 18.913 0.044
6447.65989 18.906 0.042
6447.71014 18.912 0.040
6447.76533 18.976 0.042
6447.80715 18.866 0.037
6447.84722 18.810 0.039
6447.88774 18.946 0.038
6447.92838 18.788 0.037
6448.56812 19.094 0.082
6448.60992 18.826 0.044
6448.65027 18.964 0.051
6448.69141 19.007 0.054
6448.75164 18.868 0.031
6448.79430 18.954 0.040
6448.83618 18.874 0.041
6448.87682 18.780 0.051
6448.91909 18.866 0.064
6449.56660 18.896 0.055
6449.60995 18.864 0.047
6449.65320 18.955 0.056
6449.69348 18.860 0.038
6449.74537 18.911 0.049
6449.79559 18.929 0.048
6449.83690 18.946 0.044
6449.92034 18.804 0.063
6450.56046 18.869 0.058
6450.60317 18.771 0.043
6450.64580 18.907 0.038
6450.69556 18.847 0.033
6450.74589 18.817 0.031
6450.78695 18.941 0.039
6450.82800 18.888 0.038
6450.87365 18.875 0.040
6450.91747 18.910 0.047
6451.56320 18.982 0.063
6451.60865 18.906 0.050
6451.64909 18.827 0.042
6451.69159 18.943 0.042
6451.79379 18.903 0.043
6451.83453 18.812 0.040
6451.87524 18.882 0.046
6451.91763 18.838 0.054
6452.57032 18.958 0.052
6452.61302 18.783 0.030
6452.65378 18.865 0.033
6452.70886 18.830 0.032
6452.80565 18.900 0.030
6452.84820 18.828 0.031
6452.88948 18.902 0.043
6454.54950 18.794 0.056
6454.58022 18.863 0.046
6454.62278 18.912 0.046
6454.66326 18.841 0.043
6454.71402 18.792 0.032
6454.76648 18.972 0.043
6454.80762 18.940 0.050
6454.84809 18.941 0.051
6454.88915 19.097 0.052
6455.54391 18.724 0.042
6455.57997 18.951 0.049
6455.68619 18.906 0.051
6455.78516 18.897 0.052
6456.54796 18.934 0.044
6456.58889 18.904 0.029
6456.63002 18.809 0.029
6456.68122 18.880 0.028
6456.73370 18.884 0.032
6456.77519 18.964 0.039
6456.81584 18.887 0.039
6456.89175 18.860 0.036
6457.69922 18.752 0.032
6457.76208 18.851 0.034
6457.80321 18.813 0.035
6457.84461 18.882 0.040
6457.88510 18.740 0.040
6458.54649 18.725 0.053
6458.58657 18.914 0.060
6458.62827 18.699 0.051
6458.66888 19.054 0.050
6458.72030 18.846 0.051
6458.77159 18.785 0.036
6458.81266 18.881 0.036
6458.85346 18.762 0.043
6458.89803 18.839 0.049
6459.54051 18.769 0.056
6459.57992 18.708 0.039
6459.62283 18.890 0.045
6459.66489 18.959 0.040
6459.72977 18.865 0.032
6459.77165 18.928 0.037
6459.81263 18.883 0.038
6459.85374 18.777 0.035
6459.89442 18.855 0.049
6460.59263 18.860 0.049
6460.64342 18.831 0.042
6460.71777 18.816 0.038
6460.79238 18.853 0.047
6460.88889 18.932 0.047
6461.56870 18.837 0.042
6461.61041 18.982 0.051
6461.65197 18.693 0.041
6461.70086 19.050 0.061
6461.76933 18.924 0.042
6461.82220 18.956 0.048
6461.87346 18.857 0.041
6462.60849 19.043 0.085
6462.65056 18.803 0.042
6462.70235 19.080 0.062
6462.82958 18.873 0.048
6462.87053 18.754 0.048
6463.52297 18.768 0.076
6463.56446 18.822 0.052
6463.60360 19.028 0.066
6463.64482 18.780 0.045
6463.69935 18.966 0.048
6463.75360 18.929 0.049
6463.79494 18.921 0.049
6463.83612 18.901 0.048
6463.88033 18.959 0.055
6464.57287 18.877 0.076
6464.61238 18.917 0.063
6464.65280 18.858 0.057
6464.69964 18.957 0.046
6464.75263 18.830 0.050
6464.80349 18.966 0.061
6464.84515 18.823 0.056
6464.88759 18.865 0.053
6468.55921 18.990 0.064
6468.60020 18.674 0.046
6468.64116 18.971 0.063
6468.71034 19.132 0.078
6468.75430 18.829 0.055
6468.81409 18.865 0.058
6469.54198 18.923 0.058
6469.58241 18.832 0.053
6469.62251 19.027 0.051
6469.68595 18.901 0.050
6469.72956 18.930 0.047
6469.76988 18.860 0.043
6469.84276 18.539 0.060
6471.60645 18.734 0.052
6471.64800 18.970 0.062
6471.78092 18.624 0.081
6471.85129 18.606 0.076
6472.60489 18.592 0.049
6472.64391 18.436 0.039
6472.69650 18.449 0.031
6472.74830 18.444 0.032
6472.78889 18.447 0.034
6472.82952 18.340 0.044
6473.54923 18.408 0.036
6473.59150 18.560 0.032
6473.63185 18.504 0.025
6473.68373 18.523 0.031
6473.73477 18.566 0.031
6473.77581 18.540 0.033
6473.81622 18.447 0.033
6473.85684 18.528 0.046
6474.49382 18.560 0.057
6474.53834 18.641 0.054
6474.57853 18.480 0.035
6474.62386 18.477 0.041
6474.66457 18.527 0.033
6474.71941 18.563 0.034
6474.76921 18.611 0.037
6474.80954 18.491 0.040
6474.84976 18.716 0.048
6475.48550 18.695 0.056
6475.52736 18.734 0.046
6475.57042 18.848 0.057
6475.63161 18.755 0.036
6475.68267 18.609 0.034
6475.73185 18.670 0.037
6475.77216 18.643 0.036
6475.81424 18.582 0.038
6475.85711 18.595 0.048
6476.49836 18.792 0.062
6476.53908 18.724 0.045
6476.57990 18.714 0.044
6476.62131 18.718 0.037
6476.68677 18.736 0.040
6476.72761 18.699 0.041
6476.76839 18.683 0.037
6476.80891 18.814 0.040
6477.53242 18.635 0.039
6477.57357 18.650 0.037
6477.61427 18.673 0.042
6477.68011 18.682 0.042
6477.72086 18.780 0.040
6477.76139 18.809 0.054
6477.80251 18.847 0.060
6478.52994 18.888 0.052
6478.57022 18.811 0.049
6478.61042 18.735 0.036
6478.66601 18.603 0.043
6479.56472 18.839 0.051
6479.60564 18.916 0.044
6479.64733 18.816 0.038
6479.70179 18.789 0.051
6479.75968 18.811 0.050
6479.82435 18.793 0.059
6479.85174 18.890 0.079
6480.56177 18.838 0.048
6480.60237 18.811 0.053
6480.65329 18.911 0.040
6480.70523 19.056 0.063
6480.74566 18.811 0.045
6480.78613 19.074 0.055
6480.82787 18.988 0.073
6481.49918 18.874 0.058
6481.54049 18.836 0.043
6481.58407 18.812 0.047
6481.64191 18.910 0.055
6481.74259 18.971 0.057
6481.78513 19.002 0.060
6481.82755 18.951 0.070
6482.80207 18.760 0.071
6483.61136 19.036 0.042
6483.81376 18.914 0.061
6484.49352 18.891 0.054
6484.53400 19.007 0.063
6485.46698 18.788 0.063
6485.51270 18.834 0.050
6485.55947 18.876 0.049
6485.63814 18.989 0.039
6485.70127 18.810 0.035
6485.74408 18.942 0.038
6485.79015 18.802 0.041
6486.47058 19.081 0.072
6486.51306 19.012 0.051
6486.55939 18.871 0.044
6486.60469 18.837 0.043
6486.67052 18.907 0.041
6486.72339 18.900 0.048
6486.76777 18.876 0.040
6486.81050 18.851 0.041
6487.46879 18.858 0.047
6487.51292 18.982 0.047
6487.55905 18.922 0.038
6487.60021 18.919 0.033
6487.67296 18.830 0.031
6487.71377 18.794 0.030
6487.75746 18.927 0.036
6487.80275 18.845 0.034
6489.50912 18.850 0.054
6489.55105 18.903 0.049
6489.59399 18.977 0.045
6489.65349 18.806 0.043
6489.70540 18.841 0.052
6489.74768 18.876 0.049
6489.80885 18.865 0.063
6490.48218 18.784 0.051
6490.52312 18.804 0.042
6490.56377 19.062 0.053
6490.62178 18.842 0.041
6490.66904 18.773 0.037
6490.70974 18.966 0.041
6490.75047 18.768 0.037
6491.46999 18.799 0.061
6491.51303 18.769 0.051
6491.55800 18.870 0.051
6491.61827 18.921 0.057
6491.68996 18.842 0.042
6491.73189 18.915 0.043
6491.77419 18.891 0.046
6491.81807 19.005 0.068
6492.50201 18.841 0.060
6492.54850 19.024 0.060
6492.59880 19.001 0.055
6492.66371 19.145 0.084
6492.70252 18.760 0.049
6492.73560 18.949 0.061
6492.77937 18.962 0.074
6496.48724 18.763 0.067
6496.56769 18.854 0.068
6496.62828 18.819 0.072
6497.58222 19.029 0.077
6497.63467 18.955 0.065
6497.68523 18.834 0.061
6497.72637 18.944 0.065
6497.76711 18.944 0.066
6498.46793 18.742 0.040
6498.51151 18.800 0.034
6498.55642 18.992 0.037
6498.60055 18.820 0.034
6498.64805 18.867 0.052
6498.69095 18.760 0.046
6498.73428 18.759 0.038
6498.77983 18.858 0.053
6499.48215 18.769 0.046
6499.52584 18.880 0.040
6499.56870 18.935 0.040
6500.53798 18.777 0.062
6500.60190 18.994 0.081
6500.67941 18.847 0.057
6500.73045 18.880 0.059
6501.55802 19.006 0.063
6501.61865 18.918 0.043
6501.66409 18.760 0.038
6501.70649 18.846 0.040
6501.74943 18.755 0.050
6501.78787 18.966 0.089
6504.63930 18.920 0.053
6504.68156 18.972 0.047
6504.72403 18.909 0.050
6505.47555 19.023 0.075
6505.53534 18.894 0.049
6505.57990 18.801 0.052
6505.65128 18.822 0.045
6505.69221 18.787 0.044
6505.73510 18.700 0.047
6505.77746 18.989 0.077
6506.56870 18.968 0.063
6506.64910 18.799 0.056
6506.70995 18.935 0.065
6506.75183 18.775 0.055
6507.63999 18.924 0.058
6507.70897 18.888 0.078
6507.75997 18.642 0.065
6508.51837 19.024 0.052
6508.56972 18.920 0.056
6508.61785 18.749 0.035
6508.65996 18.762 0.036
6508.70158 18.748 0.036
6508.76148 18.743 0.035
6509.52297 18.511 0.027
6509.58369 18.449 0.022
6509.62543 18.436 0.022
6509.66711 18.434 0.025
6509.70843 18.529 0.028
6509.75104 18.447 0.033
6510.48945 18.504 0.028
6510.55221 18.503 0.027
6510.59914 18.502 0.024
6510.64172 18.542 0.026
6510.71162 18.467 0.032
6510.75559 18.457 0.046
6511.52176 18.584 0.039
6511.60024 18.619 0.035
6511.65495 18.636 0.032
6511.70469 18.602 0.033
6511.75747 18.673 0.040
6512.75046 18.447 0.048
6514.52050 18.782 0.054
6514.59319 18.837 0.037
6514.65869 18.737 0.035
6514.71386 18.681 0.034
6515.47734 18.833 0.038
6515.54518 18.817 0.036
6515.61086 18.828 0.035
6515.67472 18.797 0.034
6515.75390 18.781 0.040
6516.52039 18.805 0.055
6516.60272 18.796 0.039
6516.65458 18.809 0.041
6518.49018 18.809 0.041
6518.56212 18.770 0.032
6519.49592 18.877 0.042
6519.56828 18.819 0.040
6519.61676 18.761 0.036
6519.66827 18.849 0.038
6519.71567 19.020 0.051
6523.50405 18.911 0.050
6523.54237 18.824 0.044
6523.57837 18.896 0.045
6523.61745 18.850 0.051
6523.65809 18.889 0.090
6523.69948 18.828 0.064
6524.52092 18.810 0.041
6524.56962 18.770 0.040
6524.61776 18.848 0.045
6524.66636 18.850 0.049
6525.52370 18.853 0.057
6525.57162 18.763 0.056
6525.67396 18.933 0.078
6526.66539 18.819 0.052
6526.69613 18.887 0.057
6527.62682 18.913 0.083
6529.55415 18.815 0.061
6529.59729 18.977 0.062
6529.63987 18.965 0.058
6530.67729 18.968 0.082
6531.50681 18.879 0.048
6531.58275 18.946 0.046
6531.63030 18.923 0.052
6531.67834 18.874 0.047
6532.50839 18.822 0.046
6532.61240 18.885 0.043
6532.67377 18.988 0.063
6533.52390 19.024 0.062
6533.59443 18.965 0.047
6533.65553 18.980 0.047
6534.54755 18.843 0.040
6534.59840 18.873 0.043
6534.63865 18.948 0.051
6535.53282 19.075 0.077
6536.47775 18.728 0.054
6536.56959 18.921 0.034
6536.62008 18.884 0.042
6538.51603 18.908 0.040
6538.56870 18.772 0.039
6538.61111 18.835 0.045
6539.51816 18.987 0.045
6539.56403 19.002 0.055
6539.62190 18.918 0.045
6541.51399 18.893 0.046
6541.57379 18.857 0.036
6541.61945 18.965 0.034
6543.53160 18.897 0.048
6543.58308 18.751 0.041
6543.62742 18.901 0.049
6544.51894 18.778 0.041
6544.56954 18.895 0.051
6545.48143 18.928 0.047
6545.52696 18.852 0.034
6545.57205 18.872 0.043
6545.61795 18.886 0.037
6546.48938 18.986 0.071
6546.55711 18.814 0.068
6546.60931 18.949 0.058
6547.56858 19.173 0.089
6547.61571 19.147 0.103
6551.56283 18.466 0.052
6552.55464 18.659 0.058
6553.58757 18.627 0.078
6555.58594 18.467 0.038
6555.63751 18.376 0.045
6556.64852 18.523 0.049
6558.52624 18.624 0.030
6558.56680 18.523 0.030
6558.61974 18.570 0.040
6559.51210 18.668 0.049
6559.56589 18.563 0.034
6559.61897 18.644 0.045
6560.52653 18.742 0.040
6560.57019 18.883 0.047
6560.62601 18.767 0.055
6561.53060 18.760 0.048
6561.57099 18.936 0.055
6562.52944 18.980 0.053
6562.57655 18.853 0.043
6562.62003 18.803 0.040
6563.54525 18.759 0.060
6563.59122 18.957 0.057
6563.62875 18.805 0.058
6564.52416 18.924 0.056
6564.56570 18.776 0.045
6565.49281 19.166 0.077
6565.53691 18.831 0.054
6565.59091 18.859 0.047
6567.53392 19.218 0.096
6567.57608 18.967 0.071
6568.52987 19.084 0.093
6568.57067 18.765 0.050
6568.61355 18.954 0.063
6569.52109 18.762 0.034
6569.56206 18.798 0.038
6569.60319 18.877 0.051
6570.53961 18.866 0.050
6571.48624 18.758 0.067
6571.54694 18.907 0.059
6571.59613 18.902 0.056
6572.51944 18.971 0.067
6572.57809 18.994 0.060
6573.50000 18.938 0.053
6573.54070 18.794 0.042
6573.58738 18.795 0.045
6577.52390 18.920 0.101
6577.56770 18.817 0.080
6578.50645 18.913 0.063
6578.56144 18.852 0.057
6579.48619 19.020 0.104
6579.54544 18.955 0.068
6580.50343 18.655 0.061
6581.50492 18.522 0.037
6581.56179 18.439 0.039
6582.51659 18.694 0.049
6582.56899 18.665 0.045
6583.52747 18.595 0.060
6583.56480 18.834 0.090
6584.52150 19.086 0.091
6584.56663 18.902 0.087
6585.52352 19.072 0.084
6585.56138 18.652 0.059
6590.52246 19.061 0.089
6590.54360 18.872 0.060
6593.49825 18.842 0.068
6593.51114 18.959 0.064
6595.52027 18.880 0.065
6600.50156 18.910 0.088
