2127.48967 18.815 0.066
2130.52253 18.873 0.042
2133.53663 18.765 0.043
2136.65785 18.911 0.058
2141.64861 18.973 0.073
2165.57107 18.873 0.058
2171.63809 18.941 0.061
2189.52344 18.869 0.074
2214.50608 19.001 0.100
2337.83571 18.787 0.047
2352.85318 18.795 0.044
2361.84765 18.864 0.057
2373.80241 18.857 0.053
2384.83828 18.768 0.044
2388.83756 18.818 0.048
2390.87591 18.848 0.055
2393.86980 18.960 0.091
2400.81712 18.914 0.048
2402.92386 18.839 0.060
2406.86662 18.901 0.058
2411.72465 18.937 0.054
2415.89990 18.874 0.063
2417.86762 18.887 0.053
2425.89709 19.393 0.188
2428.88069 18.810 0.065
2432.90943 18.767 0.086
2434.79730 18.889 0.047
2436.84601 18.849 0.057
2438.82738 18.828 0.045
2441.78216 18.835 0.043
2445.69879 18.787 0.039
2448.73252 18.988 0.107
2454.75052 18.811 0.050
2460.72951 18.814 0.055
2463.60913 18.917 0.045
2466.58310 18.791 0.042
2468.76771 18.814 0.048
2470.75152 18.896 0.049
2472.78606 18.984 0.057
2481.62703 18.884 0.068
2484.68924 18.969 0.061
2486.78230 18.753 0.075
2491.51139 18.822 0.067
2493.70972 18.712 0.045
2496.55570 18.846 0.036
2498.59377 18.926 0.035
2500.61994 18.925 0.044
2502.63808 18.906 0.060
2510.53522 18.836 0.047
2516.49842 18.947 0.060
2517.54530 18.886 0.074
2520.65405 18.819 0.045
2529.52056 18.813 0.044
2538.56984 18.878 0.059
2542.55879 18.670 0.060
2548.52399 18.908 0.062
2552.56063 18.908 0.059
2557.52560 18.899 0.052
2561.52154 18.738 0.071
2568.55605 19.069 0.103
2708.87377 18.832 0.044
2719.87993 18.750 0.051
2729.90553 18.833 0.050
2734.84033 18.822 0.039
2747.76366 18.899 0.075
2754.77344 18.872 0.050
2757.83852 18.783 0.050
2763.79160 18.863 0.047
2767.88391 18.863 0.060
2775.78933 18.745 0.069
2783.87840 18.803 0.043
2785.74473 18.884 0.050
2788.62420 18.841 0.053
2790.77052 18.860 0.049
2793.69767 18.635 0.052
2795.65720 18.827 0.047
2797.66831 18.782 0.037
2809.78842 18.780 0.054
2811.70885 18.831 0.055
2812.83812 18.834 0.053
2813.88190 18.795 0.065
2815.86263 18.902 0.055
2817.76113 18.933 0.055
2819.67151 18.878 0.043
2821.72066 18.829 0.047
2830.69221 18.958 0.066
2835.70240 18.779 0.051
2837.71284 19.243 0.140
2839.77261 18.809 0.057
2841.79375 18.811 0.050
2843.72102 18.924 0.051
2845.71068 18.783 0.043
2852.61809 18.844 0.069
2854.61158 18.842 0.059
2857.52180 18.787 0.049
2858.73412 18.837 0.054
2862.64512 18.839 0.065
2865.62527 18.863 0.043
2868.62155 18.779 0.045
2871.70220 18.790 0.047
2876.70321 18.788 0.046
2879.66858 18.784 0.059
2884.69970 18.905 0.067
2893.57620 18.819 0.043
2894.68574 18.843 0.089
2900.51140 18.854 0.063
2911.57174 18.772 0.051
2918.61444 18.858 0.084
2931.56848 18.820 0.054
3052.88086 18.827 0.046
3059.86848 18.811 0.045
3064.87983 18.745 0.040
3068.83291 18.808 0.047
3071.88545 18.832 0.049
3073.89462 18.849 0.043
3077.78477 18.576 0.116
3080.83076 19.081 0.066
3081.83746 18.864 0.044
3082.84637 18.961 0.045
3083.77935 18.826 0.040
3084.82889 18.891 0.041
3085.87459 18.775 0.037
3087.82665 18.871 0.046
3088.81384 18.906 0.040
3089.76810 18.818 0.043
3090.79847 18.818 0.037
3091.84442 18.878 0.045
3092.88272 18.738 0.057
3093.89376 18.899 0.062
3096.82054 18.801 0.054
3097.82700 18.802 0.040
3098.82740 18.858 0.037
3099.85302 18.854 0.049
3100.78267 18.820 0.047
3101.82232 18.801 0.044
3102.85466 18.762 0.045
3103.81153 18.896 0.048
3104.77028 18.781 0.117
3106.91682 18.905 0.054
3107.80086 18.779 0.042
3108.80347 18.822 0.040
3109.77757 18.858 0.038
3110.89684 18.832 0.046
3112.85385 18.884 0.042
3113.91128 18.883 0.040
3114.84882 18.821 0.040
3116.83640 18.839 0.052
3122.84293 18.943 0.069
3124.76438 18.909 0.062
3124.87354 18.979 0.071
3125.70826 18.774 0.065
3125.79429 18.800 0.063
3125.85561 18.902 0.059
3125.90932 18.860 0.056
3126.62528 18.807 0.064
3126.68621 18.904 0.050
3126.80588 18.839 0.041
3126.90743 18.874 0.045
3127.63667 18.893 0.060
3127.73436 18.738 0.043
3127.89191 18.791 0.046
3128.63288 18.881 0.062
3128.75383 18.898 0.049
3128.88116 18.812 0.053
3128.92694 18.809 0.051
3129.62861 18.787 0.076
3129.70937 18.933 0.063
3129.78335 18.514 0.058
3130.66904 18.842 0.068
3130.75880 18.822 0.056
3130.91154 19.144 0.080
3131.62403 18.698 0.083
3134.89419 18.888 0.118
3135.77907 18.855 0.040
3135.93695 18.830 0.051
3137.82990 18.847 0.056
3138.71240 18.810 0.054
3139.80181 18.729 0.036
3139.91445 18.830 0.041
3140.68534 18.907 0.049
3141.75308 18.872 0.043
3142.82731 18.804 0.040
3144.84531 18.864 0.043
3146.91171 18.803 0.036
3147.92732 18.877 0.056
3151.81928 18.808 0.056
3151.94315 18.870 0.077
3152.81896 18.895 0.049
3153.81756 18.989 0.062
3154.90730 18.854 0.067
3156.92425 18.912 0.060
3157.89145 18.706 0.048
3158.70396 18.729 0.085
3162.85524 18.921 0.053
3163.81760 18.867 0.043
3164.80332 18.886 0.043
3164.91080 18.888 0.061
3165.65661 18.915 0.041
3166.91669 18.965 0.092
3167.66616 18.877 0.058
3168.81643 18.847 0.042
3169.84237 18.920 0.071
3170.87192 18.797 0.038
3171.71814 18.912 0.038
3172.82036 18.779 0.042
3173.80366 18.715 0.045
3174.77092 18.810 0.041
3175.85183 18.839 0.050
3177.82748 18.783 0.054
3179.57031 18.917 0.050
3179.87220 18.735 0.044
3180.78873 18.826 0.037
3182.84899 18.835 0.047
3183.80480 18.868 0.055
3184.76342 18.780 0.042
3185.61829 18.852 0.040
3193.61357 18.907 0.038
3194.50871 18.805 0.067
3194.80250 18.776 0.044
3195.73709 18.876 0.036
3196.58997 18.810 0.047
3196.83274 19.030 0.059
3197.77845 18.825 0.048
3199.77499 18.798 0.052
3201.82216 18.840 0.058
3202.76956 18.984 0.053
3203.59868 18.864 0.031
3204.74673 18.834 0.042
3205.67704 18.809 0.033
3206.78352 18.869 0.067
3210.56059 18.894 0.069
3211.74053 18.763 0.054
3217.71643 18.802 0.050
3218.72742 18.815 0.063
3223.71649 18.811 0.060
3224.76097 18.903 0.066
3226.69809 18.819 0.058
3228.68197 18.780 0.048
3229.71272 18.881 0.051
3230.72863 18.879 0.051
3231.65585 18.823 0.060
3232.67134 18.790 0.054
3238.68044 18.843 0.060
3240.52960 18.841 0.050
3241.71326 18.891 0.095
3245.64225 18.940 0.065
3247.50355 18.947 0.058
3249.61595 18.995 0.064
3251.51895 18.886 0.059
3254.58236 18.610 0.050
3257.53846 18.868 0.036
3260.58395 18.921 0.066
3265.53691 18.842 0.053
3267.59515 18.796 0.053
3273.49015 19.103 0.095
3277.51353 18.614 0.053
3280.51439 18.926 0.058
3282.58510 18.823 0.039
3289.51926 18.991 0.074
3294.51456 19.044 0.069
3296.51368 19.331 0.084
3302.51085 18.886 0.068
3418.85372 18.821 0.044
3423.88176 18.772 0.035
3427.83546 18.811 0.050
3429.90756 18.879 0.062
3436.86746 18.773 0.051
3443.83489 18.886 0.038
3445.86708 18.847 0.034
3447.91141 18.720 0.042
3450.79105 18.767 0.034
3453.83448 19.004 0.052
3455.89952 18.734 0.050
3456.92071 18.894 0.055
3458.86969 18.787 0.041
3459.88489 18.900 0.047
3468.86838 18.820 0.036
3469.87110 18.900 0.035
3472.85597 18.930 0.041
3474.78964 18.807 0.053
3476.76616 18.813 0.034
3478.86152 18.910 0.042
3480.87714 18.914 0.048
3483.81044 18.738 0.037
3496.90538 18.825 0.052
3497.89238 19.069 0.057
3500.90144 18.790 0.044
3502.88328 18.803 0.039
3503.86280 18.749 0.037
3506.92586 18.785 0.043
3508.90323 19.053 0.075
3509.88605 18.941 0.038
3511.90959 18.874 0.042
3512.89617 18.666 0.047
3520.66173 18.897 0.046
3521.76396 18.800 0.040
3521.79245 18.796 0.043
3522.86005 18.931 0.052
3524.85136 18.703 0.042
3527.63461 18.752 0.039
3528.87894 18.978 0.055
3529.91777 18.885 0.049
3530.85726 18.972 0.037
3530.88862 18.921 0.041
3538.84683 18.787 0.039
3541.88100 19.036 0.064
3544.87733 18.697 0.056
3547.84582 18.921 0.063
3550.82260 18.936 0.043
3551.83459 18.812 0.043
3552.82996 18.995 0.065
3554.85895 18.953 0.059
3556.84100 18.686 0.064
3558.61790 18.829 0.035
3559.62631 18.898 0.043
3560.70271 18.879 0.039
3561.60991 18.905 0.041
3562.65731 18.818 0.035
3563.72195 18.896 0.040
3569.64996 18.740 0.077
3573.78035 18.976 0.067
3574.75258 18.587 0.044
3575.69449 18.900 0.039
3576.76114 18.797 0.047
3578.73561 18.902 0.042
3579.68413 18.847 0.034
3580.72378 18.895 0.053
3581.73363 18.607 0.043
3582.68259 18.846 0.035
3583.70077 18.727 0.044
3584.70463 18.950 0.048
3585.70332 18.849 0.033
3586.75736 18.970 0.044
3589.74676 18.677 0.038
3590.74299 18.939 0.051
3591.72460 18.913 0.041
3592.69581 18.919 0.037
3602.71955 18.723 0.061
3603.71456 18.608 0.046
3607.69851 18.880 0.062
3608.69114 18.853 0.043
3615.64603 18.964 0.051
3617.61048 19.001 0.063
3619.60759 18.869 0.041
3621.64927 19.059 0.062
3629.53351 18.962 0.046
3631.56240 18.905 0.062
3633.58736 18.900 0.079
3640.52074 18.827 0.052
3644.59655 18.823 0.057
3649.57253 18.934 0.055
3652.54651 18.992 0.083
3656.53928 19.067 0.072
3660.54348 18.943 0.075
3665.52629 18.822 0.057
3670.51192 18.717 0.069
3777.88408 18.876 0.054
3783.87510 18.823 0.039
3785.88610 18.864 0.049
3788.89010 18.947 0.058
3791.90187 18.810 0.075
3794.87940 18.862 0.045
3796.87117 18.795 0.046
3797.87083 18.859 0.043
3800.85189 18.768 0.056
3802.79881 18.812 0.045
3803.83140 18.812 0.043
3804.87859 19.069 0.054
3806.89106 18.775 0.039
3808.87610 18.798 0.041
3810.79207 18.728 0.049
3812.77821 18.827 0.066
3814.76910 18.785 0.049
3818.83407 18.812 0.040
3819.89350 18.794 0.034
3820.88571 18.960 0.045
3821.89711 18.865 0.041
3822.90896 18.796 0.036
3824.90397 18.984 0.062
3825.89608 18.842 0.042
3827.89519 18.714 0.032
3828.90731 18.812 0.050
3829.90321 18.799 0.037
3830.86683 18.841 0.041
3832.89744 18.874 0.045
3833.88586 18.850 0.038
3834.81099 18.849 0.037
3835.86342 18.777 0.033
3836.87289 18.901 0.043
3837.85167 18.903 0.045
3838.85579 18.909 0.049
3839.87489 18.694 0.058
3840.85888 18.927 0.045
3841.84213 18.775 0.043
3842.75607 18.841 0.059
3842.90491 18.772 0.084
3845.84572 18.804 0.051
3846.85051 18.899 0.040
3847.89241 18.967 0.064
3848.86610 18.915 0.049
3849.89445 19.058 0.059
3850.81540 18.906 0.051
3851.82168 18.960 0.061
3852.81378 18.853 0.040
3853.80302 18.861 0.035
3856.79171 18.719 0.040
3858.85571 18.755 0.042
3859.89434 18.889 0.051
3860.84708 18.928 0.060
3861.83183 18.857 0.037
3861.86235 18.711 0.035
3861.88832 18.916 0.043
3862.64074 18.952 0.063
3862.66810 19.001 0.065
3862.69428 18.794 0.044
3862.71712 18.851 0.042
3862.72608 18.823 0.042
3862.74358 18.826 0.038
3862.76458 18.917 0.046
3862.79904 18.846 0.035
3862.85843 18.899 0.042
3862.93199 18.796 0.054
3863.64228 18.969 0.056
3863.78378 18.784 0.035
3863.92726 18.716 0.035
3864.64531 18.764 0.052
3864.80722 18.853 0.034
3865.65673 18.861 0.050
3865.77000 19.019 0.050
3866.73516 18.813 0.038
3867.74253 18.818 0.048
3868.73790 18.903 0.061
3869.71960 18.825 0.056
3869.93404 18.871 0.072
3872.85694 18.724 0.038
3873.72310 18.788 0.041
3874.76986 18.825 0.051
3875.75170 18.850 0.035
3877.71145 18.770 0.034
3880.77823 18.871 0.041
3881.78681 18.969 0.042
3882.72174 18.753 0.041
3883.77352 18.948 0.047
3886.73425 18.867 0.043
3887.71685 18.882 0.042
3889.87861 18.987 0.046
3891.61026 18.832 0.058
3892.74549 18.854 0.041
3893.77670 18.848 0.066
3894.81375 18.965 0.061
3896.76413 18.922 0.053
3900.66091 18.905 0.059
3901.66643 18.719 0.043
3902.68394 18.840 0.039
3903.82148 18.747 0.043
3904.66379 18.860 0.036
3905.67450 18.756 0.033
3906.65233 18.879 0.042
3907.71837 18.707 0.054
3907.74412 18.836 0.052
3908.65826 18.837 0.035
3909.65636 18.941 0.037
3912.66045 18.832 0.030
3912.74325 18.775 0.029
3912.77483 18.840 0.031
3912.80401 18.862 0.036
3912.83322 18.814 0.038
3912.86269 18.802 0.040
3913.48523 18.817 0.042
3913.51740 18.819 0.036
3913.54667 18.886 0.036
3913.57578 18.911 0.036
3913.61047 18.937 0.039
3913.65197 18.911 0.037
3913.66065 18.936 0.038
3913.69031 18.972 0.043
3913.71956 18.889 0.043
3913.75214 18.872 0.045
3913.78249 18.855 0.038
3914.51109 19.080 0.085
3914.70260 18.906 0.040
3915.48686 18.716 0.053
3915.65754 18.781 0.036
3915.78324 18.910 0.041
3916.73926 18.797 0.051
3917.75644 18.929 0.051
3918.75673 18.922 0.042
3919.68691 18.765 0.034
3920.64062 18.947 0.052
3921.64906 18.834 0.056
3930.71071 18.848 0.044
3931.62688 19.007 0.052
3932.58534 18.789 0.036
3933.63759 18.850 0.029
3934.60465 18.844 0.036
3934.80605 18.726 0.040
3935.58567 18.740 0.035
3936.57072 18.809 0.041
3936.82182 18.957 0.068
3937.64948 18.961 0.047
3938.61497 18.789 0.039
3940.75577 18.832 0.037
3944.71077 18.883 0.041
3945.64663 18.778 0.042
3946.64285 18.852 0.042
3950.65363 18.860 0.039
3951.66924 18.647 0.050
3957.68576 18.619 0.062
3959.63003 18.867 0.045
3960.62116 18.812 0.032
3963.62658 18.888 0.044
3964.66270 18.734 0.035
3965.63757 18.891 0.038
3966.63206 18.830 0.046
3967.65548 19.016 0.052
3968.61499 18.828 0.044
3969.62543 18.903 0.046
3970.63221 18.798 0.046
3971.66354 18.884 0.048
3973.69179 18.791 0.049
3974.62932 18.668 0.037
3975.62185 18.883 0.043
3976.61581 18.958 0.046
3979.65099 18.944 0.068
3982.68371 18.903 0.099
3986.66431 19.027 0.092
3987.61310 18.893 0.048
3988.64529 18.868 0.048
3989.56339 18.853 0.058
3991.56478 18.804 0.048
3995.51262 18.959 0.049
4001.58297 18.809 0.045
4002.61858 18.937 0.048
4003.57303 18.848 0.036
4011.55636 18.705 0.054
4015.58535 18.837 0.071
4017.55902 18.893 0.055
4019.56036 18.829 0.055
4021.58328 18.838 0.067
4025.50154 19.036 0.061
4027.50927 18.935 0.058
4029.55083 19.045 0.079
4150.88335 18.886 0.061
4155.85566 18.806 0.053
4158.81751 18.799 0.055
4160.87249 18.818 0.065
4162.86813 18.752 0.056
4164.90800 18.781 0.073
4167.83559 18.940 0.065
4169.84711 18.803 0.048
4170.82419 18.758 0.052
4174.78681 18.879 0.061
4174.85718 18.736 0.047
4174.86032 18.876 0.051
4176.83888 18.747 0.045
4177.89258 18.822 0.047
4179.79035 18.809 0.050
4180.84209 18.778 0.055
4182.76521 18.800 0.049
4183.80422 18.811 0.052
4184.87229 18.776 0.039
4185.85161 18.885 0.050
4190.87800 18.837 0.047
4192.88237 18.861 0.046
4193.89328 18.832 0.051
4194.91483 18.804 0.054
4202.88462 18.812 0.040
4203.87281 18.833 0.040
4204.87191 18.761 0.043
4205.86840 18.852 0.043
4207.87209 18.713 0.036
4208.90174 18.770 0.046
4213.86983 18.865 0.039
4215.90738 18.860 0.045
4216.82818 18.785 0.048
4217.85414 18.920 0.038
4218.89134 18.829 0.045
4219.93503 18.755 0.087
4220.87539 18.812 0.056
4222.84190 18.901 0.050
4228.82705 18.806 0.067
4229.80586 18.785 0.045
4230.79283 18.879 0.044
4231.81493 18.797 0.043
4232.82621 18.767 0.062
4234.77024 18.883 0.048
4235.79222 18.811 0.042
4238.81606 18.817 0.056
4239.91751 18.846 0.067
4243.70980 18.935 0.079
4244.87165 18.759 0.061
4245.86490 18.784 0.055
4246.91955 18.727 0.052
4250.88543 18.782 0.078
4256.73770 18.799 0.065
4258.72714 18.785 0.048
4268.63063 18.733 0.049
4269.67079 18.846 0.042
4272.72205 18.804 0.040
4273.68147 18.751 0.047
4274.66514 18.824 0.050
4275.72215 18.777 0.053
4277.62112 18.775 0.050
4278.69586 18.753 0.056
4283.64080 18.846 0.054
4284.62465 18.856 0.057
4285.63134 18.733 0.058
4286.72520 18.777 0.077
4289.67114 18.798 0.058
4290.75105 18.769 0.059
4291.74889 18.731 0.052
4292.61001 18.855 0.042
4293.63743 18.815 0.040
4294.60923 18.684 0.038
4295.63856 18.821 0.037
4296.61805 18.864 0.042
4297.61181 18.853 0.039
4298.72136 18.877 0.049
4299.47208 18.842 0.056
4299.49101 18.812 0.049
4299.54883 18.792 0.038
4299.68833 18.854 0.045
4299.80839 18.820 0.059
4300.46891 18.707 0.064
4300.77586 18.901 0.053
4300.81316 18.857 0.060
4301.49067 18.937 0.053
4301.81405 18.816 0.049
4302.55318 18.749 0.050
4302.76977 18.931 0.051
4303.61679 18.697 0.056
4304.47492 18.790 0.078
4305.64577 18.840 0.063
4307.56091 18.768 0.043
4307.60484 18.778 0.043
4310.75454 18.882 0.079
4312.65064 18.838 0.046
4317.63795 18.753 0.044
4319.64569 18.851 0.054
4320.74709 18.804 0.067
4326.65666 18.865 0.052
4327.68525 18.776 0.067
4328.62626 18.804 0.051
4329.61680 18.828 0.061
4330.59980 18.763 0.045
4331.62627 18.804 0.054
4332.63138 18.881 0.053
4333.62672 18.857 0.058
4334.62096 18.797 0.083
4338.66090 18.680 0.065
4339.62992 18.803 0.055
4340.55668 18.964 0.081
4341.62836 18.802 0.087
4342.66455 18.845 0.059
4343.64396 18.777 0.050
4344.69334 18.940 0.064
4345.64373 18.874 0.072
4346.64905 18.744 0.060
4347.66306 18.850 0.053
4349.63482 18.899 0.050
4351.63352 18.905 0.058
4357.64496 18.867 0.057
4359.61766 18.893 0.060
4362.60238 19.124 0.152
4370.61411 18.858 0.063
4372.58618 18.709 0.047
4380.59590 18.807 0.055
4515.89127 18.837 0.056
4519.86278 18.920 0.062
4520.86226 18.870 0.063
4523.85359 18.770 0.063
4524.90464 18.815 0.065
4530.89416 18.719 0.036
4534.84086 18.839 0.059
4536.85004 18.890 0.050
4538.85896 18.734 0.044
4540.88875 18.870 0.044
4542.91512 18.835 0.073
4543.87658 18.781 0.042
4544.87335 18.955 0.045
4545.89092 18.930 0.048
4547.91701 18.769 0.048
4550.86467 18.856 0.047
4552.91940 18.928 0.065
4556.88384 18.866 0.037
4557.90982 18.865 0.039
4558.84489 18.808 0.039
4559.87405 18.814 0.041
4560.87446 18.795 0.036
4561.86335 18.865 0.037
4564.86756 18.850 0.037
4565.85644 18.829 0.035
4566.85853 18.854 0.038
4567.86275 18.851 0.043
4568.89280 18.767 0.049
4569.87871 18.845 0.042
4570.88400 18.828 0.043
4571.84949 18.801 0.040
4572.88774 18.730 0.047
4573.86305 18.738 0.035
4574.86520 18.615 0.044
4575.87686 18.851 0.044
4579.92919 18.751 0.059
4583.84901 18.817 0.051
4586.82950 18.852 0.051
4587.86738 18.759 0.061
4588.75766 18.825 0.044
4589.78932 18.781 0.046
4590.80369 18.838 0.046
4591.78094 18.779 0.045
4592.79309 18.885 0.058
4593.77854 18.830 0.044
4594.80681 18.793 0.040
4595.79733 18.822 0.039
4596.81787 18.837 0.042
4597.81514 18.909 0.049
4598.78453 18.815 0.035
4599.76395 18.744 0.035
4600.76949 18.826 0.035
4601.77415 18.790 0.038
4602.77171 18.887 0.042
4606.82954 18.756 0.049
4610.89842 18.913 0.057
4611.75582 18.817 0.060
4611.94230 18.849 0.066
4616.74808 18.774 0.041
4617.93252 18.782 0.070
4622.72439 18.755 0.044
4623.80423 18.848 0.065
4624.74303 18.812 0.050
4625.72438 18.678 0.049
4626.78313 18.779 0.046
4627.70371 18.796 0.039
4628.69388 18.809 0.041
4629.76007 18.763 0.043
4630.69936 18.916 0.044
4631.71773 18.865 0.039
4632.74036 18.773 0.042
4633.88022 18.934 0.068
4639.82078 18.941 0.073
4640.79627 18.796 0.061
4641.88151 19.025 0.085
4642.71921 18.939 0.055
4643.68526 18.710 0.044
4644.76839 18.687 0.049
4645.68707 18.860 0.050
4646.65475 18.819 0.038
4647.67600 18.873 0.044
4648.67273 18.831 0.040
4648.78500 18.974 0.060
4649.66007 18.838 0.041
4650.69155 18.839 0.048
4651.70287 18.905 0.057
4652.63133 18.842 0.046
4653.62516 18.841 0.045
4654.66432 18.760 0.047
4655.62858 18.827 0.046
4656.63181 18.945 0.055
4658.78903 18.911 0.076
4660.74268 18.907 0.076
4661.62125 18.993 0.052
4666.55398 18.857 0.057
4671.67782 18.862 0.048
4672.63753 18.866 0.057
4674.66544 18.957 0.059
4677.69017 18.903 0.054
4681.69350 18.881 0.059
4682.64922 18.731 0.042
4683.64710 18.834 0.054
4684.66555 18.853 0.062
4685.69169 18.956 0.055
4686.76429 18.862 0.051
4687.67975 18.727 0.052
4688.62588 18.909 0.049
4694.70998 19.030 0.095
4697.63126 18.998 0.070
4698.65283 18.803 0.060
4700.64799 18.791 0.050
4701.63094 18.845 0.052
4702.64576 18.884 0.057
4708.66740 18.883 0.057
4710.68529 18.910 0.061
4720.59845 18.854 0.074
4721.63400 19.036 0.096
4724.65071 18.775 0.086
4726.62694 19.063 0.144
4733.59115 18.843 0.061
4738.55134 19.055 0.073
4741.63332 18.928 0.065
4756.55566 18.702 0.069
4757.54595 18.972 0.060
4763.51458 18.855 0.061
4767.52040 18.866 0.083
4768.50178 18.821 0.082
4771.51130 18.719 0.081
4876.88747 18.817 0.054
4883.87333 18.736 0.057
4886.84025 18.877 0.052
4888.86780 18.779 0.044
4892.86185 18.691 0.048
4898.83212 18.887 0.050
4901.83498 18.820 0.050
4903.88238 18.782 0.043
4905.87873 18.771 0.059
4912.86352 18.941 0.041
4914.90971 18.847 0.049
4924.75877 18.763 0.036
4925.87647 18.782 0.037
4928.76669 18.788 0.047
4930.81081 18.762 0.053
4931.85523 18.643 0.044
4932.86379 18.812 0.046
4933.85863 18.945 0.065
4938.83858 18.831 0.058
4940.78008 18.787 0.046
4941.81581 18.688 0.050
4942.75893 18.929 0.046
4944.76124 18.971 0.051
4945.81431 18.892 0.041
4951.66087 18.815 0.056
4953.85389 18.681 0.054
4954.82317 18.726 0.042
4955.81454 18.746 0.044
5260.87825 18.925 0.043
5261.80922 19.083 0.054
5262.84681 19.160 0.147
5265.86364 19.067 0.051
5266.81005 18.962 0.049
5267.83727 19.007 0.049
5268.83970 19.001 0.045
5269.80339 19.035 0.045
5270.80907 19.032 0.045
5271.80389 18.952 0.048
5272.80975 19.110 0.063
5273.79475 19.012 0.052
5274.81322 19.099 0.055
5275.79957 19.075 0.063
5276.77774 19.091 0.058
5276.90522 18.997 0.043
5277.81428 18.934 0.071
5278.80985 18.996 0.053
5279.81112 19.132 0.084
5280.81773 18.966 0.044
5281.79765 19.031 0.044
5282.82037 19.026 0.045
5283.78049 18.908 0.051
5283.87179 18.971 0.041
5284.78608 19.095 0.072
5285.77693 19.064 0.071
5285.90692 18.870 0.046
5286.79253 19.036 0.080
5287.84571 19.017 0.047
5288.77110 19.078 0.066
5289.82297 18.970 0.053
5293.85091 19.092 0.049
5294.75870 19.061 0.047
5294.79578 18.971 0.035
5294.83317 19.008 0.036
5294.86327 19.022 0.033
5294.90429 19.056 0.040
5295.76018 18.946 0.039
5295.79865 19.019 0.043
5295.83661 18.990 0.041
5295.87476 18.987 0.035
5295.91378 18.977 0.040
5296.80377 18.959 0.036
5296.83824 19.029 0.035
5296.87602 18.990 0.033
5297.75708 19.056 0.044
5297.79708 18.968 0.038
5297.83498 19.013 0.038
5297.87301 18.916 0.033
5297.91195 19.084 0.048
5298.79790 18.946 0.040
5298.83565 18.920 0.040
5298.87386 18.965 0.033
5298.91337 19.072 0.042
5299.74473 19.044 0.043
5299.82008 18.931 0.033
5299.85805 18.903 0.034
5299.89849 19.003 0.041
5300.85350 19.039 0.039
5300.89413 19.001 0.042
5301.74918 18.999 0.046
5301.78685 18.940 0.041
5301.82415 19.105 0.048
5301.86240 18.929 0.049
5301.90261 18.885 0.065
5303.91013 18.933 0.050
5304.74716 19.055 0.063
5306.68279 19.087 0.057
5306.71988 18.958 0.041
5306.78422 19.069 0.041
5306.84748 19.010 0.040
5306.88739 18.990 0.037
5306.92540 18.973 0.042
5307.73328 18.908 0.045
5307.79690 19.030 0.038
5307.83490 18.912 0.041
5307.87610 18.961 0.037
5307.91372 19.107 0.048
5308.72573 19.001 0.051
5308.78701 18.955 0.036
5308.82447 18.996 0.041
5308.86485 19.055 0.045
5309.69919 19.005 0.059
5309.79213 18.988 0.040
5309.83464 18.971 0.038
5309.87935 19.090 0.043
5309.91680 19.070 0.044
5310.68415 18.959 0.057
5310.76801 19.140 0.059
5310.83039 19.065 0.042
5310.87665 19.243 0.048
5310.91415 19.034 0.040
5311.80443 19.015 0.050
5311.86282 18.971 0.043
5311.90765 19.029 0.050
5312.73325 19.018 0.059
5312.77435 19.074 0.062
5312.81348 19.210 0.064
5312.85803 19.079 0.056
5312.89761 19.005 0.051
5313.80703 19.135 0.069
5313.84709 19.045 0.059
5313.88638 18.982 0.062
5313.92390 18.933 0.061
5314.69675 19.108 0.078
5314.73712 19.044 0.067
5314.77711 19.030 0.066
5314.82064 18.967 0.049
5314.87207 19.028 0.062
5314.90946 19.031 0.059
5315.67498 18.961 0.085
5315.71825 19.004 0.084
5315.76025 18.978 0.064
5315.79765 18.924 0.052
5315.83691 19.028 0.074
5315.87855 18.987 0.069
5315.91783 19.282 0.104
5316.71331 19.057 0.082
5316.75640 19.012 0.086
5316.79339 18.932 0.079
5316.83725 18.896 0.074
5319.80938 18.960 0.055
5319.85339 18.959 0.060
5319.89767 18.891 0.071
5319.93507 19.000 0.118
5320.67300 19.090 0.081
5320.71538 18.957 0.058
5320.75407 18.950 0.060
5320.79175 18.906 0.049
5320.83245 18.977 0.050
5320.87328 19.094 0.060
5320.91278 19.006 0.054
5321.67065 18.986 0.077
5321.73852 19.119 0.056
5321.77827 18.899 0.044
5321.81626 19.014 0.056
5321.85799 19.063 0.051
5321.89535 19.078 0.052
5321.93246 19.175 0.077
5322.82388 19.052 0.050
5322.86646 18.937 0.047
5322.89169 19.097 0.068
5322.93201 19.022 0.055
5323.71613 18.985 0.057
5323.75617 19.084 0.052
5323.79551 19.018 0.047
5323.83748 19.117 0.055
5323.87638 18.991 0.049
5323.91384 18.947 0.056
5324.65494 19.017 0.062
5324.71982 18.958 0.049
5324.75718 18.970 0.048
5324.79564 18.934 0.061
5324.83633 19.006 0.057
5324.87371 19.032 0.054
5324.91436 19.003 0.046
5325.65024 18.996 0.047
5325.71024 19.037 0.047
5325.74821 18.976 0.042
5325.78541 18.911 0.041
5325.82726 18.981 0.044
5325.87236 18.963 0.048
5325.91116 19.086 0.061
5326.62165 18.824 0.071
5326.68530 18.971 0.050
5326.74613 19.020 0.047
5326.78378 18.979 0.034
5326.82346 18.933 0.041
5326.86115 18.995 0.050
5326.89957 19.093 0.051
5327.62525 19.010 0.043
5327.69963 18.997 0.046
5327.77083 19.080 0.050
5327.80982 19.100 0.055
5327.84800 18.999 0.044
5327.88707 18.984 0.049
5327.92491 19.036 0.049
5328.62151 18.913 0.048
5328.72662 19.005 0.044
5328.76529 18.963 0.038
5328.80275 18.996 0.046
5328.84358 18.953 0.044
5328.88132 19.032 0.048
5328.91896 19.231 0.055
5329.71920 19.086 0.053
5334.67032 18.862 0.070
5334.75038 18.952 0.043
5334.80713 19.021 0.047
5334.84856 19.016 0.051
5334.88901 18.940 0.057
5334.92679 19.107 0.065
5335.73213 19.014 0.034
5335.77139 19.075 0.061
5335.81209 18.979 0.044
5335.85054 19.068 0.052
5335.88816 19.008 0.060
5335.92717 19.023 0.053
5336.80546 19.063 0.048
5336.89712 18.986 0.058
5336.93471 19.025 0.065
5337.78151 19.015 0.044
5337.82130 19.059 0.055
5337.85970 19.170 0.074
5337.89752 19.082 0.065
5337.93594 19.102 0.085
5338.77915 19.227 0.082
5338.82178 19.046 0.074
5338.87848 19.168 0.099
5339.65632 19.063 0.074
5339.69427 19.030 0.066
5339.76089 18.977 0.042
5339.85364 19.122 0.073
5339.89374 18.873 0.078
5339.93168 18.976 0.067
5340.64034 19.071 0.096
5340.67970 18.817 0.063
5340.76598 19.035 0.066
5340.82233 18.987 0.077
5340.86097 19.164 0.079
5340.89877 19.086 0.085
5340.93644 19.039 0.078
5341.61087 19.039 0.062
5341.68407 19.016 0.052
5341.79166 18.965 0.049
5341.83013 19.077 0.052
5341.86791 18.999 0.054
5341.90820 19.030 0.054
5342.58240 19.010 0.099
5342.61980 19.058 0.071
5342.65749 19.024 0.067
5342.69488 18.978 0.057
5342.73306 18.995 0.052
5342.77638 18.898 0.062
5342.81558 18.999 0.067
5342.85370 19.084 0.063
5342.89133 18.897 0.060
5342.92921 18.764 0.069
5343.60063 19.057 0.095
5343.63826 18.899 0.070
5343.67592 19.069 0.076
5343.71371 19.010 0.059
5343.75170 19.004 0.056
5343.79240 18.962 0.062
5343.83137 19.012 0.066
5343.88218 18.998 0.074
5343.92005 19.048 0.073
5348.61837 18.859 0.062
5348.71314 19.058 0.077
5348.77866 19.048 0.059
5348.81659 19.000 0.061
5348.86076 19.084 0.056
5348.89906 18.982 0.071
5348.93874 18.930 0.079
5349.61572 18.985 0.085
5349.72658 19.014 0.059
5349.79212 19.011 0.059
5349.82969 19.005 0.072
5350.62951 19.017 0.072
5350.66748 19.225 0.087
5350.70485 19.061 0.061
5350.74578 19.350 0.090
5351.61103 19.051 0.064
5351.67626 18.990 0.047
5351.75942 19.027 0.054
5351.84384 19.055 0.057
5351.90218 18.913 0.059
5352.62487 19.039 0.062
5352.68773 18.957 0.039
5352.77368 19.016 0.052
5352.85640 19.037 0.053
5352.89855 19.138 0.064
5353.57903 19.050 0.057
5353.66185 18.937 0.040
5353.74197 19.046 0.042
5353.79341 19.004 0.043
5353.83114 19.029 0.047
5353.88115 19.010 0.057
5354.59705 18.969 0.050
5354.68687 19.045 0.049
5354.78387 19.018 0.049
5354.84291 18.928 0.048
5354.88310 18.969 0.063
5354.92159 19.140 0.077
5355.62738 18.933 0.049
5355.71172 19.032 0.047
5355.79893 19.020 0.054
5355.83956 19.144 0.064
5355.88487 19.241 0.104
5357.62603 18.925 0.050
5357.71100 18.975 0.043
5357.80357 18.958 0.063
5357.88496 19.007 0.061
5358.68008 19.100 0.050
5358.77318 18.862 0.052
5359.59453 19.094 0.077
5359.63563 19.016 0.054
5359.69053 18.989 0.051
5359.73881 19.065 0.059
5359.78751 19.058 0.051
5359.83156 19.025 0.055
5359.87130 19.006 0.069
5361.63738 18.886 0.063
5361.68339 18.715 0.047
5362.59800 19.015 0.063
5362.69729 19.019 0.048
5362.79915 19.066 0.060
5362.89285 19.071 0.076
5364.53669 18.990 0.070
5364.58113 19.004 0.048
5364.66841 19.029 0.048
5364.76383 19.061 0.055
5364.80498 18.939 0.058
5364.84445 19.134 0.068
5364.88441 19.006 0.063
5365.55395 19.108 0.075
5365.60132 18.992 0.054
5365.69181 19.024 0.044
5365.78650 19.086 0.054
5365.84286 19.058 0.060
5365.88146 18.987 0.068
5368.62884 19.005 0.068
5369.71358 18.989 0.079
5369.75935 19.007 0.070
5369.79802 19.016 0.076
5369.83715 19.016 0.068
5376.64342 19.034 0.070
5376.68434 18.922 0.061
5376.72327 19.048 0.072
5376.76164 19.175 0.074
5376.79979 19.014 0.065
5376.83779 19.013 0.084
5376.87570 18.814 0.093
5377.53253 19.184 0.076
5377.61531 19.056 0.066
5377.68338 19.057 0.051
5377.73228 19.017 0.052
5377.77532 19.142 0.061
5377.81304 19.159 0.064
5377.85124 19.087 0.070
5378.50743 19.080 0.054
5378.59115 19.078 0.045
5378.67974 19.103 0.044
5378.73717 19.112 0.042
5378.77521 19.049 0.042
5378.81371 19.087 0.053
5378.85362 19.049 0.067
5379.49253 19.032 0.065
5379.54292 19.072 0.055
5379.62778 19.083 0.048
5379.71475 19.047 0.048
5379.76800 19.057 0.046
5379.80587 19.034 0.057
5379.84395 19.058 0.074
5380.50396 18.922 0.060
5380.54183 19.074 0.052
5380.60997 19.022 0.050
5380.69704 19.012 0.043
5380.73771 19.025 0.048
5380.77570 19.008 0.048
5380.81381 18.870 0.065
5380.85182 19.109 0.103
5381.55133 19.018 0.056
5381.58882 19.002 0.081
5381.64761 18.953 0.069
5381.68883 18.895 0.055
5381.72684 18.898 0.078
5381.76510 19.078 0.086
5381.81191 18.976 0.074
5381.85004 19.090 0.085
5382.54006 19.024 0.075
5382.58445 18.872 0.063
5382.62738 18.947 0.070
5382.66870 19.096 0.067
5382.70870 19.024 0.064
5382.74672 18.974 0.065
5382.79147 18.979 0.072
5382.83524 19.048 0.090
5384.77655 19.016 0.075
5384.83042 18.891 0.085
5385.48601 19.001 0.056
5385.56783 18.999 0.037
5385.82457 19.061 0.043
5386.47137 19.012 0.058
5386.51232 19.125 0.066
5386.59441 19.033 0.053
5386.67881 19.053 0.057
5386.69340 18.978 0.039
5386.75774 19.164 0.046
5386.79717 18.994 0.042
5386.83912 19.055 0.048
5387.54229 19.016 0.042
5387.70166 19.084 0.041
5387.74007 18.994 0.037
5387.78094 19.022 0.045
5387.82430 19.031 0.050
5388.48187 19.077 0.066
5388.51975 19.023 0.050
5388.60697 18.931 0.036
5388.71428 19.022 0.048
5388.77874 18.985 0.049
5388.82186 19.057 0.062
5389.48092 18.986 0.076
5389.51901 19.157 0.060
5389.58280 19.029 0.046
5389.68797 19.034 0.044
5389.76995 18.996 0.051
5389.80914 18.983 0.051
5389.84885 19.165 0.079
5390.55224 18.902 0.054
5390.59805 19.124 0.061
5390.68362 19.054 0.065
5390.73374 19.157 0.050
5390.77159 19.063 0.043
5390.80932 19.067 0.050
5391.50341 19.018 0.070
5391.54329 18.867 0.068
5391.58069 19.002 0.046
5391.68997 19.104 0.049
5391.79519 19.040 0.056
5391.83291 19.099 0.062
5392.48054 19.009 0.065
5392.51842 18.960 0.052
5392.55840 18.983 0.052
5392.66483 19.075 0.052
5392.77277 19.019 0.048
5392.81045 19.039 0.051
5393.62584 19.033 0.065
5393.66530 19.106 0.069
5393.70364 19.086 0.067
5393.74395 19.006 0.077
5393.78714 18.961 0.062
5393.82489 19.094 0.080
5395.81959 18.994 0.065
5396.53925 19.119 0.094
5396.61444 19.063 0.057
5396.67674 19.020 0.049
5396.71132 19.018 0.048
5396.78392 19.109 0.052
5397.58911 18.900 0.078
5397.63894 19.053 0.087
5397.67716 19.001 0.070
5397.75945 18.785 0.063
5402.65377 19.053 0.160
5403.46859 19.043 0.066
5403.50605 19.102 0.055
5403.54329 18.994 0.054
5403.58119 19.022 0.055
5403.62248 19.044 0.056
5403.66107 19.025 0.054
5403.69886 19.061 0.058
5403.73969 19.014 0.061
5403.77763 19.068 0.094
5404.48139 19.104 0.058
5404.51927 19.031 0.054
5404.55706 19.116 0.062
5404.59546 19.105 0.069
5404.63807 19.200 0.063
5404.67763 18.981 0.057
5404.71652 18.958 0.058
5404.75603 19.014 0.057
5405.61518 19.042 0.075
5405.65446 19.020 0.063
5405.69439 19.077 0.063
5405.73214 19.069 0.069
5405.76964 18.904 0.050
5407.46912 19.000 0.086
5407.50893 19.066 0.062
5407.54698 19.155 0.065
5407.58557 18.856 0.062
5407.62598 18.991 0.069
5407.66428 19.181 0.082
5407.70320 19.089 0.072
5407.74127 19.196 0.073
5407.77912 19.011 0.070
5408.53345 19.093 0.076
5408.58081 19.012 0.060
5408.62107 19.121 0.065
5408.65885 19.012 0.065
5408.69756 19.081 0.065
5408.73548 18.927 0.059
5408.77316 19.052 0.085
5409.48339 19.008 0.052
5409.52464 18.963 0.048
5409.63052 18.966 0.039
5409.73753 19.165 0.059
5409.77530 19.170 0.069
5410.48760 19.086 0.061
5410.52575 18.963 0.050
5410.63405 18.997 0.048
5410.74121 18.998 0.058
5410.77966 19.092 0.059
5411.50219 19.025 0.047
5411.56261 18.985 0.036
5411.67075 19.023 0.037
5411.75471 18.765 0.046
5412.52586 18.968 0.055
5412.56424 19.040 0.067
5412.60429 18.939 0.055
5412.64250 19.014 0.062
5412.68572 19.065 0.055
5412.75993 18.996 0.069
5413.50550 19.010 0.051
5413.58947 19.074 0.047
5413.69734 19.056 0.045
5413.75771 19.165 0.065
5414.48593 18.952 0.042
5414.52371 19.030 0.040
5414.63346 19.027 0.037
5414.74428 18.917 0.043
5416.60258 18.930 0.061
5416.64851 19.098 0.059
5416.71133 19.136 0.065
5418.56710 19.090 0.043
5418.61134 19.089 0.047
5418.66636 18.955 0.043
5418.71298 19.102 0.050
5421.51990 18.952 0.049
5421.57924 19.021 0.046
5421.62530 19.107 0.062
5421.66812 19.045 0.055
5421.71387 18.971 0.049
5422.50304 19.095 0.057
5422.54714 19.115 0.044
5422.67101 19.048 0.042
5423.48481 19.031 0.041
5423.52670 19.015 0.040
5423.63145 19.053 0.053
5425.49374 19.031 0.051
5425.53490 19.090 0.048
5426.50217 18.998 0.088
5426.54122 18.877 0.065
5426.69245 19.201 0.132
5430.48809 19.023 0.068
5430.52796 19.110 0.064
5430.57277 19.056 0.070
5430.61196 19.033 0.058
5430.64999 19.096 0.068
5431.48913 19.040 0.061
5431.52859 19.053 0.059
5431.56791 19.125 0.069
5431.60942 18.955 0.055
5431.64702 18.967 0.064
5431.68796 19.229 0.100
5432.62497 19.174 0.084
5432.66786 18.853 0.071
5433.64261 18.956 0.083
5433.68790 19.019 0.073
5434.51978 19.054 0.065
5434.56411 18.991 0.056
5434.60709 19.021 0.054
5434.64957 18.971 0.052
5434.69192 19.047 0.063
5435.49131 18.890 0.054
5435.53426 18.954 0.051
5435.60094 19.000 0.050
5435.65450 19.053 0.051
5435.69515 19.016 0.054
5436.48905 18.972 0.050
5436.58794 18.906 0.055
5436.70222 19.020 0.059
5437.54348 19.010 0.043
5437.67452 19.046 0.053
5438.52437 18.997 0.063
5438.58967 19.013 0.058
5438.66411 18.990 0.044
5438.70172 19.081 0.050
5439.53852 19.046 0.068
5439.57994 18.990 0.060
5439.61773 19.116 0.069
5439.65574 18.976 0.053
5443.51020 19.015 0.060
5443.54815 19.021 0.061
5443.59418 18.923 0.062
5443.63190 19.092 0.059
5443.67557 19.031 0.055
5444.50522 19.012 0.053
5444.55674 19.011 0.052
5444.60840 19.154 0.060
5444.64649 19.155 0.056
5445.47994 19.024 0.049
5445.57781 19.083 0.051
5445.65392 19.032 0.047
5446.48436 19.035 0.055
5446.53549 19.136 0.055
5446.57596 18.937 0.053
5446.61466 19.051 0.045
5446.65451 19.085 0.048
5447.50309 19.085 0.041
5447.54567 19.046 0.051
5447.60957 18.967 0.045
5448.47688 19.056 0.080
5448.52169 18.927 0.052
5448.57578 18.961 0.054
5449.47806 18.955 0.071
5449.51640 19.098 0.065
5449.54740 19.063 0.055
5449.63100 19.021 0.053
5450.51916 18.834 0.061
5450.55667 19.105 0.070
5450.60533 18.898 0.056
5450.64523 18.903 0.064
5451.64653 18.947 0.068
5453.47936 18.948 0.098
5453.57908 19.048 0.056
5457.49756 18.981 0.040
5457.55542 19.141 0.048
5457.60267 18.993 0.053
5458.48793 19.159 0.075
5458.54409 18.860 0.076
5458.58704 19.065 0.061
5459.50555 19.051 0.074
5459.55310 18.990 0.051
5459.60219 19.075 0.053
5460.49357 18.904 0.067
5460.58883 18.751 0.091
5461.50030 18.874 0.075
5461.54994 19.177 0.119
5461.59229 18.945 0.063
5462.48145 18.968 0.080
5462.56161 18.983 0.058
5463.51429 19.021 0.057
5463.58864 19.109 0.064
5464.50646 18.934 0.053
5464.54846 19.114 0.070
5465.51157 18.936 0.061
5467.48474 18.968 0.064
5468.55427 19.008 0.071
5469.60908 19.043 0.054
5471.51898 18.908 0.051
5471.58741 18.907 0.047
5472.55311 18.874 0.055
5473.50276 18.911 0.064
5476.49398 19.008 0.058
5477.54097 18.921 0.058
5479.51016 18.765 0.055
5480.50540 19.070 0.068
5480.56912 19.110 0.066
5481.54163 19.193 0.129
5485.52189 18.987 0.063
5486.50831 19.005 0.070
5487.48807 18.977 0.065
5487.55171 19.099 0.064
5488.54165 19.117 0.064
5489.52979 19.014 0.081
5490.52818 19.025 0.092
5492.52986 18.864 0.079
5494.53507 18.857 0.071
5495.53897 19.114 0.069
5497.53649 19.063 0.067
5502.50494 19.096 0.079
5596.88300 18.997 0.099
5598.86658 18.965 0.052
5599.88228 19.118 0.071
5600.87289 19.039 0.053
5602.86580 19.000 0.079
5604.87399 18.945 0.061
5605.87209 18.944 0.042
5606.86981 19.055 0.057
5607.87413 19.031 0.055
5608.86902 19.139 0.077
5611.85343 18.931 0.084
5612.86865 18.922 0.060
5614.85410 19.137 0.069
5615.86240 19.090 0.059
5616.85545 19.138 0.078
5617.89305 18.789 0.112
5620.84350 19.090 0.067
5621.84632 19.051 0.050
5622.88386 19.014 0.039
5624.83899 18.897 0.041
5625.81814 19.010 0.061
5626.81397 18.856 0.094
5627.84239 19.000 0.048
5628.85312 19.052 0.049
5629.82132 19.055 0.061
5630.79875 18.943 0.054
5631.82599 19.046 0.083
5632.83379 19.028 0.051
5633.79102 19.025 0.050
5634.84588 18.954 0.053
5635.85443 18.960 0.064
5637.81433 19.060 0.101
5638.79322 19.212 0.086
5639.79236 18.993 0.062
5639.86791 18.938 0.044
5640.75719 18.881 0.082
5640.80005 19.108 0.071
5640.83847 19.013 0.071
5640.88704 19.029 0.050
5641.75339 18.841 0.057
5641.79393 19.040 0.060
5641.87350 18.889 0.047
5642.75971 19.173 0.083
5642.79525 19.016 0.054
5642.85426 19.068 0.060
5642.87555 19.085 0.061
5642.91762 18.685 0.082
5643.76977 19.136 0.072
5643.80805 19.052 0.061
5643.86780 18.895 0.042
5643.90903 19.037 0.055
5644.77750 18.995 0.075
5644.81821 19.037 0.077
5644.88878 19.098 0.060
5647.85410 19.182 0.094
5647.87432 19.018 0.080
5647.89028 19.210 0.115
5647.90867 19.016 0.100
5648.75937 19.041 0.057
5648.82479 18.982 0.043
5648.86693 18.954 0.042
5648.91234 19.018 0.063
5649.76579 18.966 0.048
5649.80777 19.008 0.041
5649.87219 18.885 0.037
5649.91052 19.086 0.051
5650.75758 19.017 0.046
5650.82012 18.967 0.039
5650.86416 19.055 0.045
5650.91305 19.009 0.049
5651.77820 18.990 0.046
5651.82124 18.993 0.046
5651.89761 19.000 0.045
5652.75827 18.950 0.042
5652.82157 18.937 0.036
5652.86347 19.011 0.040
5653.78688 19.071 0.042
5653.91731 18.969 0.040
5654.79207 19.041 0.051
5654.83832 18.926 0.043
5654.88247 19.006 0.043
5655.74053 19.045 0.055
5655.77963 19.018 0.051
5655.81757 19.017 0.049
5655.85848 18.922 0.040
5655.90874 18.970 0.042
5656.80003 18.982 0.045
5656.84090 18.948 0.035
5656.92754 18.914 0.087
5657.78882 19.144 0.046
5657.82978 19.149 0.041
5657.87526 19.098 0.042
5657.91965 19.107 0.052
5658.78567 19.080 0.062
5658.84269 19.101 0.048
5658.88113 18.985 0.052
5658.92222 19.153 0.086
5659.73734 18.985 0.041
5659.77496 19.006 0.045
5659.81425 19.044 0.050
5659.85707 19.016 0.060
5659.90471 18.964 0.041
5660.74125 19.043 0.048
5660.78577 19.059 0.052
5660.82747 19.127 0.048
5660.89911 19.029 0.051
5662.73635 18.893 0.050
5662.77677 18.981 0.055
5662.83783 19.027 0.053
5662.87652 19.003 0.046
5662.91790 19.151 0.053
5664.73775 18.965 0.073
5664.78313 18.931 0.052
5664.84330 18.943 0.052
5664.88352 18.911 0.061
5664.92618 18.964 0.068
5665.75020 19.108 0.065
5665.79590 18.995 0.045
5665.86011 19.070 0.049
5665.90778 19.066 0.045
5667.73539 19.046 0.051
5667.74696 18.936 0.045
5667.78800 19.168 0.053
5667.83973 18.957 0.042
5667.89424 19.030 0.041
5668.72180 19.041 0.067
5668.77893 18.964 0.055
5668.84544 19.100 0.066
5668.90042 19.138 0.075
5669.74088 18.980 0.060
5669.78899 19.010 0.048
5669.83802 19.100 0.048
5669.88983 19.164 0.058
5670.72300 19.011 0.060
5670.76346 18.999 0.055
5670.82667 18.983 0.062
5670.86753 19.017 0.047
5670.90893 19.011 0.055
5671.74492 18.863 0.051
5675.70877 18.985 0.049
5675.74723 19.149 0.061
5675.78510 18.972 0.049
5675.82592 18.946 0.052
5675.89535 19.112 0.063
5676.67328 18.891 0.034
5676.71178 18.980 0.028
5676.75092 19.033 0.033
5676.79053 19.024 0.045
5676.85509 19.102 0.046
5676.90116 19.064 0.039
5677.70266 19.066 0.053
5677.74804 19.000 0.040
5677.78940 18.978 0.046
5677.83956 18.990 0.049
5677.89192 18.918 0.036
5679.67054 19.001 0.059
5679.71117 18.976 0.043
5679.75259 19.074 0.047
5679.80469 19.087 0.055
5679.85574 18.929 0.040
5679.89604 19.010 0.043
5680.65814 19.227 0.082
5680.69716 18.900 0.060
5680.73589 19.161 0.060
5680.78538 19.092 0.058
5680.83828 19.046 0.045
5680.88220 18.991 0.040
5680.92247 18.979 0.049
5681.68763 18.951 0.052
5681.72579 19.033 0.050
5681.76555 19.069 0.046
5681.82818 19.105 0.050
5681.87284 19.024 0.056
5681.91280 19.016 0.047
5682.67483 18.908 0.052
5682.71667 19.026 0.050
5682.76427 18.996 0.044
5682.81605 19.020 0.047
5682.89627 18.964 0.044
5682.93526 19.238 0.093
5683.69740 19.089 0.050
5683.76810 19.043 0.045
5683.81659 19.071 0.039
5683.87736 19.030 0.043
5683.91920 19.034 0.043
5684.67954 19.100 0.050
5684.72990 19.078 0.048
5684.78077 19.020 0.044
5684.83288 19.114 0.049
5684.89143 19.042 0.046
5684.93169 18.992 0.064
5685.76721 18.966 0.038
5685.80617 19.023 0.036
5685.85846 19.097 0.038
5685.90251 18.991 0.039
5686.65493 18.904 0.057
5686.71689 18.906 0.038
5686.76227 19.067 0.041
5686.81312 18.969 0.038
5686.86332 18.997 0.057
5686.90259 18.911 0.052
5687.65627 18.954 0.064
5687.70054 19.245 0.083
5687.75239 19.041 0.049
5687.79439 18.860 0.040
5687.84665 19.038 0.046
5688.87015 19.130 0.050
5688.92715 19.142 0.076
5689.69914 18.959 0.039
5689.77396 18.990 0.041
5689.81392 19.061 0.038
5690.64204 18.893 0.050
5690.69222 19.041 0.046
5690.74899 18.971 0.064
5690.79350 19.046 0.053
5690.83973 18.978 0.065
5690.90565 19.044 0.076
5691.66042 19.018 0.053
5691.73135 19.015 0.044
5691.77440 18.974 0.048
5691.82390 18.968 0.044
5691.86388 19.014 0.050
5691.93170 19.194 0.098
5692.66330 19.012 0.058
5692.71875 18.988 0.047
5692.76599 18.954 0.041
5692.80577 19.079 0.054
5692.84470 19.053 0.047
5692.88312 19.022 0.054
5692.92071 19.100 0.061
5693.63376 18.937 0.053
5693.68232 19.152 0.048
5693.75176 19.053 0.042
5693.78953 18.926 0.034
5693.82878 19.165 0.047
5693.86640 19.118 0.052
5693.90433 18.961 0.051
5694.61526 18.990 0.060
5694.64583 18.948 0.055
5694.68375 18.952 0.047
5694.75001 18.974 0.046
5694.79820 19.132 0.050
5694.83701 19.038 0.043
5694.87435 19.102 0.058
5694.91202 18.915 0.050
5695.61911 19.036 0.066
5695.65752 18.973 0.055
5695.73846 18.913 0.056
5695.79419 19.043 0.043
5695.83846 19.121 0.045
5695.87643 19.024 0.043
5695.91398 18.950 0.042
5696.61066 19.060 0.081
5696.64395 18.900 0.056
5696.69353 19.001 0.055
5696.74110 19.113 0.051
5696.78060 19.092 0.056
5696.82454 19.087 0.050
5696.86597 19.110 0.059
5696.92448 19.011 0.056
5697.61397 19.199 0.083
5697.66135 18.936 0.048
5697.70891 19.101 0.054
5697.74758 18.917 0.049
5697.78979 19.000 0.047
5697.82885 19.025 0.045
5697.86913 19.033 0.051
5697.91112 19.099 0.055
5698.60653 19.129 0.101
5698.64388 19.125 0.086
5698.69456 19.008 0.069
5698.73456 18.940 0.062
5698.77272 19.148 0.078
5698.81504 18.950 0.052
5698.85335 18.942 0.053
5698.89326 18.967 0.074
5698.93771 18.942 0.094
5702.91628 19.155 0.158
5703.68423 19.137 0.089
5703.71540 18.968 0.084
5703.76306 18.947 0.065
5703.83290 19.123 0.083
5705.71109 19.126 0.079
5705.75341 18.935 0.060
5705.79784 18.987 0.079
5705.85517 19.044 0.061
5705.90186 18.976 0.074
5706.64489 18.898 0.073
5706.74042 18.954 0.069
5706.79215 18.992 0.063
5706.85788 18.868 0.064
5707.59019 19.011 0.059
5707.62834 19.016 0.054
5707.68487 19.051 0.053
5707.72301 19.004 0.056
5707.76219 19.072 0.045
5707.80259 19.073 0.048
5707.84201 19.076 0.047
5707.88177 19.079 0.065
5707.92872 19.083 0.077
5708.60774 18.993 0.055
5708.66375 19.030 0.051
5708.71415 19.122 0.061
5708.75227 19.048 0.060
5708.80310 19.136 0.068
5708.84675 19.038 0.078
5708.89773 19.110 0.107
5709.58293 18.888 0.057
5709.63589 18.886 0.053
5709.79148 19.007 0.049
5711.69433 19.045 0.052
5712.59558 18.959 0.076
5712.67030 18.969 0.047
5712.68291 18.925 0.045
5712.72204 19.033 0.044
5712.76370 18.974 0.038
5712.80459 19.110 0.048
5712.84401 19.043 0.050
5712.91972 19.289 0.091
5713.77267 19.030 0.040
5713.81935 19.006 0.045
5713.85994 19.138 0.061
5714.59972 19.080 0.083
5714.61415 18.987 0.061
5714.69041 19.019 0.050
5715.56849 18.955 0.050
5715.61986 19.044 0.047
5715.67189 19.004 0.041
5715.71371 19.092 0.046
5715.76330 18.976 0.043
5715.80490 19.034 0.043
5715.84708 19.152 0.053
5715.90333 18.916 0.059
5716.59011 18.942 0.069
5716.60278 19.042 0.059
5716.61749 18.906 0.052
5716.63012 19.101 0.059
5716.69053 19.038 0.057
5716.74396 19.075 0.045
5716.78764 19.054 0.048
5716.82674 19.015 0.053
5716.86750 18.968 0.054
5716.91458 18.905 0.064
5721.63287 19.032 0.055
5721.71115 19.287 0.069
5721.77948 19.159 0.053
5721.81865 18.869 0.045
5721.87072 18.941 0.054
5721.91186 18.871 0.078
5722.60419 19.153 0.067
5722.61779 18.973 0.048
5722.65860 19.021 0.046
5722.67219 19.007 0.044
5722.71336 19.150 0.053
5722.77840 19.047 0.045
5722.81794 19.028 0.053
5723.56043 18.948 0.061
5723.60845 18.999 0.049
5723.65587 19.100 0.057
5723.69651 19.005 0.051
5723.73755 18.963 0.044
5723.77598 19.082 0.053
5723.81497 19.052 0.043
5723.85464 19.090 0.059
5724.55529 18.799 0.088
5724.55801 18.954 0.094
5724.62411 19.202 0.088
5724.63661 19.102 0.083
5724.67469 18.911 0.054
5724.68875 18.845 0.052
5724.73769 19.073 0.056
5724.78625 19.049 0.061
5724.82695 19.023 0.057
5725.57789 19.077 0.050
5725.59134 19.046 0.045
5725.60480 19.092 0.048
5725.64540 19.038 0.052
5725.65968 18.968 0.045
5725.71214 19.001 0.040
5725.75180 18.972 0.044
5725.79156 19.085 0.053
5726.55577 18.978 0.073
5726.60062 19.037 0.073
5726.63848 18.972 0.056
5726.68598 18.988 0.049
5726.72702 18.912 0.098
5726.76633 18.873 0.080
5726.81124 19.144 0.076
5734.65990 19.126 0.090
5734.70281 19.018 0.086
5734.75098 19.118 0.086
5734.79412 19.139 0.069
5734.84283 18.883 0.068
5734.88749 18.919 0.080
5735.67794 18.968 0.066
5735.74273 18.926 0.049
5735.78952 18.981 0.051
5735.83593 19.020 0.060
5735.88057 19.118 0.086
5736.53867 19.058 0.056
5736.57665 18.984 0.051
5736.61881 19.066 0.038
5736.66244 19.092 0.038
5736.70412 18.957 0.034
5736.78418 18.987 0.039
5736.83121 19.007 0.042
5736.87935 18.946 0.053
5737.52189 19.010 0.062
5737.55998 18.910 0.043
5737.61327 19.080 0.043
5737.65583 19.077 0.044
5737.70995 19.071 0.039
5737.75077 18.947 0.036
5737.78991 18.944 0.041
5737.83704 19.063 0.047
5737.87789 18.998 0.051
5738.58937 19.063 0.049
5738.63018 19.051 0.042
5738.69745 19.012 0.039
5738.73697 19.026 0.040
5739.50291 19.003 0.070
5739.52815 19.034 0.057
5739.56641 19.031 0.059
5739.60700 18.974 0.048
5739.65571 19.006 0.041
5739.71364 19.005 0.048
5739.75201 18.979 0.041
5739.79077 18.899 0.044
5739.84561 19.044 0.054
5740.49851 19.176 0.092
5740.54605 18.991 0.069
5740.58714 18.876 0.060
5740.64695 19.001 0.050
5740.71061 19.177 0.056
5740.75014 19.089 0.049
5740.79500 18.951 0.047
5740.83405 19.115 0.069
5740.88146 19.166 0.084
5741.52090 19.229 0.070
5741.56014 18.989 0.050
5741.60432 18.987 0.044
5741.64217 18.992 0.048
5741.70324 19.084 0.052
5741.74230 18.986 0.044
5741.78325 19.005 0.043
5741.82151 19.020 0.048
5741.85949 19.181 0.051
5742.49241 18.974 0.074
5742.53507 18.996 0.054
5742.57743 18.964 0.049
5742.61541 18.992 0.042
5742.67719 18.998 0.039
5742.71602 19.095 0.042
5742.75457 19.069 0.039
5742.79283 19.073 0.043
5742.83084 19.020 0.040
5742.87111 18.962 0.048
5743.62700 18.947 0.055
5743.66677 18.926 0.045
5743.72777 18.904 0.051
5743.76595 18.982 0.053
5743.80401 18.982 0.054
5743.84162 19.045 0.070
5743.87955 19.007 0.084
5744.52366 19.159 0.086
5744.56204 18.899 0.059
5744.60021 18.959 0.061
5744.64869 18.986 0.043
5744.72702 19.045 0.050
5744.77703 19.020 0.046
5744.81875 19.038 0.054
5744.86393 19.296 0.094
5745.51240 19.088 0.066
5745.55858 18.938 0.050
5745.59933 18.927 0.062
5745.63848 19.025 0.052
5745.69903 19.108 0.046
5745.73706 18.962 0.046
5745.77524 18.960 0.052
5745.81315 18.985 0.058
5745.86620 18.886 0.065
5746.56985 19.047 0.068
5746.60960 18.989 0.050
5746.65031 18.926 0.047
5746.71630 18.985 0.052
5746.75409 18.969 0.053
5746.79646 19.024 0.066
5746.84220 18.958 0.065
5747.61270 19.084 0.079
5747.65754 19.091 0.061
5747.70282 19.080 0.069
5747.74655 18.938 0.064
5747.81288 18.992 0.079
5748.63036 19.051 0.047
5748.68773 18.988 0.060
5749.52556 19.174 0.095
5749.56352 19.002 0.055
5749.60289 19.074 0.054
5749.65221 18.969 0.054
5749.69186 19.023 0.063
5749.73014 19.105 0.063
5749.76853 19.216 0.071
5749.80781 18.968 0.064
5752.56993 18.831 0.074
5753.49917 19.232 0.218
5753.60372 19.051 0.080
5753.76804 19.002 0.098
5754.59632 19.092 0.164
5759.83091 18.929 0.076
5760.49079 18.793 0.077
5760.53242 19.264 0.085
5760.58501 19.186 0.067
5760.64122 19.003 0.061
5760.68460 19.068 0.058
5760.73586 18.892 0.050
5760.77413 19.145 0.062
5760.81180 19.118 0.071
5761.50523 18.880 0.036
5761.54847 19.195 0.040
5761.61432 18.664 0.042
5762.51181 18.812 0.045
5762.55010 19.009 0.054
5762.59176 19.050 0.048
5762.63012 19.080 0.061
5762.66987 18.998 0.053
5762.70609 18.997 0.057
5762.74796 19.042 0.081
5762.76747 19.143 0.092
5763.50213 18.898 0.046
5763.54613 19.110 0.042
5763.58777 19.121 0.043
5763.64468 18.904 0.043
5763.68653 18.988 0.056
5763.73411 18.981 0.058
5763.77207 19.117 0.077
5763.81093 18.919 0.067
5764.50997 19.094 0.050
5764.54980 19.041 0.046
5764.59039 19.050 0.046
5764.63860 19.014 0.050
5764.68762 19.022 0.044
5764.73324 19.121 0.046
5765.46895 18.938 0.056
5765.50896 18.965 0.050
5765.55186 18.968 0.044
5765.61589 18.978 0.039
5765.66089 19.094 0.049
5765.70511 18.984 0.048
5765.75102 19.025 0.059
5766.48134 19.040 0.057
5766.52026 18.972 0.047
5766.58469 18.906 0.041
5766.62454 18.925 0.038
5766.66525 19.015 0.041
5766.70645 18.974 0.045
5766.75013 19.082 0.059
5767.49850 18.977 0.062
5767.54409 18.998 0.054
5767.58743 18.965 0.046
5767.65534 19.045 0.052
5767.71128 19.031 0.052
5767.75202 18.931 0.061
5767.79360 18.912 0.062
5768.48818 18.971 0.049
5768.52804 19.039 0.047
5768.58856 18.901 0.038
5768.63540 19.036 0.042
5768.68002 19.119 0.045
5768.72693 18.914 0.039
5768.76770 19.035 0.052
5769.47238 19.012 0.061
5769.51182 19.185 0.058
5769.56577 19.019 0.043
5769.62357 19.132 0.053
5769.67672 19.023 0.043
5769.72564 19.083 0.054
5769.76784 19.111 0.060
5770.66880 19.028 0.059
5770.75276 19.160 0.064
5775.59508 18.963 0.062
5775.63783 19.283 0.078
5776.53895 18.828 0.066
5776.60617 19.107 0.071
5776.64721 19.087 0.058
5776.72187 18.893 0.066
5777.47873 19.035 0.052
5777.52324 19.024 0.041
5777.57529 19.085 0.045
5777.65570 19.134 0.047
5777.70580 18.985 0.040
5777.77061 19.024 0.051
5778.50347 18.997 0.073
5778.55991 18.855 0.054
5778.60823 18.844 0.058
5779.59828 18.983 0.047
5779.64221 19.055 0.046
5779.69674 19.137 0.058
5779.74132 19.047 0.051
5784.51576 18.918 0.079
5784.60166 19.196 0.075
5784.71899 19.118 0.117
5785.51857 19.021 0.074
5785.57893 18.967 0.068
5785.62547 19.282 0.093
5785.66781 18.851 0.055
5785.70968 19.129 0.084
5786.49204 19.034 0.094
5786.56907 19.068 0.079
5786.61350 19.000 0.071
5786.65613 18.973 0.064
5786.71147 18.992 0.066
5787.47664 19.112 0.069
5787.54777 18.982 0.048
5787.58987 19.115 0.052
5787.63530 19.061 0.047
5787.67424 18.970 0.055
5787.71993 18.890 0.057
5788.49178 18.961 0.058
5788.55544 19.072 0.066
5788.59501 19.046 0.056
5788.63580 19.127 0.065
5788.67656 19.022 0.067
5788.72032 19.103 0.087
5790.47339 18.972 0.071
5790.52083 18.841 0.051
5790.57293 18.911 0.060
5790.61463 18.968 0.062
5790.65532 18.956 0.053
5790.69550 19.077 0.058
5790.73371 19.012 0.061
5791.51159 19.141 0.068
5791.61361 18.991 0.050
5793.51488 19.017 0.049
5793.56800 19.005 0.053
5793.61028 19.011 0.050
5793.64884 18.954 0.055
5793.68782 18.902 0.050
5793.73204 19.121 0.080
5794.50655 19.083 0.064
5794.57380 19.073 0.056
5794.61493 19.154 0.067
5794.65684 19.029 0.057
5794.70368 18.991 0.049
5795.56710 18.824 0.061
5795.62848 19.094 0.067
5795.71021 18.970 0.056
5796.47671 18.988 0.053
5796.52798 19.029 0.050
5796.59666 19.019 0.053
5796.63561 19.065 0.050
5796.67693 18.900 0.054
5796.71892 18.896 0.079
5799.49139 19.306 0.078
5801.53186 19.188 0.073
5801.57112 18.999 0.056
5801.60924 18.958 0.059
5801.65050 19.026 0.056
5801.69056 19.028 0.064
5802.56221 19.029 0.061
5802.64196 18.964 0.063
5803.53585 18.915 0.053
5804.47911 18.937 0.046
5804.54326 19.033 0.055
5804.58374 18.871 0.045
5804.62153 19.062 0.050
5804.66078 18.928 0.062
5805.49072 18.975 0.037
5805.54398 19.050 0.047
5805.58197 18.960 0.043
5805.62533 18.994 0.052
5805.68106 19.131 0.077
5806.53929 19.087 0.068
5806.62422 19.086 0.061
5807.57912 19.039 0.070
5807.62172 19.111 0.059
5807.65949 18.832 0.064
5812.52308 19.036 0.083
5812.56324 19.007 0.081
5812.60391 19.057 0.077
5812.64504 19.087 0.081
5813.47445 18.890 0.078
5813.53634 18.891 0.050
5813.57655 18.971 0.047
5813.61442 19.085 0.052
5813.65226 18.943 0.051
5815.51759 19.186 0.058
5815.55600 18.983 0.047
5815.60325 18.970 0.047
5815.64101 19.068 0.050
5816.47785 19.096 0.063
5816.53619 19.097 0.065
5816.57436 18.944 0.058
5816.61271 19.027 0.063
5817.48059 19.070 0.053
5817.53743 18.962 0.048
5817.57537 19.054 0.067
5817.61444 19.043 0.069
5817.65518 18.955 0.072
5818.51889 18.931 0.056
5818.55697 19.113 0.066
5818.59533 18.968 0.064
5818.63702 19.203 0.099
5819.51848 19.024 0.048
5819.56532 19.001 0.057
5819.60302 19.166 0.065
5819.64289 19.066 0.061
5820.49619 18.973 0.085
5820.54329 19.050 0.058
5820.58098 19.016 0.057
5820.61886 18.841 0.055
5820.65515 19.049 0.081
5822.53829 18.918 0.059
5822.58327 18.980 0.053
5822.62693 19.210 0.074
5823.51499 18.902 0.075
5823.55834 18.869 0.062
5823.60195 18.952 0.057
5824.48243 18.899 0.073
5824.53891 18.982 0.048
5824.57947 19.077 0.053
5824.61942 19.001 0.060
5825.49896 19.097 0.075
5825.55693 19.085 0.060
5825.59542 19.067 0.056
5826.47982 18.949 0.079
5826.51969 18.863 0.059
5826.56719 19.015 0.060
5826.60633 19.127 0.083
5827.50616 19.143 0.095
5827.54414 18.823 0.064
5827.58662 19.005 0.068
5827.62418 19.120 0.078
5828.51939 19.093 0.053
5828.55737 19.020 0.049
5828.59493 19.028 0.056
5829.48130 18.975 0.084
5829.53033 19.032 0.052
5829.56802 19.013 0.046
5829.60629 19.119 0.055
5830.50525 19.081 0.050
5830.54340 19.027 0.046
5830.58109 19.023 0.059
5831.48356 19.031 0.056
5831.54210 19.022 0.055
5831.57954 19.132 0.057
5831.61523 19.014 0.068
5832.52553 18.972 0.044
5832.56513 19.045 0.056
5832.60339 19.029 0.066
5833.52341 19.066 0.048
5833.56297 19.058 0.049
5833.60090 19.025 0.061
5834.52262 19.109 0.048
5834.56036 18.951 0.046
5834.59652 19.090 0.057
5835.54378 18.870 0.064
5836.50619 18.995 0.077
5836.53940 19.079 0.077
5836.57125 19.068 0.086
5839.49969 18.975 0.085
5839.53815 19.155 0.106
5839.57593 19.000 0.092
5840.48092 19.011 0.135
5840.52995 18.902 0.057
5840.58240 19.033 0.060
5841.48342 19.033 0.126
5841.52414 19.061 0.084
5841.56745 18.939 0.066
5841.60347 18.988 0.074
5842.52542 18.941 0.088
5842.57415 18.971 0.080
5843.48343 19.028 0.100
5843.52715 18.891 0.058
5843.56764 19.015 0.077
5843.60866 18.995 0.082
5844.51206 19.182 0.073
5844.55099 19.057 0.071
5844.59057 18.956 0.097
5845.51150 19.055 0.076
5845.55196 19.052 0.078
5845.59220 19.034 0.099
5846.51515 19.072 0.095
5846.55392 18.912 0.081
5847.54211 19.138 0.120
5850.52619 19.015 0.054
5850.56463 19.026 0.055
5851.51518 18.967 0.055
5851.55294 18.920 0.054
5852.50374 19.277 0.109
5852.54627 19.104 0.086
5854.50767 18.987 0.077
5854.54864 19.001 0.075
5855.53542 19.050 0.074
5856.49170 18.864 0.092
5856.53996 18.918 0.079
5857.50897 18.765 0.073
5858.50990 19.116 0.115
5859.50639 18.920 0.074
5859.54236 19.093 0.083
5860.52187 19.294 0.093
5861.51563 18.923 0.062
5862.52305 19.055 0.068
5866.50624 19.044 0.118
5867.50941 19.070 0.069
5868.50891 18.938 0.075
5868.51075 19.212 0.095
5869.50169 18.967 0.085
5870.50631 19.068 0.065
5872.50546 18.954 0.075
5873.50665 18.982 0.080
5970.87416 19.001 0.061
5971.87552 19.025 0.052
5972.89038 19.049 0.063
5976.87959 19.064 0.051
5977.84068 19.065 0.064
5977.87709 19.164 0.064
5978.84281 18.936 0.057
5978.88738 19.075 0.055
5979.84083 18.854 0.064
5979.87930 18.754 0.065
5980.86069 18.878 0.060
5982.82192 18.956 0.070
5982.86526 19.156 0.075
5983.82663 18.963 0.061
5983.85698 19.122 0.048
5983.90464 19.216 0.074
5984.83918 19.080 0.052
5984.88649 19.022 0.042
5985.82480 19.002 0.067
5985.86141 18.925 0.048
5986.81898 19.065 0.067
5986.83946 18.875 0.048
5986.88739 19.085 0.047
5987.81768 18.962 0.070
5987.85423 18.873 0.044
5987.90420 18.926 0.059
5988.83329 19.075 0.066
5988.88059 18.927 0.039
5989.81080 18.950 0.056
5989.84089 19.064 0.059
5989.88271 18.917 0.054
5990.80914 18.994 0.079
5990.84689 18.893 0.044
5990.88832 19.076 0.048
5991.82197 18.975 0.053
5991.86235 18.987 0.044
5992.81626 19.032 0.060
5992.83896 19.043 0.050
5992.88102 18.922 0.039
5993.80682 18.921 0.067
5993.84601 19.146 0.068
5993.88913 18.932 0.047
5994.80833 18.933 0.059
5994.84009 19.022 0.051
5994.89100 18.950 0.047
5995.80026 19.004 0.051
5995.81978 18.887 0.044
5995.86538 18.979 0.044
5995.90355 18.936 0.049
5996.80799 18.936 0.050
5996.84557 18.949 0.043
5996.89231 19.001 0.037
5997.80140 18.988 0.058
5997.84010 19.125 0.058
5997.88773 19.004 0.045
5998.78829 19.091 0.069
5998.81628 19.040 0.052
5998.86786 19.096 0.050
5998.90558 18.991 0.043
5999.80014 18.995 0.058
5999.84871 19.064 0.051
5999.88691 19.052 0.048
6002.90828 18.967 0.073
6003.86512 19.045 0.061
6004.76562 18.910 0.064
6004.79780 19.039 0.058
6004.85567 19.017 0.050
6004.89329 18.961 0.040
6005.76106 19.087 0.060
6005.80211 19.081 0.051
6005.85067 18.974 0.046
6005.90745 18.963 0.033
6006.77282 18.905 0.044
6006.82567 19.016 0.039
6006.87661 19.053 0.045
6006.91430 19.031 0.047
6007.77865 19.119 0.049
6007.82556 19.026 0.043
6007.87380 19.091 0.044
6007.91142 18.933 0.038
6008.77040 18.959 0.051
6008.81776 18.925 0.045
6008.86704 19.027 0.046
6008.90452 19.072 0.052
6009.76404 19.032 0.051
6009.80647 19.124 0.046
6009.85489 18.991 0.040
6009.89228 19.166 0.046
6010.74766 19.038 0.059
6010.77623 19.105 0.051
6010.82519 19.056 0.046
6010.87442 19.041 0.036
6010.91268 19.034 0.038
6011.76232 19.128 0.064
6011.82280 18.940 0.059
6011.88025 18.937 0.054
6011.91842 18.919 0.064
6012.76641 18.967 0.049
6012.80709 19.074 0.045
6012.86542 19.040 0.037
6012.90328 19.110 0.033
6013.76222 18.995 0.048
6013.80100 19.064 0.043
6013.86247 19.125 0.048
6013.90372 19.033 0.040
6014.73844 19.011 0.054
6014.77731 19.081 0.046
6014.83668 19.023 0.049
6014.87611 19.006 0.050
6014.91577 18.884 0.057
6015.75527 18.937 0.040
6015.79413 18.973 0.035
6015.83258 18.989 0.034
6015.88279 19.046 0.036
6015.92417 18.919 0.077
6016.73174 19.082 0.048
6016.74823 19.032 0.042
6016.76556 18.931 0.038
6016.78801 19.046 0.043
6016.80590 18.981 0.039
6016.82810 19.020 0.038
6016.86864 18.989 0.036
6016.89144 19.044 0.036
6016.90904 18.936 0.032
6017.74087 19.041 0.044
6017.77901 19.068 0.038
6017.81729 19.108 0.037
6017.87575 19.051 0.034
6017.91628 18.998 0.036
6018.76737 18.942 0.052
6018.80623 18.909 0.055
6018.84614 19.055 0.038
6018.91145 19.112 0.034
6019.74293 18.929 0.058
6019.78233 19.056 0.049
6019.83957 19.094 0.043
6019.87738 19.015 0.032
6019.91731 18.965 0.037
6020.72641 18.930 0.049
6020.76493 18.925 0.043
6020.82107 18.916 0.033
6020.85989 19.051 0.036
6020.89950 19.070 0.055
6021.71580 19.002 0.087
6021.74769 19.017 0.055
6021.78668 18.877 0.044
6021.82534 19.131 0.042
6021.88371 18.902 0.036
6021.92413 19.077 0.060
6022.73524 18.994 0.054
6022.77350 19.093 0.048
6022.81176 18.860 0.037
6022.86925 19.053 0.045
6022.91150 19.103 0.051
6023.72925 19.061 0.068
6023.76915 18.862 0.041
6023.80975 19.110 0.053
6023.84988 19.035 0.046
6023.91438 19.015 0.047
6024.72276 18.897 0.060
6024.76373 18.952 0.059
6024.82430 19.036 0.046
6024.86486 19.089 0.047
6024.91513 18.999 0.054
6025.71246 19.004 0.080
6025.75294 19.075 0.072
6025.79276 18.928 0.061
6025.84599 19.078 0.067
6025.89826 19.023 0.055
6026.72649 18.897 0.124
6029.84336 19.000 0.055
6031.76593 18.843 0.048
6031.80537 19.024 0.046
6031.84633 19.095 0.048
6031.88712 19.060 0.066
6032.68226 19.017 0.069
6032.72227 18.927 0.044
6032.77012 19.129 0.046
6032.81855 18.935 0.039
6032.85888 19.084 0.047
6032.90264 18.946 0.036
6033.69432 19.063 0.066
6033.74105 18.911 0.051
6033.78266 19.046 0.057
6033.85370 18.980 0.038
6033.89528 18.995 0.045
6034.69016 19.052 0.052
6034.73683 19.024 0.044
6034.78258 18.985 0.035
6034.83670 18.978 0.041
6034.92494 19.107 0.059
6035.86873 18.964 0.044
6035.93324 18.833 0.081
6036.72726 18.954 0.038
6036.77127 18.983 0.037
6036.84763 18.985 0.032
6036.90208 19.029 0.041
6037.71314 19.009 0.061
6037.75375 19.004 0.057
6037.79745 19.077 0.049
6037.86857 19.028 0.038
6038.72205 18.938 0.056
6038.76365 18.951 0.049
6038.82889 18.979 0.039
6038.87399 19.013 0.040
6038.92461 19.110 0.053
6039.74515 18.870 0.065
6039.79139 18.986 0.056
6039.85155 19.077 0.050
6039.89597 19.112 0.049
6039.93423 18.962 0.083
6040.76246 19.030 0.060
6040.80438 19.023 0.049
6040.86744 18.900 0.043
6040.90860 18.988 0.045
6041.71043 18.880 0.054
6041.75518 18.874 0.057
6041.79937 18.956 0.043
6041.86114 19.060 0.043
6041.90146 18.939 0.040
6045.89599 18.945 0.040
6045.93363 19.067 0.065
6046.90722 19.024 0.044
6047.68024 18.948 0.057
6047.71939 18.934 0.049
6047.75889 19.085 0.043
6047.79846 18.976 0.040
6047.87159 18.879 0.044
6047.91292 18.993 0.047
6048.69668 18.984 0.047
6048.73697 18.906 0.040
6048.79804 18.937 0.039
6048.84251 19.025 0.041
6048.88578 19.046 0.043
6048.92687 19.066 0.045
6049.70535 18.924 0.042
6049.75900 18.964 0.035
6049.81760 19.024 0.035
6049.85826 19.147 0.048
6049.89941 18.958 0.040
6050.65752 19.073 0.077
6050.69470 19.147 0.068
6050.73381 18.994 0.051
6050.80417 19.124 0.052
6050.84407 19.006 0.050
6050.88294 19.026 0.049
6050.92167 18.942 0.050
6051.66384 19.010 0.061
6051.75317 19.114 0.047
6052.67908 18.958 0.065
6052.72702 18.951 0.053
6052.77522 19.153 0.057
6052.81431 18.856 0.045
6052.85526 18.983 0.046
6052.89405 18.939 0.044
6052.93259 19.017 0.053
6053.67070 19.038 0.072
6053.71074 18.829 0.050
6053.75822 19.014 0.050
6053.80613 18.938 0.041
6053.86151 19.058 0.050
6053.90247 19.037 0.058
6054.86568 19.108 0.055
6054.89883 19.083 0.059
6057.87757 18.977 0.048
6057.92556 19.085 0.070
6058.67735 19.041 0.081
6058.71736 18.950 0.053
6058.75670 19.007 0.044
6058.80075 19.025 0.045
6058.84740 19.003 0.051
6058.88903 19.015 0.045
6058.92752 19.060 0.061
6059.69487 18.956 0.053
6059.73350 18.915 0.048
6059.77195 18.859 0.040
6059.83210 19.035 0.042
6059.87092 19.089 0.043
6059.90980 19.066 0.046
6060.77757 19.028 0.045
6061.67136 18.990 0.058
6061.71025 19.139 0.064
6061.76032 19.136 0.044
6061.81087 18.969 0.046
6061.84978 19.025 0.045
6061.88803 19.062 0.059
6061.92659 18.955 0.052
6062.66592 19.004 0.056
6062.70876 18.871 0.052
6062.74778 19.111 0.063
6062.79739 18.986 0.050
6062.84857 18.985 0.046
6062.88687 18.946 0.044
6062.92486 19.036 0.057
6063.77661 18.970 0.062
6063.81772 19.209 0.063
6063.86631 18.977 0.059
6063.91355 18.965 0.048
6064.66419 18.999 0.048
6064.74033 19.025 0.035
6064.80205 18.972 0.035
6064.84378 18.959 0.040
6064.88627 18.926 0.043
6064.92472 19.065 0.052
6065.63522 18.930 0.048
6065.67336 19.060 0.047
6065.71186 18.962 0.037
6065.77260 18.943 0.035
6065.81399 19.015 0.048
6065.86111 19.123 0.051
6066.63767 18.837 0.044
6066.67561 18.958 0.042
6066.71363 19.076 0.044
6066.76403 19.026 0.035
6066.81805 19.087 0.047
6066.85866 19.048 0.045
6066.89888 18.987 0.041
6066.93706 18.994 0.042
6067.62193 19.024 0.048
6067.66257 19.046 0.047
6067.70065 19.097 0.044
6067.74958 19.012 0.035
6067.80084 19.006 0.043
6067.83976 19.026 0.039
6067.87863 19.102 0.048
6067.91644 19.012 0.040
6068.61679 18.962 0.051
6068.66578 18.961 0.041
6068.71252 19.044 0.042
6068.76468 18.991 0.037
6068.84041 19.065 0.037
6068.88516 19.082 0.038
6068.93185 19.056 0.045
6069.60450 19.064 0.054
6069.66499 18.963 0.044
6069.70489 18.939 0.036
6069.74437 19.065 0.039
6069.81155 18.993 0.041
6069.85323 19.196 0.042
6069.89378 19.053 0.038
6069.93190 19.001 0.041
6070.61413 19.172 0.081
6070.65228 18.964 0.059
6070.69204 19.025 0.042
6070.73029 19.024 0.040
6070.77909 18.972 0.042
6070.82911 19.029 0.042
6070.86901 18.976 0.044
6070.90750 18.986 0.048
6070.94666 19.179 0.116
6071.61412 18.969 0.045
6071.65333 18.978 0.045
6071.69296 18.952 0.041
6071.73170 18.990 0.037
6071.79508 19.030 0.052
6071.83492 18.968 0.042
6071.87300 19.027 0.045
6071.91097 18.972 0.071
6075.60812 19.021 0.042
6075.64625 19.020 0.038
6075.68452 19.092 0.037
6075.73533 18.954 0.038
6075.79012 19.024 0.035
6075.82964 19.028 0.038
6075.87408 19.049 0.042
6076.59924 19.016 0.053
6076.64087 18.981 0.051
6076.68764 19.076 0.056
6076.73487 19.063 0.039
6076.78389 19.048 0.045
6076.82261 19.095 0.050
6076.87193 19.129 0.060
6076.91763 18.897 0.055
6077.69976 18.957 0.044
6077.75887 19.024 0.050
6077.81785 19.002 0.044
6077.85887 18.911 0.037
6077.90025 19.012 0.047
6077.93889 19.104 0.062
6078.62078 19.066 0.048
6078.65888 18.871 0.046
6078.69735 19.003 0.044
6078.76016 18.945 0.040
6078.80130 19.111 0.041
6078.83950 19.000 0.040
6078.88366 19.031 0.044
6079.58600 19.073 0.050
6079.62525 19.125 0.049
6079.66321 18.935 0.038
6079.71658 19.009 0.040
6079.77685 18.950 0.044
6079.81601 18.935 0.044
6079.86665 19.010 0.035
6079.90653 18.959 0.046
6079.94529 19.044 0.075
6080.59570 19.148 0.080
6080.63382 19.148 0.064
6080.67683 18.996 0.045
6080.72215 19.008 0.043
6080.76224 19.068 0.057
6080.80155 19.020 0.045
6080.85886 19.082 0.052
6080.89979 19.104 0.052
6080.94159 18.987 0.053
6081.59143 19.132 0.070
6081.62922 18.836 0.047
6081.67027 19.112 0.057
6081.71565 18.996 0.046
6081.75495 19.025 0.060
6081.80967 19.030 0.045
6081.85291 19.018 0.055
6081.89155 18.955 0.062
6081.93955 19.023 0.082
6082.62322 18.942 0.088
6082.66236 18.800 0.088
6082.71309 19.032 0.085
6082.78439 19.161 0.093
6082.82876 19.071 0.087
6082.86577 19.169 0.094
6082.91045 19.074 0.107
6085.58653 18.892 0.064
6085.63643 19.182 0.067
6085.67270 18.943 0.053
6085.71662 19.137 0.078
6085.75953 18.991 0.054
6085.79833 19.061 0.056
6085.83717 19.207 0.078
6085.91735 18.955 0.069
6086.56991 18.988 0.057
6086.61032 19.144 0.065
6086.65345 19.015 0.048
6086.69243 19.047 0.043
6086.75554 18.952 0.040
6086.79383 18.920 0.050
6086.83923 19.060 0.049
6086.88572 18.953 0.058
6086.92710 19.111 0.086
6087.58939 19.286 0.063
6087.72639 19.096 0.063
6087.78275 19.002 0.045
6087.83377 18.938 0.053
6088.56163 19.064 0.062
6088.59946 19.254 0.058
6088.63785 19.014 0.043
6088.67565 18.910 0.032
6089.64169 18.969 0.042
6089.68048 19.054 0.044
6089.74162 19.098 0.050
6089.79200 19.035 0.050
6089.85314 18.893 0.045
6089.92818 19.074 0.071
6092.59782 18.960 0.046
6092.63590 19.051 0.081
6092.67625 18.911 0.047
6092.80568 19.011 0.045
6092.87525 18.787 0.047
6093.55061 19.015 0.058
6093.59217 19.036 0.051
6093.63023 18.948 0.041
6093.66823 19.083 0.055
6093.72870 19.076 0.042
6093.79067 18.962 0.053
6093.83066 18.993 0.055
6093.87116 18.883 0.061
6094.60416 18.706 0.052
6094.64165 18.937 0.052
6094.67915 19.028 0.054
6094.72897 19.060 0.053
6094.77616 19.077 0.056
6094.81518 18.938 0.048
6094.85444 19.097 0.063
6094.90441 19.183 0.093
6096.60290 18.761 0.044
6096.64848 19.016 0.046
6096.68780 19.079 0.055
6096.76243 18.985 0.052
6096.80176 19.064 0.061
6096.84265 19.201 0.065
6096.88475 19.161 0.086
6097.67659 18.942 0.049
6097.74925 18.939 0.063
6097.78798 19.015 0.056
6097.82562 18.981 0.053
6097.86528 19.062 0.059
6097.90396 19.030 0.071
6098.58302 19.145 0.070
6098.62270 19.007 0.053
6098.66030 19.131 0.062
6098.71191 18.967 0.053
6098.76196 18.952 0.041
6098.80246 18.976 0.048
6098.84120 18.921 0.050
6098.87914 18.911 0.052
6099.63924 18.900 0.068
6099.75012 18.950 0.064
6100.51400 18.825 0.062
6100.60988 19.014 0.052
6100.64753 18.961 0.045
6100.70750 19.023 0.040
6100.74675 19.034 0.045
6100.78453 19.004 0.070
6100.83495 18.852 0.046
6100.87266 18.875 0.063
6101.51096 18.912 0.058
6101.54900 18.895 0.050
6101.58656 18.881 0.045
6101.62470 19.070 0.047
6101.66433 19.087 0.040
6101.72609 19.033 0.042
6101.76504 19.124 0.050
6101.80402 19.061 0.052
6101.85156 19.108 0.077
6102.51191 18.937 0.088
6102.55085 19.070 0.068
6102.59929 18.893 0.047
6102.64651 19.067 0.049
6102.68607 19.029 0.049
6102.72615 19.074 0.042
6102.76508 18.965 0.038
6102.80488 18.932 0.043
6102.84482 18.861 0.045
6102.88409 18.876 0.057
6103.51697 18.923 0.057
6103.55631 19.017 0.051
6103.59746 18.930 0.041
6103.64685 18.998 0.037
6103.69586 18.953 0.045
6103.73670 19.046 0.048
6103.80218 18.950 0.043
6103.85038 18.909 0.051
6104.51834 19.020 0.052
6104.55625 18.934 0.037
6104.59384 18.891 0.036
6104.62987 19.108 0.041
6104.67935 18.978 0.031
6104.72140 18.959 0.035
6104.76017 19.070 0.041
6104.79981 19.087 0.045
6104.84583 19.018 0.047
6105.50069 18.976 0.064
6105.52869 18.969 0.056
6105.56633 19.030 0.057
6105.62444 19.014 0.045
6105.67944 19.036 0.042
6105.71847 19.008 0.040
6105.75831 19.121 0.062
6106.62427 18.974 0.056
6106.69266 18.806 0.064
6108.52845 18.975 0.059
6108.56733 18.872 0.045
6108.61994 18.955 0.056
6108.67096 19.058 0.044
6108.71358 19.124 0.046
6108.75315 19.034 0.044
6108.79201 18.968 0.049
6108.83395 19.089 0.048
6108.87058 18.993 0.053
6109.68201 19.032 0.066
6109.71840 19.015 0.058
6109.75628 19.154 0.074
6109.79913 18.967 0.063
6109.83929 19.161 0.077
6113.53552 18.715 0.060
6113.57778 18.826 0.055
6113.61542 19.072 0.061
6113.65657 18.967 0.060
6113.69733 19.233 0.071
6113.73627 18.987 0.065
6113.77402 18.973 0.052
6113.81188 18.886 0.054
6113.85050 19.071 0.077
6113.86145 19.187 0.126
6114.58608 18.961 0.073
6114.62209 19.066 0.067
6114.67149 18.938 0.060
6114.71989 19.139 0.055
6114.75750 18.863 0.051
6114.79654 19.119 0.060
6114.83805 19.024 0.070
6115.48331 18.938 0.057
6115.52253 19.054 0.055
6115.55983 19.152 0.056
6115.61002 19.026 0.045
6115.66658 18.837 0.047
6115.71047 19.171 0.078
6115.77564 18.937 0.060
6116.48141 18.884 0.048
6116.52300 18.836 0.036
6116.56308 19.098 0.044
6116.61122 19.061 0.039
6116.65983 19.100 0.043
6116.69784 18.855 0.039
6116.74510 18.871 0.041
6116.78385 18.910 0.045
6116.82584 19.018 0.050
6117.50334 19.028 0.056
6117.54079 18.958 0.047
6117.57813 18.991 0.045
6117.63006 18.988 0.040
6117.68082 18.987 0.041
6117.71966 19.117 0.049
6117.75883 19.009 0.046
6117.79633 19.084 0.054
6117.83433 19.072 0.063
6118.49337 19.051 0.056
6118.53162 18.949 0.043
6118.57192 19.026 0.041
6118.62224 19.133 0.042
6118.67785 18.994 0.042
6118.71983 19.011 0.038
6118.75861 18.985 0.042
6118.79583 19.275 0.061
6118.83349 19.015 0.050
6119.48165 18.895 0.059
6119.52083 19.085 0.058
6119.56103 18.891 0.048
6119.60836 18.975 0.050
6119.66038 19.158 0.049
6119.69914 18.995 0.039
6119.72650 18.902 0.039
6119.76605 19.096 0.056
6119.80433 19.009 0.060
6120.50974 18.961 0.061
6120.54925 19.040 0.062
6120.60424 19.137 0.049
6120.66531 19.079 0.044
6120.70451 19.045 0.053
6120.74593 19.031 0.043
6120.79165 19.056 0.053
6120.83139 19.222 0.082
6121.50157 19.048 0.042
6121.53931 19.059 0.045
6121.57688 19.150 0.037
6121.64419 19.131 0.040
6121.68224 19.019 0.034
6121.70841 19.017 0.037
6121.74648 19.031 0.035
6121.78600 19.061 0.038
6123.51425 18.952 0.058
6123.55266 19.032 0.052
6123.59977 19.111 0.051
6123.65068 19.015 0.046
6123.69023 19.084 0.044
6123.72797 18.915 0.042
6123.76921 19.038 0.056
6123.80820 18.935 0.051
6124.49816 18.878 0.057
6124.53786 19.069 0.048
6124.59886 18.994 0.044
6124.66884 19.149 0.052
6124.70857 18.986 0.043
6124.74918 19.009 0.048
6124.78947 19.026 0.061
6124.82933 18.981 0.051
6125.55334 19.025 0.048
6125.61512 18.929 0.045
6125.67016 18.968 0.049
6125.71271 18.971 0.046
6125.75799 18.985 0.043
6125.79864 18.889 0.044
6126.49092 18.925 0.050
6126.54229 19.030 0.047
6126.58766 19.006 0.056
6126.64678 19.011 0.048
6126.70548 19.078 0.049
6126.74982 19.018 0.044
6127.49123 19.018 0.057
6127.53316 18.845 0.048
6127.61774 19.192 0.065
6127.72000 19.063 0.050
6127.78819 18.949 0.042
6128.54232 18.920 0.036
6128.58174 18.990 0.042
6128.63066 18.949 0.038
6128.68117 19.013 0.046
6129.66050 19.051 0.038
6130.71633 19.111 0.055
6131.51731 18.920 0.051
6131.56503 18.826 0.040
6131.63117 19.144 0.048
6131.67643 19.030 0.043
6131.74593 18.951 0.048
6132.49787 19.030 0.060
6132.56758 18.946 0.072
6132.65419 19.054 0.059
6132.74059 19.039 0.046
6132.77712 18.890 0.047
6133.55127 18.973 0.052
6133.59972 19.090 0.052
6133.66179 19.100 0.051
6133.70493 19.028 0.051
6133.75358 19.050 0.052
6134.51983 18.822 0.054
6134.56294 19.074 0.081
6134.60641 18.906 0.061
6134.67326 19.180 0.067
6135.50371 19.003 0.060
6135.54542 18.914 0.061
6135.60574 19.118 0.062
6135.67267 18.991 0.057
6135.72523 18.979 0.046
6135.76718 19.014 0.050
6135.80867 18.980 0.061
6136.59524 18.966 0.070
6136.62140 19.110 0.081
6136.65188 18.953 0.065
6136.73010 19.054 0.087
6140.50600 18.997 0.075
6140.55434 18.918 0.066
6140.60735 19.011 0.078
6140.64521 18.878 0.068
6140.68436 19.036 0.075
6140.72752 19.100 0.101
6140.76729 19.040 0.173
6141.49363 19.063 0.064
6141.53130 18.929 0.055
6141.57957 18.970 0.065
6141.62913 18.933 0.057
6141.66679 19.112 0.062
6141.70771 19.033 0.064
6141.74625 19.068 0.064
6141.78272 19.102 0.080
6142.53487 18.986 0.071
6142.57738 18.808 0.072
6142.68403 19.201 0.106
6143.71781 18.962 0.074
6147.50472 18.967 0.059
6147.56518 19.150 0.059
6147.60739 18.956 0.061
6147.64868 19.069 0.064
6147.70253 18.762 0.054
6148.49671 19.147 0.044
6148.53490 19.048 0.039
6148.59490 18.917 0.040
6148.63871 18.980 0.036
6148.68062 19.013 0.041
6149.55993 19.023 0.051
6149.60523 19.059 0.056
6150.48298 19.109 0.076
6150.53595 19.199 0.063
6150.58830 19.007 0.059
6150.63848 18.832 0.041
6150.67839 19.125 0.057
6151.53980 18.813 0.061
6151.58090 19.097 0.060
6151.62131 19.067 0.059
6151.66081 19.005 0.052
6151.70221 18.964 0.063
6151.74030 19.151 0.060
6152.51151 19.147 0.056
6152.54985 19.067 0.050
6152.60450 18.944 0.043
6152.65448 19.031 0.044
6153.69330 19.112 0.065
6154.50008 18.938 0.046
6154.54008 19.058 0.051
6154.60938 19.064 0.057
6154.69280 19.094 0.057
6157.64766 19.036 0.061
6157.69099 18.911 0.057
6158.48786 18.918 0.040
6158.53829 19.036 0.042
6158.58877 18.996 0.048
6158.63061 19.073 0.050
6158.67004 19.011 0.055
6158.70949 19.024 0.048
6159.49534 18.984 0.062
6159.55035 18.889 0.049
6159.59126 19.060 0.055
6159.66231 18.997 0.056
6159.71853 18.914 0.058
6160.51911 18.924 0.038
6160.59091 18.996 0.041
6160.63246 18.936 0.042
6160.67257 18.871 0.043
6160.72541 19.141 0.055
6161.51495 18.957 0.063
6161.55642 18.863 0.050
6161.60709 19.006 0.053
6161.67958 18.993 0.061
6164.49238 18.993 0.045
6164.55538 19.001 0.068
6164.59410 19.012 0.063
6164.65118 18.966 0.061
6164.70463 19.010 0.101
6167.53673 19.002 0.086
6167.58686 18.923 0.087
6167.63933 18.696 0.067
6167.68178 18.727 0.078
6168.53884 19.012 0.044
6168.60346 19.068 0.050
6168.65981 19.021 0.048
6168.69722 19.043 0.053
6168.70440 19.180 0.064
6169.53094 19.040 0.058
6169.58134 18.995 0.047
6169.62179 19.224 0.064
6169.66164 18.920 0.048
6169.69941 18.852 0.064
6171.53515 19.030 0.049
6171.58418 19.087 0.056
6171.62583 19.149 0.066
6171.67292 18.994 0.067
6172.49410 19.015 0.030
6172.54541 18.917 0.039
6172.59445 19.094 0.046
6172.63435 19.124 0.045
6172.67636 18.777 0.052
6174.60012 18.891 0.069
6174.63398 18.884 0.070
6175.49723 18.977 0.042
6175.54558 18.946 0.043
6175.58386 18.977 0.049
6175.62220 18.968 0.054
6175.66870 18.984 0.061
6179.50000 19.027 0.070
6179.55892 18.899 0.055
6179.60067 18.792 0.056
6179.64149 19.024 0.069
6180.48740 18.785 0.074
6180.54684 18.861 0.052
6180.58469 19.052 0.071
6180.62584 18.986 0.062
6180.66122 19.070 0.073
6181.49182 18.975 0.053
6181.54584 19.051 0.047
6181.58754 19.029 0.045
6181.62661 18.906 0.045
6182.49220 19.031 0.052
6182.54709 19.021 0.050
6182.59529 19.108 0.050
6182.64041 19.036 0.064
6183.48933 18.882 0.058
6183.59232 19.122 0.046
6183.63141 18.933 0.042
6184.52719 18.942 0.039
6184.58566 19.165 0.045
6184.63147 18.991 0.045
6185.49404 19.132 0.045
6185.55289 19.081 0.042
6185.59221 19.102 0.043
6185.64254 19.128 0.059
6186.50685 18.931 0.060
6186.56390 18.877 0.049
6186.60959 18.951 0.049
6190.50386 19.155 0.065
6190.56077 19.078 0.046
6190.60125 19.056 0.047
6191.50079 18.971 0.063
6191.55657 19.161 0.061
6191.59929 18.973 0.052
6191.64253 19.008 0.050
6195.51789 19.046 0.053
6195.55853 18.922 0.052
6195.59721 19.086 0.055
6195.63505 19.074 0.063
6196.51698 18.992 0.062
6196.55555 19.086 0.067
6196.59631 18.953 0.060
6196.63212 18.832 0.058
6197.51866 18.940 0.057
6197.55730 18.915 0.060
6197.59805 18.955 0.069
6198.56370 18.934 0.064
6199.52771 18.867 0.069
6200.59710 19.086 0.091
6200.62024 18.884 0.071
6201.54457 19.032 0.081
6202.57682 18.974 0.082
6203.51642 19.092 0.070
6203.56720 19.029 0.071
6203.60787 19.064 0.105
6204.52068 18.955 0.052
6204.55931 19.142 0.063
6204.59713 18.933 0.054
6205.50061 19.088 0.062
6205.54355 19.053 0.047
6205.58162 19.068 0.051
6208.51319 19.118 0.066
6209.57699 18.975 0.071
6210.51454 18.944 0.051
6210.55271 18.952 0.053
6210.59184 18.923 0.057
6211.51611 19.073 0.050
6211.55831 19.029 0.049
6211.59674 19.050 0.064
6212.51550 19.020 0.053
6212.55430 19.007 0.052
6213.49052 18.764 0.060
6213.53067 19.142 0.056
6213.56917 19.096 0.073
6214.52352 19.038 0.066
6214.55914 19.079 0.067
6215.53499 19.117 0.089
6216.52626 18.940 0.052
6216.56512 19.022 0.053
6217.52084 19.115 0.050
6217.55892 19.060 0.048
6218.49579 19.015 0.058
6218.53426 18.862 0.067
6218.57244 19.017 0.067
6219.52861 18.899 0.045
6223.50915 19.299 0.099
6223.56015 18.995 0.077
6224.49617 18.963 0.092
6226.49933 18.967 0.075
6231.51852 18.935 0.075
6233.49943 18.640 0.079
6233.54899 18.948 0.059
6234.53673 19.029 0.079
6238.53404 19.090 0.075
6242.51164 19.286 0.129
6326.88207 18.920 0.099
6329.88112 19.044 0.091
6334.87640 18.854 0.043
6335.85670 18.857 0.060
6337.86779 18.991 0.064
6338.84630 18.922 0.056
6338.88989 18.904 0.056
6339.87262 19.027 0.045
6340.85244 18.985 0.048
6340.88276 18.981 0.044
6341.89118 18.770 0.052
6343.85548 18.991 0.060
6343.89102 19.114 0.065
6344.85473 19.202 0.049
6344.89828 19.029 0.086
6345.86349 19.155 0.056
6347.82677 19.001 0.062
6347.86673 19.115 0.051
6348.81880 18.954 0.057
6348.86031 18.911 0.043
6349.83020 19.107 0.074
6349.86576 19.088 0.067
6350.81937 19.091 0.069
6350.86585 18.928 0.056
6351.81797 19.047 0.070
6351.86628 18.985 0.059
6352.81573 19.118 0.065
6352.86215 19.027 0.044
6353.79693 18.930 0.051
6353.83753 19.082 0.057
6353.89357 18.893 0.040
6354.87025 19.145 0.053
6355.85539 18.971 0.067
6358.82579 19.159 0.051
6358.87022 19.060 0.048
6360.79223 18.931 0.038
6360.82962 18.932 0.034
6360.87722 19.028 0.043
6361.81525 19.071 0.048
6361.85258 18.895 0.042
6361.89571 18.821 0.044
6362.80064 18.868 0.052
6362.83803 19.158 0.048
6362.88936 18.919 0.043
6363.80698 19.097 0.057
6363.86195 19.142 0.048
6367.81721 18.932 0.038
6367.86557 19.007 0.035
6367.90400 18.998 0.035
6368.80228 19.132 0.052
6368.85539 19.041 0.041
6368.89544 19.039 0.042
6369.78294 19.003 0.051
6369.82254 19.068 0.044
6369.87745 18.909 0.033
6370.76782 18.800 0.039
6370.81260 19.025 0.040
6370.85592 18.988 0.041
6370.89520 19.084 0.041
6371.77725 19.065 0.045
6371.82625 19.026 0.041
6371.86502 18.939 0.033
6371.90845 19.101 0.044
6372.76999 18.894 0.043
6372.81871 19.017 0.039
6372.85856 19.104 0.042
6372.90118 19.114 0.045
6373.77009 18.914 0.066
6373.82428 18.993 0.043
6373.86373 19.052 0.049
6373.90333 19.007 0.049
6374.76914 18.918 0.055
6374.81867 19.087 0.044
6374.85905 19.087 0.045
6374.89992 18.984 0.040
6375.76680 19.126 0.052
6375.81565 19.054 0.042
6375.83392 18.976 0.042
6375.87396 18.848 0.033
6375.91464 18.974 0.039
6376.77759 18.879 0.046
6376.82996 18.970 0.037
6376.86912 18.968 0.040
6376.91171 19.028 0.038
6377.79213 19.055 0.043
6377.84187 19.016 0.036
6377.88269 18.995 0.032
6378.74929 19.002 0.061
6378.78843 18.925 0.043
6378.83714 19.039 0.041
6378.87848 19.030 0.036
6378.91825 19.000 0.046
6379.77306 19.005 0.049
6379.82224 19.010 0.046
6379.86176 18.940 0.043
6379.90757 18.910 0.033
6380.76272 18.979 0.043
6380.80116 18.983 0.040
6380.82475 18.982 0.040
6380.86547 19.024 0.041
6380.91148 18.873 0.033
6381.77038 19.017 0.050
6381.81949 19.014 0.038
6381.85826 18.976 0.033
6381.89816 18.973 0.037
6382.76480 19.037 0.069
6382.80319 19.083 0.055
6382.84239 19.027 0.053
6382.88307 18.939 0.052
6386.75791 18.837 0.049
6386.80891 19.041 0.048
6386.85521 19.079 0.049
6386.90640 19.012 0.060
6387.72871 18.858 0.053
6387.77084 19.067 0.042
6387.81517 19.201 0.054
6387.85414 18.974 0.040
6387.89589 19.015 0.052
6388.73076 18.833 0.048
6388.79325 19.027 0.045
6388.83240 18.985 0.039
6388.90639 18.919 0.039
6389.72908 19.047 0.064
6389.77008 19.049 0.048
6389.81131 19.035 0.043
6389.84978 18.993 0.046
6389.88931 19.075 0.048
6390.71406 19.051 0.058
6390.75416 19.111 0.051
6390.79600 19.018 0.044
6390.84045 19.049 0.042
6390.88534 19.030 0.042
6390.92589 19.087 0.084
6391.73049 18.895 0.059
6391.78150 18.995 0.066
6391.82141 19.034 0.058
6391.87432 18.925 0.055
6393.71878 19.003 0.057
6393.76464 19.129 0.060
6393.80390 18.960 0.047
6393.85627 18.992 0.044
6393.89957 19.130 0.062
6394.71910 19.097 0.071
6394.77173 18.974 0.056
6394.81919 18.947 0.055
6394.85827 18.957 0.043
6394.92292 18.899 0.046
6395.72280 19.023 0.049
6395.77141 19.064 0.044
6395.82107 18.991 0.035
6395.86009 18.948 0.032
6395.90412 19.056 0.039
6396.70828 18.964 0.043
6396.75516 19.002 0.034
6396.80495 18.987 0.034
6396.84765 18.988 0.032
6396.88864 19.000 0.039
6396.92821 18.940 0.057
6397.72131 19.160 0.047
6397.77213 18.836 0.031
6397.82103 18.969 0.034
6397.85890 18.998 0.036
6397.89762 18.995 0.038
6398.68980 19.089 0.055
6398.72874 18.994 0.038
6398.79055 19.066 0.040
6398.82856 19.102 0.044
6398.86890 18.932 0.042
6398.90955 18.995 0.042
6399.69562 18.944 0.051
6399.73443 18.844 0.046
6399.78328 19.031 0.040
6399.83111 19.042 0.043
6399.86968 18.945 0.044
6400.68184 18.889 0.056
6400.73050 19.139 0.052
6400.79509 18.952 0.041
6400.85095 19.047 0.043
6400.89889 18.948 0.042
6401.69969 18.922 0.055
6401.74381 19.050 0.041
6401.78542 18.970 0.037
6401.83271 18.889 0.034
6401.87441 19.040 0.038
6401.91276 18.990 0.039
6402.70603 18.911 0.051
6402.74389 18.873 0.051
6402.79106 19.101 0.059
6402.83977 18.967 0.054
6402.87981 19.081 0.054
6402.92149 18.890 0.072
6403.70943 19.088 0.041
6403.74701 18.931 0.037
6403.78631 19.147 0.038
6403.83326 19.020 0.036
6403.87317 18.976 0.040
6403.92988 18.977 0.053
6404.72910 18.890 0.038
6404.76853 19.080 0.048
6404.81776 19.114 0.045
6404.85691 19.087 0.042
6404.90575 18.892 0.045
6405.81317 19.142 0.070
6405.86074 18.961 0.036
6405.90282 19.113 0.039
6406.76030 19.085 0.066
6406.82118 19.117 0.082
6406.87644 19.075 0.073
6406.92263 18.881 0.036
6407.70035 18.894 0.064
6407.73817 18.951 0.057
6407.77637 18.962 0.043
6407.81584 19.140 0.060
6407.86574 19.083 0.056
6407.91392 19.134 0.061
6408.76902 19.011 0.072
6408.80888 19.003 0.062
6409.78406 19.045 0.076
6409.82785 18.939 0.065
6409.88364 19.321 0.089
6409.92178 19.031 0.057
6415.70707 19.058 0.078
6415.76210 19.113 0.056
6415.80274 18.918 0.061
6415.84614 19.083 0.080
6415.90405 19.025 0.045
6416.64436 19.077 0.062
6416.68910 19.092 0.068
6416.75239 18.975 0.037
6416.79055 19.073 0.040
6416.84089 18.962 0.039
6416.90604 19.096 0.042
6417.67732 18.994 0.068
6417.71480 19.107 0.056
6417.75300 19.122 0.058
6417.79988 19.138 0.056
6417.84067 19.085 0.053
6417.88865 19.050 0.051
6417.92805 18.968 0.046
6418.66050 18.973 0.051
6418.69806 19.067 0.054
6418.73556 19.114 0.049
6418.77315 19.029 0.042
6418.82178 18.936 0.038
6418.86219 19.059 0.042
6418.90953 19.106 0.047
6419.65866 18.940 0.065
6419.70938 19.078 0.046
6419.74743 19.022 0.041
6419.78632 19.021 0.048
6419.83752 19.013 0.048
6419.88514 18.884 0.039
6419.92316 18.995 0.042
6420.65157 18.953 0.043
6420.68917 18.977 0.035
6420.72702 19.031 0.035
6420.76290 18.953 0.032
6420.82250 19.144 0.039
6420.86136 19.000 0.037
6420.91034 19.013 0.037
6421.79077 18.991 0.042
6421.83148 19.112 0.044
6421.89005 19.092 0.060
6422.68292 19.097 0.049
6422.73514 19.010 0.040
6422.77299 19.007 0.037
6422.88457 19.054 0.079
6423.64514 18.999 0.057
6423.69284 19.060 0.053
6423.75005 18.970 0.051
6423.81413 19.005 0.041
6423.85265 19.032 0.049
6423.89133 19.223 0.059
6423.92935 19.053 0.058
6424.65287 18.994 0.048
6424.69334 18.925 0.042
6424.75268 19.005 0.041
6424.80294 18.995 0.034
6424.84701 19.028 0.044
6424.88849 19.063 0.045
6424.94135 19.074 0.074
6426.64089 18.937 0.045
6426.68156 18.873 0.038
6426.77678 19.077 0.045
6426.84008 18.955 0.038
6426.88119 19.039 0.050
6426.92195 18.962 0.040
6427.72391 18.673 0.033
6427.88465 19.028 0.055
6428.64315 18.890 0.065
6428.69260 18.983 0.057
6428.73410 19.027 0.054
6428.78466 18.991 0.046
6428.83861 18.946 0.049
6428.88118 18.993 0.049
6428.92153 19.098 0.069
6429.94546 19.095 0.082
6431.63499 18.792 0.076
6431.68169 18.721 0.053
6431.73222 19.049 0.047
6431.78379 18.883 0.040
6431.82599 18.926 0.040
6431.86629 19.063 0.050
6431.90700 18.978 0.063
6432.64118 18.815 0.043
6432.66336 18.770 0.047
6432.70631 18.966 0.043
6432.76565 19.003 0.045
6432.80754 19.084 0.048
6432.84758 19.009 0.045
6432.88831 18.931 0.060
6432.92881 19.144 0.057
6433.61183 18.958 0.075
6433.65229 18.801 0.050
6433.69293 19.031 0.056
6433.74281 19.107 0.061
6433.79439 19.280 0.093
6433.84695 18.752 0.033
6434.60344 18.792 0.071
6434.64222 18.984 0.075
6434.68427 19.056 0.062
6434.73371 19.150 0.058
6434.78459 19.084 0.046
6434.82682 19.093 0.060
6434.86703 19.133 0.052
6434.94068 18.879 0.075
6435.63077 19.080 0.065
6435.67283 18.984 0.049
6435.71504 19.101 0.049
6435.77487 18.977 0.039
6435.81729 19.050 0.051
6435.86073 19.047 0.051
6435.90399 18.946 0.042
6435.94410 19.157 0.084
6436.61682 18.956 0.059
6436.65971 19.226 0.070
6436.70175 18.871 0.041
6436.75401 19.085 0.053
6436.80782 18.948 0.053
6436.84921 19.085 0.056
6436.89101 18.987 0.051
6436.93295 19.035 0.065
6437.72341 19.114 0.101
6437.74871 18.705 0.056
6437.82760 19.054 0.091
6437.86339 18.948 0.073
6437.90533 19.040 0.089
6437.94582 19.326 0.183
6441.64061 19.410 0.149
6441.72437 19.003 0.064
6441.77636 18.945 0.064
6441.82925 19.226 0.084
6441.87270 18.888 0.067
6441.91424 18.875 0.085
6442.57247 18.984 0.049
6442.60931 19.039 0.048
6442.64934 19.018 0.045
6442.68941 18.900 0.039
6442.75093 19.048 0.038
6442.79323 18.940 0.037
6442.83361 19.007 0.042
6442.87344 19.017 0.042
6442.91325 18.855 0.045
6443.67045 19.062 0.059
6443.75269 18.933 0.054
6443.82147 19.056 0.087
6444.68970 18.966 0.082
6444.75933 19.132 0.054
6444.81249 19.133 0.054
6444.85336 19.196 0.055
6444.89516 18.937 0.048
6444.94556 19.059 0.092
6445.61391 19.076 0.059
6445.65852 18.917 0.041
6445.71558 18.982 0.046
6445.76293 19.149 0.050
6445.81993 19.038 0.048
6445.86520 18.847 0.062
6445.91278 18.925 0.060
6446.56078 18.981 0.045
6446.60359 19.027 0.041
6446.64598 18.987 0.039
6446.69562 18.987 0.036
6446.75097 19.055 0.042
6446.79362 19.066 0.038
6446.83574 18.893 0.032
6446.90182 19.087 0.050
6446.94235 18.894 0.052
6447.58088 18.977 0.050
6447.62014 18.973 0.044
6447.65989 19.125 0.048
6447.71014 18.890 0.038
6447.76533 18.981 0.040
6447.80715 18.930 0.038
6447.84722 18.946 0.043
6447.88774 19.024 0.040
6447.92838 18.970 0.042
6448.56812 18.914 0.066
6448.60992 18.966 0.048
6448.65027 19.113 0.055
6448.69141 19.113 0.056
6448.75164 19.007 0.035
6448.79430 18.941 0.038
6448.83618 19.141 0.051
6448.87682 18.938 0.057
6448.91909 19.097 0.077
6449.56660 19.073 0.062
6449.60995 19.056 0.053
6449.65320 18.957 0.052
6449.69348 18.967 0.041
6449.74537 18.950 0.049
6449.79559 18.908 0.045
6449.83690 18.974 0.044
6449.87740 18.837 0.046
6449.92034 19.027 0.076
6450.56046 18.978 0.061
6450.60317 19.006 0.051
6450.64580 18.975 0.039
6450.69556 18.997 0.037
6450.74589 19.008 0.035
6450.78695 18.982 0.040
6450.82800 18.920 0.039
6450.87365 18.975 0.043
6450.91747 18.989 0.050
6451.56320 18.993 0.061
6451.60865 18.967 0.051
6451.64909 19.086 0.051
6451.69159 19.058 0.045
6451.75301 19.082 0.052
6451.79379 19.028 0.046
6451.83453 18.904 0.042
6451.87524 19.149 0.056
6451.91763 18.981 0.059
6452.57032 18.854 0.045
6452.61302 19.013 0.035
6452.65378 19.071 0.038
6452.70886 18.842 0.031
6452.80565 18.907 0.030
6452.84820 19.045 0.037
6452.88948 18.870 0.041
6454.54950 19.156 0.073
6454.58022 18.954 0.047
6454.62278 19.154 0.055
6454.66326 18.966 0.046
6454.76648 19.055 0.045
6454.80762 19.119 0.056
6454.84809 19.044 0.053
6454.88915 19.227 0.057
6455.54391 18.809 0.044
6455.57997 19.072 0.054
6455.68619 19.006 0.054
6455.78516 19.005 0.055
6456.54796 19.039 0.047
6456.58889 19.000 0.031
6456.63002 19.028 0.035
6456.68122 18.988 0.030
6456.73370 19.038 0.035
6456.77519 19.085 0.042
6456.81584 19.062 0.045
6456.89175 18.969 0.040
6457.69922 19.006 0.038
6457.76208 18.967 0.036
6457.80321 18.977 0.039
6457.84461 19.128 0.049
6457.88510 19.089 0.053
6458.54649 18.846 0.057
6458.58657 18.790 0.053
6458.62827 19.046 0.069
6458.66888 18.896 0.042
6458.72030 18.887 0.050
6458.77159 18.957 0.041
6458.81266 19.204 0.048
6458.85346 19.147 0.058
6458.89803 18.871 0.050
6459.54051 18.862 0.060
6459.57992 18.912 0.046
6459.62283 19.171 0.055
6459.66489 19.002 0.040
6459.72977 19.097 0.038
6459.77165 19.006 0.038
6459.81263 18.993 0.041
6459.85374 19.065 0.044
6459.89442 19.059 0.057
6460.59263 18.861 0.047
6460.64342 18.981 0.047
6460.71777 19.009 0.044
6460.79238 18.990 0.051
6460.88889 19.149 0.056
6461.56870 18.994 0.047
6461.61041 19.086 0.054
6461.65197 19.078 0.055
6461.70086 18.971 0.054
6461.76933 19.050 0.045
6461.82220 18.994 0.048
6461.87346 19.109 0.050
6462.60849 18.735 0.063
6462.65056 19.227 0.059
6462.70235 19.054 0.059
6462.82958 18.924 0.048
6462.87053 18.995 0.058
6463.52297 18.993 0.091
6463.56446 18.949 0.058
6463.60360 18.964 0.060
6463.64482 18.978 0.051
6463.69935 18.987 0.048
6463.75360 18.970 0.049
6463.79494 18.952 0.050
6463.83612 18.860 0.045
6463.88033 18.978 0.054
6464.57287 18.911 0.076
6464.61238 18.986 0.065
6464.65280 19.006 0.064
6464.69964 19.015 0.048
6464.75263 18.929 0.054
6464.80349 19.000 0.061
6464.84515 19.046 0.067
6464.88759 19.059 0.062
6468.55921 19.053 0.066
6468.60020 18.942 0.056
6468.64116 19.049 0.065
6468.71034 18.944 0.063
6468.75430 19.054 0.065
6468.81409 19.047 0.067
6469.54198 18.983 0.059
6469.58241 19.003 0.059
6469.62251 19.083 0.052
6469.68595 19.013 0.053
6469.72956 19.044 0.051
6469.76988 18.886 0.043
6469.84276 18.949 0.087
6471.60645 18.307 0.034
6471.64800 18.252 0.031
6471.78092 18.149 0.051
6471.85129 17.843 0.037
6472.60489 18.076 0.029
6472.64391 18.030 0.025
6472.69650 18.247 0.025
6472.74830 18.192 0.025
6472.78889 18.097 0.024
6472.82952 18.216 0.038
6473.54923 18.224 0.029
6473.59150 18.307 0.025
6473.63185 18.306 0.020
6473.68373 18.252 0.024
6473.73477 18.285 0.024
6473.77581 18.340 0.027
6473.81622 18.220 0.026
6473.85684 18.236 0.034
6474.49382 18.257 0.041
6474.53834 18.423 0.043
6474.57853 18.355 0.029
6474.62386 18.470 0.038
6474.66457 18.399 0.028
6474.71941 18.251 0.025
6474.76921 18.441 0.031
6474.80954 18.286 0.033
6474.84976 18.420 0.037
6475.48550 18.499 0.045
6475.52736 18.425 0.033
6475.57042 18.346 0.036
6475.63161 18.414 0.026
6475.68267 18.485 0.029
6475.73185 18.375 0.027
6475.77216 18.477 0.030
6475.81424 18.487 0.034
6475.85711 18.328 0.037
6476.49836 18.377 0.041
6476.53908 18.621 0.039
6476.57990 18.475 0.033
6476.62131 18.491 0.029
6476.68677 18.457 0.030
6477.53242 18.513 0.034
6477.57357 18.507 0.031
6477.61427 18.549 0.036
6477.68011 18.656 0.039
6477.72086 18.685 0.036
6477.76139 18.562 0.042
6477.80251 18.721 0.051
6478.52994 18.434 0.034
6478.57022 18.461 0.034
6478.61042 18.566 0.030
6478.66601 18.600 0.041
6479.56472 18.622 0.040
6479.60564 18.610 0.033
6479.64733 18.576 0.030
6479.70179 18.613 0.041
6479.75968 18.555 0.037
6479.82435 18.549 0.044
6479.85174 18.531 0.049
6480.56177 18.542 0.035
6480.60237 18.645 0.043
6480.65329 18.602 0.030
6480.70523 18.538 0.037
6480.74566 18.667 0.038
6480.78613 18.685 0.037
6480.82787 18.649 0.051
6481.49918 18.660 0.046
6481.54049 18.539 0.032
6481.58407 18.648 0.038
6481.64191 18.562 0.038
6481.74259 18.736 0.044
6481.78513 18.719 0.044
6481.82755 18.676 0.052
6482.80207 18.763 0.066
6483.61136 18.758 0.032
6483.81376 18.695 0.048
6484.49352 18.750 0.045
6484.53400 18.677 0.045
6485.46698 18.734 0.058
6485.51270 18.841 0.048
6485.55947 18.718 0.040
6485.63814 18.799 0.032
6485.70127 18.723 0.032
6485.74408 18.730 0.031
6485.79015 18.738 0.038
6486.47058 18.733 0.050
6486.51306 18.689 0.038
6486.55939 18.711 0.037
6486.60469 18.795 0.039
6486.67052 18.810 0.036
6486.72339 18.922 0.046
6486.76777 18.760 0.035
6486.81050 18.684 0.034
6487.46879 18.881 0.047
6487.51292 18.768 0.038
6487.55905 18.829 0.034
6487.60021 18.827 0.029
6487.67296 18.775 0.029
6487.71377 18.768 0.029
6487.75746 18.755 0.030
6487.80275 18.786 0.032
6490.56377 18.754 0.038
6490.62178 18.918 0.042
6490.66904 18.827 0.038
6490.70974 18.836 0.035
6490.75047 18.797 0.037
6491.46999 18.655 0.052
6491.81807 18.683 0.048
6492.54850 18.798 0.047
6492.59880 18.839 0.046
6492.66371 18.725 0.054
6492.70252 18.821 0.049
6492.73560 18.921 0.057
6492.77937 18.931 0.069
6496.48724 18.858 0.072
6496.52771 19.064 0.079
6496.62828 18.845 0.071
6497.72637 18.903 0.060
6497.76711 18.843 0.058
6498.46793 18.800 0.041
6498.51151 18.885 0.036
6498.55642 18.840 0.032
6498.60055 18.840 0.034
6498.64805 18.863 0.049
6498.69095 18.902 0.050
6498.73428 18.839 0.039
6498.77983 18.849 0.051
6499.48215 18.883 0.048
6499.52584 18.884 0.039
6499.56870 18.841 0.035
6500.53798 18.613 0.051
6500.60190 18.780 0.063
6500.67941 18.780 0.051
6500.73045 18.837 0.054
6501.55802 18.881 0.053
6501.66409 18.868 0.040
6501.70649 18.817 0.038
6501.74943 18.888 0.053
6501.78787 18.935 0.070
6504.63930 18.855 0.048
6504.68156 18.807 0.039
6504.72403 18.850 0.045
6505.47555 18.944 0.067
6505.53534 18.991 0.051
6505.57990 18.877 0.053
6505.65128 18.921 0.046
6505.69221 18.876 0.046
6505.73510 18.935 0.056
6505.77746 18.869 0.065
6506.56870 18.937 0.058
6506.64910 18.853 0.054
6506.70995 18.888 0.059
6506.75183 18.926 0.059
6507.63999 18.964 0.056
6507.70897 18.859 0.070
6507.75997 19.152 0.098
6508.51837 18.887 0.045
6508.56972 18.972 0.055
6508.61785 19.146 0.047
6508.65996 18.983 0.042
6508.70158 18.947 0.042
6508.76148 19.066 0.046
6509.52297 18.995 0.040
6509.58369 19.025 0.035
6509.62543 18.979 0.035
6509.66711 18.993 0.040
6509.70843 19.052 0.044
6509.75104 19.025 0.054
6510.48945 19.034 0.044
6510.55221 19.001 0.040
6510.59914 18.950 0.034
6510.64172 19.062 0.039
6510.71162 19.136 0.057
6510.75559 19.151 0.081
6511.52176 19.049 0.056
6511.60024 18.973 0.045
6511.65495 18.959 0.041
6511.70469 18.920 0.042
6511.75747 18.962 0.049
6512.75046 19.089 0.080
6514.52050 18.871 0.055
6514.59319 19.087 0.044
6514.65869 18.963 0.041
6514.71386 19.064 0.045
6515.47734 19.062 0.046
6515.54518 19.043 0.043
6515.61086 19.014 0.040
6515.67472 19.113 0.044
6515.75390 19.089 0.051
6516.52039 18.874 0.055
6516.60272 18.942 0.042
6516.65458 19.003 0.048
6518.49018 19.022 0.048
6518.56212 18.991 0.038
6518.61541 18.851 0.038
6518.66233 18.999 0.041
6518.71050 19.014 0.042
6519.49592 18.991 0.045
6519.56828 19.045 0.047
6519.61676 19.084 0.047
6519.66827 19.038 0.044
6519.71567 19.019 0.050
6523.50405 18.940 0.050
6523.54237 18.913 0.047
6523.57837 18.984 0.048
6523.61745 19.078 0.061
6523.65809 19.106 0.067
6523.69948 19.026 0.076
6524.56962 19.000 0.049
6524.61776 18.992 0.051
6524.66636 19.050 0.059
6525.62375 19.140 0.085
6525.67396 19.007 0.082
6526.66539 18.937 0.056
6526.69613 18.906 0.056
6527.62682 19.114 0.098
6529.55415 19.009 0.069
6529.59729 18.863 0.053
6529.63987 18.904 0.053
6530.67729 19.092 0.087
6531.50681 18.995 0.051
6531.58275 18.832 0.040
6531.63030 19.008 0.053
6531.67834 18.986 0.050
6532.50839 19.039 0.052
6532.61240 19.062 0.049
6532.67377 18.836 0.053
6533.52390 18.906 0.053
6533.59443 19.105 0.051
6533.65553 19.020 0.047
6534.54755 18.935 0.042
6534.59840 18.913 0.043
6534.63865 19.076 0.056
6536.47775 18.818 0.055
6538.51603 18.888 0.038
6538.56870 19.051 0.047
6538.61111 19.000 0.049
6539.51816 19.062 0.047
6539.56403 18.865 0.047
6539.62190 18.957 0.046
6541.51399 19.112 0.053
6541.57379 19.035 0.042
6541.61945 18.999 0.034
6543.53160 19.114 0.055
6543.58308 18.976 0.048
6543.62742 19.041 0.054
6544.51894 19.032 0.049
6544.56954 19.138 0.061
6545.52696 18.877 0.035
6545.57205 19.097 0.050
6545.61795 19.096 0.044
6546.48938 19.101 0.075
6546.55711 19.191 0.091
6546.60931 19.178 0.070
6547.56858 19.014 0.075
6547.61571 18.956 0.084
6551.56283 19.104 0.090
6552.55464 18.849 0.065
6555.58594 18.862 0.052
6555.63751 18.727 0.060
6556.64852 19.085 0.078
6558.52624 18.945 0.039
6558.56680 18.903 0.041
6558.61974 18.945 0.054
6559.51210 19.180 0.072
6559.56589 18.917 0.044
6559.61897 18.987 0.057
6560.57019 19.018 0.051
6560.62601 18.915 0.060
6561.53060 19.050 0.058
6561.57099 19.016 0.057
6562.52944 18.997 0.051
6562.57655 19.000 0.046
6563.54525 18.997 0.069
6563.59122 18.894 0.051
6563.62875 18.818 0.055
6564.52416 18.934 0.053
6564.56570 18.889 0.048
6565.49281 18.948 0.060
6565.53691 19.010 0.060
6565.59091 18.878 0.046
6567.53392 18.951 0.070
6567.57608 18.959 0.067
6568.52987 18.914 0.074
6568.57067 18.946 0.056
6568.61355 18.893 0.056
6569.52109 18.936 0.038
6569.56206 18.971 0.043
6569.60319 19.023 0.056
6570.53961 18.855 0.048
6571.48624 18.933 0.075
6571.54694 18.867 0.054
6571.59613 19.107 0.066
6572.51944 18.828 0.056
6572.57809 19.045 0.061
6573.50000 19.119 0.060
6573.54070 18.949 0.048
6573.58738 18.979 0.053
6577.52390 19.320 0.144
6577.56770 19.258 0.119
6579.48619 18.869 0.088
6579.54544 19.143 0.078
6581.50492 19.010 0.055
6581.56179 18.969 0.061
6582.51659 19.082 0.069
6582.56899 18.973 0.059
6583.56480 19.124 0.112
6584.56663 19.118 0.105
6585.52352 18.911 0.070
6585.56138 18.889 0.070
6590.52246 18.947 0.076
6590.54360 19.083 0.070
6593.51114 19.039 0.068
6595.52027 18.858 0.061
