5261.84739 20.251 0.113
5262.88262 21.237 0.712
5266.90600 20.105 0.131
5267.90133 20.362 0.133
5270.84962 20.309 0.118
5272.86599 20.642 0.199
5274.85357 20.249 0.109
5278.88767 20.245 0.090
5282.79421 20.215 0.132
5284.83291 20.075 0.137
5286.83360 20.643 0.245
5294.77134 20.399 0.100
5294.80842 20.250 0.081
5294.84599 20.487 0.118
5294.87616 20.286 0.072
5294.91812 20.338 0.115
5295.77302 20.863 0.154
5295.81145 20.387 0.096
5295.84935 20.264 0.086
5295.88819 20.124 0.084
5296.77593 20.462 0.113
5296.81345 20.300 0.084
5296.85086 20.336 0.085
5296.88934 20.213 0.074
5297.77185 20.632 0.150
5297.80991 20.329 0.096
5297.84777 20.234 0.075
5297.88646 20.259 0.083
5298.81067 20.152 0.082
5298.84843 20.303 0.091
5298.88799 20.238 0.075
5298.92150 20.258 0.114
5299.75746 20.516 0.123
5299.79500 20.415 0.107
5299.83288 20.225 0.092
5299.87123 20.578 0.119
5299.91200 20.402 0.106
5300.86619 20.167 0.073
5300.90695 20.130 0.088
5304.76165 20.367 0.129
5306.75805 20.291 0.088
5306.79699 20.305 0.086
5306.86062 20.308 0.098
5306.90020 20.191 0.077
5307.68499 20.380 0.145
5307.74808 20.491 0.130
5307.80957 20.355 0.099
5307.84804 20.563 0.125
5307.88894 20.122 0.079
5307.92637 20.257 0.113
5308.73820 20.412 0.142
5308.79970 20.362 0.098
5308.83715 20.270 0.091
5308.87845 20.321 0.095
5309.73889 20.314 0.114
5309.80940 20.295 0.095
5309.85311 20.249 0.095
5309.89208 20.433 0.107
5310.71976 20.470 0.156
5310.77603 20.262 0.108
5310.85740 20.063 0.076
5310.88935 20.401 0.114
5310.92680 20.486 0.145
5311.81991 20.246 0.104
5311.87592 20.579 0.136
5311.92073 20.325 0.131
5312.74592 20.133 0.121
5312.78829 20.441 0.164
5312.82633 20.271 0.127
5312.87058 20.371 0.139
5312.91018 20.311 0.132
5313.78233 20.701 0.253
5313.82120 20.370 0.171
5313.86086 20.933 0.319
5313.89911 19.926 0.117
5314.66998 20.509 0.270
5314.71043 20.109 0.151
5314.74970 20.195 0.146
5314.78965 20.216 0.166
5314.84718 20.351 0.146
5314.88461 20.186 0.146
5314.92207 20.412 0.182
5315.68748 20.658 0.349
5315.73538 20.639 0.281
5315.77292 20.460 0.223
5315.81068 20.152 0.136
5315.85084 20.016 0.128
5315.89297 20.028 0.165
5316.67861 19.853 0.161
5316.72578 20.534 0.255
5316.76881 20.840 0.394
5316.80616 20.308 0.244
5316.86302 20.613 0.446
5320.80437 20.804 0.281
5320.84759 20.217 0.121
5320.92754 20.225 0.155
5322.83680 20.133 0.107
5324.66866 20.498 0.145
5324.73250 20.421 0.122
5324.76986 20.279 0.117
5324.80866 20.356 0.154
5324.84888 20.283 0.122
5324.88615 20.493 0.132
5324.92693 20.012 0.106
5325.68600 20.330 0.117
5325.72250 20.505 0.130
5325.76068 20.203 0.099
5325.79798 20.279 0.098
5325.84621 20.240 0.113
5325.88627 20.527 0.161
5325.92675 20.364 0.165
5326.72051 20.138 0.106
5326.75857 20.253 0.107
5326.79698 20.248 0.087
5326.83630 20.133 0.107
5326.87494 20.206 0.125
5326.91217 20.644 0.192
5327.64329 20.210 0.093
5327.74547 20.269 0.101
5327.78391 20.488 0.139
5327.82278 20.271 0.109
5327.86167 20.535 0.170
5327.89983 20.424 0.140
5327.93758 20.242 0.243
5328.77777 20.025 0.087
5328.81772 20.548 0.166
5328.93149 20.439 0.200
5334.68301 19.894 0.139
5334.76334 20.683 0.155
5334.82068 20.474 0.165
5335.74608 20.561 0.139
5335.78525 20.364 0.112
5335.82529 20.446 0.118
5335.90066 20.379 0.194
5335.93973 20.363 0.270
5336.90979 20.121 0.130
5338.79264 20.018 0.128
5338.83426 20.396 0.244
5338.89385 20.379 0.272
5339.66908 20.224 0.171
5339.70682 19.944 0.119
5339.80034 20.322 0.156
5339.86621 19.970 0.132
5339.90641 19.934 0.201
5339.94425 20.114 0.212
5340.77965 20.338 0.207
5340.83522 20.518 0.172
5340.87364 20.307 0.176
5340.91142 20.496 0.285
5341.62368 20.290 0.147
5341.73018 20.283 0.110
5341.88049 20.278 0.145
5341.92085 20.514 0.189
5342.63242 20.103 0.165
5342.67004 20.097 0.172
5342.70749 20.559 0.186
5342.74602 20.255 0.132
5342.79018 20.134 0.188
5342.82823 20.601 0.206
5342.86620 19.827 0.127
5342.90396 20.212 0.182
5342.94184 20.551 0.373
5343.61327 20.683 0.327
5343.65096 20.896 0.337
5343.68868 20.321 0.177
5343.72675 20.436 0.175
5343.76560 20.230 0.153
5343.80559 20.394 0.170
5343.84412 20.438 0.209
5343.89492 19.763 0.136
5343.93275 20.393 0.261
5348.66067 20.471 0.154
5348.72589 20.191 0.138
5348.79116 20.179 0.141
5348.82949 20.406 0.176
5348.87333 19.964 0.155
5348.91363 20.485 0.208
5349.58896 19.988 0.134
5349.67154 20.167 0.186
5349.73975 20.731 0.332
5349.80469 20.845 0.280
5349.84247 20.720 0.286
5350.64218 20.258 0.164
5350.67991 20.102 0.141
5350.71841 20.429 0.217
5351.62447 20.251 0.116
5351.70190 20.356 0.120
5351.78718 20.294 0.130
5351.87689 19.901 0.141
5351.91487 20.362 0.198
5352.63948 19.960 0.098
5352.71428 20.240 0.086
5352.80091 20.209 0.123
5352.87372 19.948 0.108
5352.91122 20.162 0.140
5353.60467 20.241 0.122
5353.68724 20.144 0.080
5353.76807 20.384 0.119
5353.80613 20.334 0.111
5353.84365 20.035 0.107
5353.89492 20.050 0.139
5354.63050 20.235 0.121
5354.71771 20.303 0.114
5354.81440 20.216 0.116
5354.85557 20.085 0.114
5354.89622 20.260 0.188
5355.65520 20.400 0.115
5355.74194 20.361 0.134
5355.81142 20.478 0.171
5355.85968 20.226 0.170
5355.89742 20.409 0.234
5357.65411 20.553 0.169
5357.74385 20.024 0.142
5357.83177 19.937 0.158
5357.89792 20.052 0.139
5358.71604 20.118 0.105
5358.81768 20.334 0.146
5358.88733 19.870 0.145
5359.60836 20.596 0.242
5359.65535 20.259 0.107
5359.71122 20.279 0.122
5359.75548 20.400 0.139
5359.80013 20.159 0.120
5359.84462 20.607 0.208
5359.88516 20.216 0.196
5361.65343 20.068 0.133
5362.63278 20.272 0.120
5362.72942 20.245 0.105
5362.83183 20.262 0.123
5362.84732 20.099 0.121
5362.90559 20.654 0.301
5364.55130 20.574 0.190
5364.60993 20.237 0.104
5364.70445 20.263 0.139
5364.77926 20.065 0.121
5364.81873 20.836 0.221
5364.85880 20.436 0.165
5364.89691 20.049 0.119
5365.56903 20.277 0.162
5365.63106 20.397 0.152
5365.72611 20.193 0.103
5365.81496 20.302 0.131
5365.85547 20.234 0.147
5365.89382 20.036 0.173
5369.81034 20.584 0.255
5369.85112 20.595 0.270
5376.65697 20.140 0.177
5376.69738 20.263 0.158
5376.73557 20.683 0.232
5376.77441 20.712 0.272
5376.81257 20.289 0.225
5376.85050 20.011 0.271
5377.54709 20.153 0.126
5377.58979 20.421 0.207
5377.62801 20.387 0.146
5377.70167 20.091 0.105
5377.74514 20.448 0.168
5377.78785 20.161 0.136
5377.82558 20.485 0.190
5377.86374 20.435 0.249
5378.53529 20.162 0.098
5378.61939 20.256 0.099
5378.70829 20.447 0.127
5378.74988 20.499 0.116
5378.78804 20.297 0.123
5378.82626 20.474 0.181
5378.86616 20.885 0.352
5379.57148 20.515 0.143
5379.65733 20.219 0.105
5379.74279 20.564 0.146
5379.78045 20.038 0.112
5379.81836 20.396 0.186
5379.85649 20.312 0.232
5380.51643 20.537 0.155
5380.55406 20.173 0.105
5380.63788 20.185 0.095
5380.71200 20.475 0.135
5380.75036 20.340 0.113
5380.78834 20.393 0.142
5380.82633 20.211 0.194
5381.56374 19.699 0.152
5381.60152 20.039 0.145
5381.66064 20.091 0.117
5381.70146 20.504 0.213
5381.73943 20.207 0.156
5381.78619 20.438 0.235
5381.86254 20.347 0.256
5382.55242 20.125 0.186
5382.60206 20.380 0.193
5382.63964 20.546 0.185
5382.68156 20.076 0.117
5382.72132 19.898 0.113
5382.75922 20.075 0.154
5382.80937 19.914 0.133
5383.69342 20.191 0.171
5385.49873 20.297 0.129
5385.71381 20.274 0.101
5385.83700 20.217 0.118
5386.52694 20.342 0.134
5386.56466 20.350 0.146
5386.64812 20.485 0.161
5386.73219 20.288 0.095
5386.77054 20.418 0.116
5386.80975 20.273 0.118
5387.57642 20.188 0.084
5387.71453 20.274 0.086
5387.75286 20.180 0.096
5387.79661 20.226 0.126
5387.83669 19.961 0.116
5388.49434 20.139 0.130
5388.53238 20.332 0.123
5388.64140 20.411 0.091
5388.75154 20.325 0.115
5388.79129 20.247 0.131
5388.83540 20.234 0.164
5389.49351 20.116 0.123
5389.53164 20.136 0.122
5389.61697 20.255 0.096
5389.72221 20.704 0.174
5389.78259 20.255 0.152
5389.82311 19.973 0.100
5390.52277 19.899 0.135
5390.56479 20.240 0.128
5390.65033 20.154 0.102
5390.69660 20.226 0.107
5390.74608 20.320 0.103
5390.78404 20.530 0.138
5390.82170 20.046 0.105
5391.51675 20.191 0.142
5391.55555 19.856 0.113
5391.61511 20.277 0.098
5391.72438 20.035 0.100
5391.80767 20.165 0.131
5391.84513 20.154 0.171
5392.53161 20.055 0.103
5392.59306 20.123 0.092
5392.70318 20.242 0.107
5392.78513 20.242 0.111
5392.82277 19.978 0.109
5396.57378 19.510 0.141
5396.62811 20.262 0.140
5396.72366 20.670 0.165
5396.75843 20.578 0.142
5396.79646 20.159 0.125
5397.60570 20.310 0.153
5397.65174 20.008 0.162
5397.68958 20.107 0.169
5402.51997 20.403 0.436
5403.48079 20.170 0.126
5403.51838 20.057 0.108
5403.55553 20.641 0.189
5403.59427 20.813 0.289
5403.63511 20.259 0.132
5403.71424 19.754 0.101
5403.75215 19.928 0.123
5403.78997 20.047 0.207
5404.49389 20.328 0.152
5404.53170 20.376 0.152
5404.56941 20.260 0.148
5404.60959 20.148 0.128
5404.69124 20.107 0.136
5404.72903 20.417 0.230
5404.77172 20.231 0.193
5405.62927 20.050 0.146
5405.66882 19.968 0.125
5405.70690 20.385 0.177
5405.74436 20.270 0.173
5405.78199 20.008 0.130
5407.48376 20.306 0.153
5407.52163 20.251 0.135
5407.55991 20.232 0.121
5407.59897 20.136 0.146
5407.75374 19.943 0.130
5408.50300 20.184 0.147
5408.54573 20.222 0.157
5408.59469 20.161 0.126
5409.49559 20.512 0.148
5409.55943 20.561 0.122
5409.74990 20.180 0.131
5409.78767 20.088 0.168
5410.50002 20.213 0.123
5410.56169 20.310 0.118
5410.75427 20.383 0.178
5411.47661 20.621 0.158
5411.51451 20.120 0.085
5411.59748 20.344 0.099
5411.70573 20.018 0.077
5411.76722 21.063 0.380
5412.53837 20.069 0.116
5412.57826 20.136 0.136
5412.61702 19.978 0.111
5412.65479 20.083 0.142
5412.69919 20.220 0.150
5413.47856 19.972 0.163
5413.51794 20.196 0.095
5413.62478 20.238 0.095
5413.73226 20.493 0.147
5413.77001 20.416 0.221
5414.49822 20.392 0.116
5414.55948 20.301 0.090
5414.66893 20.179 0.093
5416.61525 20.023 0.109
5416.67198 20.134 0.116
5418.53425 20.463 0.123
5418.58076 20.233 0.092
5418.63095 19.961 0.082
5418.68250 20.212 0.132
5421.53383 20.202 0.099
5421.59342 20.089 0.097
5421.63960 20.393 0.120
5421.68188 19.987 0.095
5421.72629 19.907 0.112
5422.51559 20.264 0.102
5422.56167 20.013 0.097
5422.71566 20.482 0.125
5423.49959 20.142 0.082
5423.54189 20.169 0.079
5423.67561 20.129 0.126
5425.50705 20.265 0.121
5425.54830 20.674 0.156
5426.51498 20.172 0.260
5426.59398 20.703 0.509
5426.73447 20.064 0.226
5430.50053 20.122 0.182
5430.54699 20.152 0.158
5430.58527 20.063 0.136
5430.62425 20.187 0.165
5430.66538 20.075 0.194
5431.50169 20.387 0.157
5431.54225 20.240 0.135
5431.58026 19.946 0.099
5431.62165 20.251 0.187
5431.65931 19.970 0.152
5432.63871 19.882 0.154
5433.53659 20.353 0.239
5433.66200 20.406 0.222
5434.48769 20.105 0.139
5434.53276 20.428 0.164
5434.57713 20.224 0.138
5434.61950 20.086 0.123
5434.66423 20.371 0.194
5434.70431 19.705 0.109
5435.50376 20.309 0.145
5435.54657 20.029 0.108
5435.61648 20.339 0.141
5435.66995 20.525 0.167
5435.70889 20.176 0.159
5436.50222 20.448 0.143
5436.64617 19.954 0.097
5437.48482 20.163 0.089
5437.58175 20.017 0.094
5438.49740 20.253 0.145
5438.53687 20.359 0.160
5438.63830 20.232 0.119
5438.67631 20.286 0.128
5439.55480 20.125 0.153
5439.59217 20.055 0.130
5439.63018 19.865 0.121
5439.67598 19.989 0.143
5444.52050 19.733 0.112
5444.62076 19.962 0.114
5444.65883 20.107 0.145
5445.62866 20.421 0.130
5445.66791 20.513 0.160
5446.50248 20.444 0.150
5446.54779 20.121 0.110
5446.58895 20.224 0.122
5446.62696 20.349 0.126
5447.62337 20.424 0.161
5448.61729 20.191 0.130
5449.49095 20.301 0.158
5449.53166 20.545 0.164
5449.58321 20.426 0.151
5450.49369 20.276 0.125
5450.53135 20.111 0.129
5450.56938 20.447 0.198
5450.61945 19.946 0.124
5451.53056 19.818 0.159
5451.65964 19.862 0.107
5453.58195 20.050 0.141
5457.50043 20.179 0.102
5457.57173 20.438 0.151
5457.61354 20.222 0.155
5458.55577 19.889 0.139
5458.61952 19.795 0.158
5458.62522 20.328 0.241
5459.56407 19.953 0.119
5459.60511 19.969 0.117
5460.59172 20.021 0.265
5461.51162 19.741 0.178
5461.55289 19.464 0.152
5461.60338 20.359 0.209
5462.56482 20.567 0.211
5463.51718 20.135 0.116
5463.62762 20.183 0.179
5464.59536 20.367 0.201
5465.52263 20.240 0.170
5468.57598 20.340 0.202
5470.52687 20.414 0.160
5472.56563 20.469 0.179
5473.51577 19.923 0.125
5478.49344 19.839 0.123
5479.52103 19.763 0.119
5480.50823 20.317 0.202
5480.57191 20.410 0.252
5481.54697 20.233 0.284
5485.52472 20.555 0.239
5486.51114 20.050 0.169
5487.55453 20.133 0.191
5488.54449 20.699 0.286
5489.53265 19.808 0.147
5490.53104 20.471 0.334
5492.53596 19.840 0.208
5494.53791 20.241 0.249
5502.50788 20.283 0.220
5616.86044 20.120 0.151
5620.84827 20.197 0.133
5621.85111 20.538 0.147
5622.88882 20.487 0.114
5624.84380 19.846 0.090
5625.82293 20.311 0.126
5627.84719 20.252 0.108
5628.85789 20.604 0.148
5629.82610 20.438 0.157
5630.80351 20.462 0.165
5631.83147 20.113 0.159
5632.83857 20.167 0.118
5634.85068 20.016 0.106
5635.85990 20.390 0.182
5637.81979 20.296 0.210
5638.79799 19.965 0.132
5639.79563 20.095 0.133
5639.87120 19.984 0.090
5640.78911 20.182 0.198
5640.82746 20.352 0.178
5640.87514 20.798 0.215
5640.91601 19.721 0.152
5641.82433 20.369 0.152
5641.86250 20.440 0.151
5641.90720 20.286 0.154
5642.78424 20.256 0.157
5642.84329 20.359 0.146
5642.90316 19.903 0.108
5643.76697 20.231 0.153
5643.80524 20.222 0.142
5643.86500 20.470 0.138
5643.90623 20.131 0.112
5644.77469 20.861 0.407
5644.81539 20.255 0.248
5644.88595 20.635 0.228
5647.80344 19.836 0.132
5647.84880 20.640 0.231
5647.85890 20.125 0.142
5647.87907 20.626 0.258
5647.89506 20.328 0.195
5648.75659 19.907 0.099
5648.82199 20.334 0.109
5648.86411 20.586 0.139
5648.90944 20.128 0.121
5649.76301 20.000 0.103
5649.80498 20.500 0.131
5649.86940 20.275 0.095
5649.90764 20.181 0.099
5650.75478 20.339 0.112
5650.81726 20.170 0.076
5650.86137 20.078 0.088
5650.91022 20.106 0.100
5651.77539 20.580 0.152
5651.81844 20.019 0.096
5651.89462 20.372 0.116
5652.75546 20.363 0.112
5652.81877 20.366 0.095
5652.86068 19.969 0.073
5653.77559 20.377 0.096
5653.90463 20.386 0.086
5654.77793 20.404 0.131
5654.82723 20.341 0.101
5654.86871 20.279 0.099
5655.73770 20.426 0.156
5655.77681 20.270 0.123
5655.81476 20.005 0.104
5655.85556 20.561 0.150
5655.90526 20.303 0.104
5656.79720 20.226 0.106
5656.83808 20.315 0.087
5656.92450 20.190 0.162
5657.78597 20.340 0.105
5657.82697 20.421 0.092
5657.87246 20.328 0.107
5657.91684 20.262 0.109
5658.78284 20.351 0.159
5658.82083 20.052 0.112
5658.82357 20.198 0.120
5658.83986 20.332 0.113
5658.87825 20.315 0.121
5658.91939 20.497 0.188
5659.73452 20.063 0.084
5659.77213 20.175 0.104
5659.81143 20.266 0.118
5659.85327 20.266 0.149
5659.90164 20.169 0.093
5660.72569 20.438 0.164
5660.77306 20.400 0.125
5660.81641 20.096 0.088
5660.87208 20.116 0.116
5662.72477 19.933 0.120
5662.76515 20.372 0.156
5662.82690 20.310 0.116
5662.86505 20.756 0.161
5662.90701 20.249 0.107
5663.76774 19.885 0.102
5664.77018 20.244 0.149
5664.81099 20.543 0.145
5664.87141 20.194 0.136
5664.91505 20.367 0.128
5665.73905 20.015 0.137
5665.78487 20.205 0.094
5665.84920 20.310 0.110
5665.89677 20.313 0.089
5667.72096 20.602 0.172
5667.77355 20.474 0.140
5667.82601 20.138 0.095
5667.87871 20.109 0.078
5667.92436 20.361 0.113
5668.76249 20.517 0.225
5668.82997 20.226 0.172
5668.88708 19.915 0.144
5668.92622 19.991 0.141
5669.77582 20.456 0.136
5669.81457 20.356 0.145
5669.87659 20.073 0.134
5669.92060 20.176 0.167
5670.75036 20.654 0.263
5670.80258 20.127 0.135
5670.85474 20.196 0.133
5670.89617 20.286 0.151
5671.73173 20.467 0.211
5671.77218 20.288 0.123
5675.73425 20.549 0.176
5675.77261 20.399 0.201
5675.81197 20.174 0.186
5675.87133 20.406 0.116
5675.92426 20.265 0.146
5676.69923 20.327 0.082
5676.73840 20.394 0.102
5676.77727 20.468 0.117
5676.82764 20.271 0.095
5676.87815 20.443 0.103
5676.92757 20.391 0.142
5677.73335 20.331 0.123
5677.77695 20.368 0.113
5677.82734 20.139 0.109
5677.87932 20.190 0.102
5677.91921 20.195 0.092
5679.69722 20.175 0.112
5679.73912 20.144 0.091
5679.79107 20.161 0.105
5679.84212 20.066 0.095
5679.88349 20.012 0.088
5679.92241 20.899 0.223
5680.68472 20.661 0.193
5680.72314 20.437 0.172
5680.77181 20.198 0.105
5680.82505 20.229 0.097
5680.86801 20.475 0.134
5680.90881 20.496 0.123
5681.67512 20.743 0.226
5681.71334 20.089 0.107
5681.75263 20.304 0.103
5681.80352 20.349 0.117
5681.85857 19.869 0.125
5681.90025 20.143 0.109
5682.66249 20.340 0.147
5682.70330 20.394 0.163
5682.75057 20.227 0.101
5682.79311 20.327 0.128
5682.88315 20.359 0.112
5682.92283 20.504 0.162
5683.68454 20.244 0.112
5683.73406 20.270 0.120
5683.80389 20.467 0.110
5683.86225 20.386 0.147
5683.90440 20.106 0.100
5684.65410 20.203 0.114
5684.70708 20.415 0.124
5684.76623 20.338 0.100
5684.81867 20.265 0.100
5684.87806 20.206 0.110
5684.91899 20.246 0.129
5685.74478 20.422 0.111
5685.79335 20.229 0.079
5685.84572 20.158 0.075
5685.88914 20.312 0.102
5686.69402 20.160 0.120
5686.74276 20.391 0.114
5686.80013 20.104 0.081
5686.84745 20.514 0.160
5686.88939 20.707 0.238
5686.92913 20.386 0.178
5687.68609 20.382 0.199
5687.72915 20.264 0.123
5687.77996 20.272 0.109
5687.83322 20.544 0.131
5688.84605 20.290 0.104
5688.91407 20.272 0.168
5689.68651 20.261 0.100
5689.75138 20.621 0.160
5689.80070 20.175 0.079
5690.62159 19.377 0.078
5690.66768 20.370 0.124
5690.71864 20.252 0.105
5690.78098 20.405 0.141
5690.82083 19.762 0.094
5690.88397 20.791 0.296
5691.64642 20.615 0.192
5691.70778 20.153 0.097
5691.75823 20.272 0.118
5691.80254 20.244 0.110
5691.85105 20.202 0.134
5691.90819 20.248 0.164
5692.64950 20.027 0.151
5692.70640 20.475 0.142
5692.75369 20.370 0.114
5692.79165 20.477 0.119
5692.83199 20.014 0.120
5692.87065 20.011 0.098
5692.90830 20.099 0.135
5693.61618 20.320 0.151
5693.65878 20.270 0.132
5693.72818 20.451 0.124
5693.77722 20.414 0.115
5693.81580 20.438 0.117
5693.85397 20.251 0.115
5693.89185 20.422 0.171
5693.93367 20.468 0.252
5694.63501 20.324 0.150
5694.66997 19.964 0.082
5694.73497 20.282 0.131
5694.78252 19.962 0.092
5694.82476 20.128 0.103
5694.86202 20.244 0.126
5694.89962 20.222 0.143
5694.93876 20.008 0.219
5695.64516 20.491 0.210
5695.69349 20.057 0.124
5695.78117 20.157 0.092
5695.82504 20.143 0.095
5695.86416 20.226 0.103
5695.90160 20.202 0.118
5695.93959 20.269 0.239
5696.62962 19.900 0.121
5696.68130 20.221 0.122
5696.72876 20.566 0.148
5696.76798 20.156 0.117
5696.81013 20.425 0.152
5696.85266 20.085 0.127
5696.90305 20.036 0.120
5697.60182 20.269 0.184
5697.69655 20.435 0.140
5697.73400 20.192 0.146
5697.77497 20.251 0.129
5697.81650 20.163 0.109
5697.85469 19.876 0.098
5697.89876 20.149 0.145
5697.93919 20.646 0.403
5698.63164 20.198 0.194
5698.68091 20.856 0.300
5698.71987 20.174 0.166
5698.76008 20.426 0.215
5698.80118 20.165 0.150
5698.84093 20.099 0.140
5698.88070 20.448 0.263
5698.92545 19.947 0.202
5702.63655 19.349 0.167
5702.66572 20.558 0.486
5702.75418 20.598 0.563
5702.78442 20.243 0.310
5702.92097 19.483 0.234
5703.74607 20.324 0.203
5703.81722 20.226 0.235
5703.86688 19.875 0.185
5705.73870 20.279 0.151
5705.78155 20.207 0.116
5705.83302 20.136 0.125
5705.88705 20.120 0.198
5705.93646 19.951 0.226
5706.71516 20.075 0.139
5706.77061 20.155 0.144
5706.84307 20.363 0.191
5707.57326 20.308 0.200
5707.61571 20.020 0.119
5707.66277 20.430 0.156
5707.71050 20.268 0.123
5707.74902 20.401 0.135
5707.78975 20.290 0.104
5707.82951 20.301 0.135
5707.86928 19.768 0.108
5707.90963 19.761 0.144
5708.59436 20.138 0.151
5708.64055 20.522 0.257
5708.69037 20.250 0.109
5708.73951 20.243 0.119
5708.78135 20.185 0.149
5708.83119 19.967 0.103
5708.87858 19.864 0.174
5709.61080 20.595 0.189
5709.62353 20.126 0.117
5709.66358 19.973 0.095
5710.73161 19.510 0.070
5712.56497 20.515 0.336
5712.63538 20.239 0.135
5712.64790 20.142 0.116
5712.70893 20.197 0.102
5712.74975 20.344 0.104
5712.79145 20.393 0.127
5712.83051 20.225 0.118
5712.87794 20.531 0.207
5713.75829 20.367 0.109
5713.79442 20.065 0.102
5713.80687 20.754 0.184
5713.84529 20.674 0.231
5714.57431 19.943 0.148
5714.65514 19.883 0.081
5714.66809 20.382 0.116
5714.87271 19.972 0.174
5715.65572 20.518 0.127
5715.70035 20.549 0.119
5715.74537 20.183 0.084
5715.79197 20.348 0.106
5715.83451 20.186 0.114
5715.88970 20.099 0.150
5716.57445 20.376 0.167
5716.66513 20.254 0.124
5716.67787 20.419 0.159
5716.73059 20.096 0.089
5716.77405 20.465 0.165
5716.81391 20.344 0.131
5716.85375 20.285 0.184
5716.89289 20.798 0.277
5721.59551 20.014 0.112
5721.60801 20.647 0.214
5721.62042 20.106 0.122
5721.67277 20.138 0.115
5721.68535 19.876 0.091
5721.69851 20.036 0.095
5721.76570 19.776 0.076
5721.80527 20.774 0.218
5721.84636 19.909 0.112
5721.89625 19.717 0.121
5722.59073 19.189 0.045
5722.64516 19.146 0.045
5722.69976 18.965 0.036
5722.76526 18.945 0.035
5722.80500 18.984 0.041
5723.54622 18.552 0.041
5723.58571 18.565 0.029
5723.63384 18.729 0.033
5723.68379 18.928 0.041
5723.72381 18.925 0.031
5723.76336 18.967 0.035
5723.80194 19.047 0.037
5723.84159 18.857 0.039
5724.53701 19.290 0.099
5724.58463 18.995 0.054
5724.59885 19.389 0.076
5724.61145 19.306 0.074
5724.66213 19.185 0.053
5724.72354 19.216 0.050
5724.77335 19.274 0.057
5724.81441 19.305 0.070
5725.56441 19.366 0.058
5725.63178 19.437 0.054
5725.69843 19.325 0.041
5725.73901 19.467 0.058
5725.77791 19.365 0.060
5726.53640 19.273 0.108
5726.57876 19.608 0.114
5726.62583 19.610 0.096
5726.67316 19.412 0.089
5726.71263 19.579 0.064
5726.75316 19.488 0.078
5726.79864 19.541 0.101
5734.61108 19.787 0.109
5734.68830 19.649 0.088
5734.73625 20.006 0.145
5734.77990 19.930 0.117
5734.82990 19.769 0.115
5734.87250 19.662 0.152
5735.66340 19.735 0.106
5735.72326 20.042 0.102
5735.77272 20.119 0.105
5735.81897 20.043 0.098
5735.86584 19.784 0.118
5736.52092 20.192 0.169
5736.56393 19.929 0.096
5736.60447 19.803 0.062
5736.64821 19.889 0.055
5736.68835 19.915 0.064
5736.76977 19.833 0.061
5736.81532 19.813 0.076
5736.86243 19.718 0.083
5737.50735 19.358 0.086
5737.54723 19.953 0.086
5737.59974 19.861 0.064
5737.64212 19.860 0.056
5737.69697 20.038 0.069
5737.73648 19.915 0.061
5737.77709 19.967 0.075
5737.82383 19.869 0.078
5737.86510 19.971 0.111
5738.53725 19.925 0.090
5738.57669 19.966 0.078
5738.61740 20.061 0.094
5738.66885 19.791 0.056
5738.72303 19.871 0.073
5738.76275 19.826 0.072
5739.51558 19.766 0.096
5739.55360 20.249 0.136
5739.59188 20.342 0.137
5739.64286 20.088 0.083
5739.70096 19.919 0.077
5739.73905 20.038 0.089
5739.77811 20.122 0.112
5739.82542 19.986 0.120
5739.87467 19.807 0.151
5740.53063 19.802 0.099
5740.57282 19.926 0.132
5740.63417 19.711 0.080
5740.68816 19.958 0.074
5740.73750 20.109 0.093
5740.77640 19.917 0.082
5740.82131 19.973 0.119
5740.86828 19.958 0.150
5741.50817 19.982 0.114
5741.54638 20.083 0.105
5741.59158 19.910 0.081
5741.62947 19.784 0.064
5741.68013 19.909 0.062
5741.72912 20.013 0.084
5741.77020 19.906 0.076
5741.80879 19.762 0.075
5741.84681 20.023 0.092
5741.88558 20.176 0.130
5742.52121 20.533 0.195
5742.56442 19.825 0.096
5742.60267 20.143 0.096
5742.66174 20.235 0.072
5742.70337 20.048 0.077
5742.74196 19.755 0.054
5742.78023 19.886 0.066
5742.81831 19.868 0.077
5742.85846 19.929 0.097
5743.61447 19.672 0.089
5743.65236 19.800 0.092
5743.70580 19.755 0.087
5743.75333 19.970 0.103
5743.79113 19.944 0.100
5743.82905 19.951 0.105
5743.86684 20.335 0.196
5744.51090 20.152 0.163
5744.54877 20.120 0.129
5744.58734 20.101 0.118
5744.62554 19.852 0.080
5744.70089 19.745 0.062
5744.76209 19.922 0.086
5744.80582 19.967 0.095
5744.85134 20.101 0.171
5745.49983 19.848 0.103
5745.53908 19.812 0.086
5745.58585 20.363 0.158
5745.62558 20.246 0.152
5745.68601 20.172 0.113
5745.72438 20.262 0.100
5745.76254 19.748 0.085
5745.80048 19.807 0.115
5746.54344 20.017 0.168
5746.59707 19.975 0.093
5746.63495 20.458 0.177
5746.70362 19.673 0.077
5746.74138 20.021 0.099
5746.77897 19.959 0.113
5746.82140 19.651 0.114
5747.59841 19.698 0.128
5747.64182 20.168 0.159
5747.68832 20.120 0.175
5747.73149 19.603 0.099
5747.77566 19.933 0.116
5748.61748 20.133 0.147
5748.66892 20.332 0.136
5749.51298 19.797 0.120
5749.55058 20.034 0.119
5749.58838 19.967 0.093
5749.62841 20.130 0.103
5749.67872 19.977 0.115
5749.71728 20.277 0.133
5749.75550 19.660 0.087
5749.79505 19.888 0.124
5752.55708 19.671 0.104
5753.48397 19.551 0.252
5753.53743 20.107 0.207
5753.58585 19.594 0.168
5753.64242 20.705 0.421
5753.73739 19.690 0.254
5753.79978 19.276 0.197
5759.81956 20.327 0.277
5760.47792 20.747 0.377
5760.51557 20.060 0.145
5760.57204 20.291 0.169
5760.62399 20.000 0.113
5760.67168 20.083 0.115
5760.72312 20.005 0.117
5760.76138 20.446 0.161
5760.79907 20.259 0.141
5761.53407 19.740 0.057
5761.59057 19.921 0.084
5762.49914 20.136 0.139
5762.53738 19.908 0.093
5762.57531 19.827 0.088
5762.61691 20.174 0.134
5762.65618 19.991 0.110
5762.69343 20.956 0.247
5762.73166 19.760 0.102
5763.48724 20.195 0.128
5763.53185 20.020 0.076
5763.57331 20.240 0.082
5763.67371 20.307 0.150
5763.72140 20.269 0.122
5763.75910 20.659 0.203
5764.49690 20.356 0.144
5764.53650 19.966 0.080
5764.57644 20.258 0.116
5764.62565 20.164 0.085
5764.66717 20.235 0.092
5764.71512 20.346 0.120
5764.78298 20.133 0.136
5765.49513 20.262 0.122
5765.53832 20.279 0.131
5765.60091 20.344 0.096
5765.64729 20.019 0.087
5765.69041 19.884 0.101
5765.73811 20.026 0.119
5766.46834 20.279 0.190
5766.50703 20.050 0.092
5766.56139 20.081 0.109
5766.61108 20.141 0.086
5766.65191 20.206 0.096
5766.69338 20.051 0.099
5766.73682 19.877 0.112
5767.48396 20.138 0.136
5767.52860 19.894 0.105
5767.57152 20.180 0.111
5767.63211 20.009 0.113
5767.69604 19.969 0.104
5767.73840 20.087 0.115
5767.77966 20.041 0.156
5768.47356 20.155 0.136
5768.51389 20.235 0.109
5768.57424 20.114 0.087
5768.61702 20.040 0.081
5768.66369 20.238 0.095
5768.71386 20.155 0.092
5768.75413 19.787 0.083
5768.79282 20.207 0.141
5769.49901 20.215 0.128
5769.54019 19.931 0.069
5769.59531 19.844 0.080
5769.66265 19.779 0.066
5769.71216 20.248 0.118
5769.75450 20.034 0.113
5770.65505 19.885 0.117
5770.73975 20.205 0.125
5775.55422 20.213 0.148
5775.62102 19.941 0.107
5776.52628 20.158 0.168
5776.58756 19.885 0.138
5776.63411 20.182 0.134
5776.70230 20.045 0.105
5776.75052 20.030 0.161
5777.50656 20.104 0.082
5777.55655 20.473 0.100
5777.63267 20.233 0.103
5777.69300 20.003 0.076
5777.75765 20.038 0.088
5778.49023 19.768 0.137
5778.54228 20.319 0.193
5778.59447 19.704 0.100
5779.58260 20.403 0.117
5779.62815 20.201 0.089
5779.68238 20.122 0.131
5779.72338 20.518 0.166
5784.51276 20.247 0.323
5784.59897 20.058 0.129
5784.71445 20.081 0.384
5785.48789 19.876 0.149
5785.55935 20.085 0.177
5785.60997 20.811 0.340
5785.65440 20.934 0.384
5785.69669 19.883 0.154
5786.47713 19.543 0.124
5786.55389 20.099 0.176
5786.59828 20.099 0.125
5786.64133 20.094 0.132
5786.69520 19.991 0.147
5786.74223 20.355 0.302
5787.51854 20.205 0.143
5787.57702 19.971 0.102
5787.61977 20.322 0.133
5787.66055 20.060 0.131
5787.70346 20.346 0.194
5788.47220 20.439 0.236
5788.52760 20.569 0.192
5788.58180 20.000 0.109
5788.62012 20.052 0.113
5788.66276 20.160 0.167
5788.70645 19.577 0.152
5788.74419 19.437 0.138
5790.50792 20.550 0.190
5790.55986 20.794 0.290
5790.60056 20.304 0.154
5790.63947 20.266 0.138
5790.68058 20.032 0.115
5790.72073 19.862 0.102
5791.48847 19.816 0.103
5791.56707 20.515 0.151
5793.48942 19.990 0.108
5793.55481 20.233 0.116
5793.59453 20.251 0.123
5793.63567 20.244 0.119
5793.67491 20.065 0.097
5793.71520 20.119 0.147
5794.49230 20.135 0.125
5794.56027 20.152 0.126
5794.60189 20.067 0.114
5794.64295 20.081 0.107
5794.68851 20.410 0.150
5795.53984 19.814 0.110
5795.60970 19.696 0.131
5795.69664 20.002 0.115
5795.73367 19.801 0.104
5796.51392 20.240 0.107
5796.58350 20.017 0.125
5796.62260 20.268 0.112
5796.66389 19.873 0.087
5796.70534 19.849 0.141
5798.68635 19.531 0.093
5801.50434 20.184 0.100
5801.55731 20.251 0.134
5801.59636 19.851 0.103
5801.63433 19.669 0.105
5801.67590 20.563 0.218
5802.54632 20.237 0.150
5802.59010 20.139 0.136
5803.52275 20.201 0.139
5803.60701 20.391 0.166
5804.53023 20.106 0.098
5804.56849 20.216 0.101
5804.60885 20.001 0.093
5804.64678 20.228 0.145
5804.69076 19.781 0.100
5805.53077 20.472 0.130
5805.56915 20.298 0.099
5805.61016 19.973 0.110
5805.65856 19.993 0.142
5806.52436 20.596 0.234
5806.59476 19.644 0.102
5807.56469 20.027 0.124
5807.60703 19.680 0.109
5807.64675 20.404 0.171
5812.50983 19.896 0.172
5812.55013 20.659 0.312
5812.58951 20.035 0.190
5812.63211 20.304 0.319
5812.66764 19.944 0.297
5813.52144 19.956 0.135
5813.56347 19.944 0.093
5813.60171 20.437 0.138
5813.63947 20.549 0.185
5815.50016 19.998 0.095
5815.54280 19.998 0.097
5815.59029 19.848 0.090
5815.62815 20.171 0.117
5815.66457 20.492 0.183
5816.51406 20.075 0.106
5816.56151 20.077 0.125
5816.59971 19.851 0.154
5816.64038 20.740 0.393
5817.51525 20.207 0.126
5817.56250 20.165 0.153
5817.60167 20.210 0.191
5817.64138 19.609 0.128
5818.50609 20.107 0.136
5818.54397 20.027 0.130
5818.58191 20.174 0.188
5818.62238 20.284 0.243
5819.49437 20.229 0.139
5819.55263 19.951 0.112
5819.59011 20.352 0.161
5819.62942 20.176 0.165
5820.48295 19.780 0.143
5820.52120 20.397 0.187
5820.56826 20.142 0.144
5820.60610 19.892 0.118
5820.64401 20.329 0.217
5822.52528 20.038 0.142
5822.57026 19.789 0.102
5822.61374 20.076 0.122
5823.50186 20.207 0.191
5823.54518 20.310 0.205
5823.58869 20.098 0.140
5823.62919 20.783 0.308
5824.52752 20.482 0.155
5824.56675 20.141 0.095
5824.60798 20.354 0.162
5825.48751 19.974 0.149
5825.53707 20.255 0.155
5825.58342 20.333 0.165
5825.62576 19.947 0.124
5826.50657 20.280 0.172
5826.55524 19.888 0.123
5826.59475 20.071 0.174
5827.49497 20.380 0.229
5827.53265 19.760 0.125
5827.57549 19.888 0.136
5827.61306 20.344 0.221
5828.50612 19.996 0.105
5828.54603 20.081 0.108
5828.58365 20.634 0.197
5828.61840 20.161 0.147
5829.51888 20.454 0.166
5829.55681 20.270 0.127
5829.59507 20.240 0.144
5830.48274 20.164 0.122
5830.53203 20.695 0.184
5830.56970 20.460 0.191
5831.48026 20.290 0.216
5831.53882 20.354 0.138
5831.57626 20.155 0.132
5831.61195 19.909 0.147
5832.52224 19.952 0.095
5832.56185 20.812 0.261
5832.60009 20.242 0.223
5833.52014 20.223 0.120
5833.59761 19.916 0.139
5834.51934 20.247 0.117
5834.55710 20.687 0.194
5834.59329 20.050 0.140
5835.54050 19.709 0.124
5836.50291 19.866 0.187
5836.53612 20.008 0.179
5836.56796 19.615 0.162
5839.48577 20.184 0.213
5839.52568 20.295 0.196
5839.56462 20.167 0.220
5839.59499 20.351 0.441
5840.51564 20.051 0.146
5840.56664 20.725 0.249
5840.60845 19.998 0.151
5841.51177 19.925 0.146
5841.55141 20.093 0.164
5842.51376 19.971 0.178
5842.55791 19.778 0.138
5842.59833 20.609 0.349
5843.51535 20.029 0.142
5843.55618 20.238 0.201
5843.59668 20.320 0.244
5844.49966 19.917 0.121
5844.53912 20.044 0.147
5844.57989 19.948 0.182
5845.50002 19.814 0.143
5845.53987 20.339 0.202
5845.58018 19.947 0.212
5846.50386 19.777 0.155
5846.54188 20.080 0.217
5846.58070 19.608 0.179
5850.51457 20.356 0.154
5850.55320 20.111 0.126
5851.50350 20.408 0.162
5851.54185 20.729 0.245
5852.49136 19.785 0.176
5852.53132 19.871 0.167
5854.49488 20.189 0.229
5854.53810 20.527 0.254
5855.52390 20.312 0.209
5855.55186 19.957 0.161
5856.52390 19.746 0.142
5857.49427 20.533 0.402
5858.49630 20.388 0.333
5859.49505 19.727 0.176
5859.53248 20.048 0.143
5860.50858 19.966 0.143
5861.49692 20.054 0.211
5861.53237 20.177 0.200
5862.51660 20.318 0.181
5866.51063 20.498 0.362
5867.51381 20.427 0.204
5868.51516 19.995 0.209
5869.50608 19.996 0.267
5870.51072 20.438 0.247
5872.49928 19.931 0.264
5961.87870 20.122 0.191
5969.88731 20.424 0.284
5971.86166 20.356 0.156
5972.87730 20.278 0.195
5976.86712 20.400 0.150
5977.82522 19.838 0.114
5977.86603 20.030 0.114
5978.83807 20.179 0.137
5978.87655 20.186 0.120
5979.82890 20.616 0.272
5979.86837 20.491 0.239
5980.84986 20.072 0.170
5982.81562 20.543 0.187
5982.85429 20.601 0.168
5983.84606 20.339 0.151
5983.89361 20.070 0.082
5984.83637 20.116 0.109
5984.88370 20.411 0.118
5985.81197 20.565 0.211
5985.85862 20.584 0.190
5985.90214 20.236 0.187
5986.82861 20.338 0.158
5986.86698 20.121 0.103
5987.80802 20.365 0.205
5987.84343 20.332 0.142
5987.89284 20.298 0.122
5988.81949 20.067 0.136
5988.86044 20.014 0.101
5989.80350 21.212 0.415
5989.83808 20.089 0.113
5989.87992 20.221 0.143
5990.79776 20.479 0.197
5990.83448 20.186 0.115
5990.87593 20.681 0.214
5991.80814 19.824 0.150
5991.85101 20.438 0.151
5991.90254 20.214 0.123
5992.82608 20.165 0.135
5992.86818 20.245 0.113
5993.78702 19.838 0.157
5993.83361 19.942 0.162
5993.87348 20.022 0.125
5994.80249 20.490 0.198
5994.82785 20.036 0.116
5994.87857 20.540 0.182
5995.78130 21.159 0.343
5995.81050 20.346 0.152
5995.84368 20.283 0.135
5995.89281 20.036 0.102
5996.79728 20.133 0.125
5996.83485 20.470 0.157
5996.88160 20.259 0.099
5997.79271 20.013 0.135
5997.82870 20.306 0.144
5997.87706 20.170 0.113
5997.91478 20.302 0.259
5998.80457 20.222 0.135
5998.85354 20.069 0.098
5998.89483 20.067 0.095
5999.78896 20.111 0.146
5999.83797 20.170 0.125
5999.87589 20.065 0.102
5999.91389 19.917 0.111
6002.81056 20.594 0.330
6002.84050 19.963 0.170
6002.88120 20.515 0.262
6003.86231 20.689 0.251
6004.75669 19.986 0.136
6004.79502 20.240 0.144
6004.85286 19.933 0.099
6004.89052 20.312 0.115
6005.75827 20.404 0.171
6005.79932 20.342 0.113
6005.84787 20.352 0.126
6005.90464 20.160 0.067
6006.77003 20.172 0.108
6006.82291 20.153 0.089
6006.87384 20.219 0.093
6006.91149 20.202 0.104
6007.76700 20.390 0.133
6007.81439 20.880 0.177
6007.86243 20.239 0.096
6007.90043 20.345 0.096
6008.75906 20.503 0.170
6008.79793 20.329 0.132
6008.85454 20.399 0.159
6008.89376 20.211 0.126
6009.75043 20.203 0.135
6009.78632 20.211 0.103
6009.84384 20.309 0.116
6009.88164 20.637 0.137
6009.91950 20.239 0.192
6010.76479 20.223 0.136
6010.81389 20.634 0.165
6010.86384 20.413 0.103
6010.90146 20.333 0.095
6011.74372 20.085 0.134
6011.79397 20.188 0.112
6011.86935 20.203 0.147
6011.90764 20.823 0.261
6012.74943 20.896 0.247
6012.79581 20.459 0.139
6012.84516 20.256 0.097
6012.89225 20.240 0.072
6013.75147 20.467 0.160
6013.78924 19.895 0.069
6013.83033 20.604 0.135
6013.89143 20.410 0.103
6014.72713 20.176 0.135
6014.76620 20.348 0.113
6014.80445 20.141 0.090
6014.86460 20.318 0.106
6014.90388 20.258 0.110
6015.74324 20.401 0.133
6015.78269 20.412 0.106
6015.82140 20.546 0.108
6015.87055 20.345 0.087
6015.91250 20.198 0.091
6016.76274 20.418 0.112
6016.80309 20.054 0.079
6016.86585 20.215 0.087
6016.90623 20.471 0.092
6017.73805 20.119 0.109
6017.77619 20.344 0.093
6017.81450 20.203 0.074
6017.87295 20.291 0.080
6017.91310 20.318 0.084
6018.76456 20.359 0.157
6018.80344 20.389 0.136
6018.84332 20.117 0.068
6018.90838 20.186 0.070
6019.73160 20.623 0.200
6019.77014 20.521 0.147
6019.82875 20.320 0.137
6019.86666 20.394 0.091
6019.90515 20.210 0.082
6020.72361 20.258 0.138
6020.76213 20.298 0.106
6020.81829 20.230 0.082
6020.85707 20.217 0.078
6020.89648 20.249 0.126
6021.70812 20.678 0.271
6021.74486 20.615 0.194
6021.78388 20.299 0.112
6021.82251 20.712 0.146
6021.88084 20.099 0.087
6021.92131 20.423 0.161
6022.73241 20.287 0.150
6022.77069 20.655 0.172
6022.80894 20.718 0.167
6022.86646 20.425 0.128
6022.90852 20.217 0.086
6023.72644 20.758 0.285
6023.76635 20.557 0.163
6023.80695 20.573 0.220
6023.84708 20.412 0.132
6023.91158 20.285 0.124
6024.71202 20.049 0.172
6024.75229 20.471 0.188
6024.79135 20.307 0.167
6024.85381 20.237 0.113
6024.90364 20.053 0.111
6025.70965 20.520 0.287
6025.75012 20.712 0.273
6025.78992 20.337 0.178
6025.84318 20.156 0.142
6025.89470 20.087 0.119
6026.72326 20.160 0.469
6029.83437 20.106 0.210
6031.75171 20.522 0.187
6031.79159 20.193 0.117
6031.83113 20.849 0.255
6031.87242 20.537 0.183
6031.93334 19.784 0.200
6032.70983 20.716 0.214
6032.74790 20.564 0.143
6032.80594 20.302 0.112
6032.84682 20.129 0.090
6032.88835 20.131 0.078
6032.92847 19.705 0.106
6033.72485 20.106 0.119
6033.76996 20.130 0.110
6033.84098 20.181 0.148
6033.87994 20.196 0.104
6033.92144 20.548 0.204
6034.71989 20.728 0.162
6034.76762 20.306 0.100
6034.82306 20.003 0.073
6034.91260 20.232 0.105
6035.85148 20.036 0.091
6035.92079 20.097 0.109
6036.71286 20.412 0.134
6036.75702 20.437 0.115
6036.83317 20.131 0.070
6036.87907 20.247 0.085
6036.93484 20.503 0.211
6037.74133 20.428 0.155
6037.78214 20.192 0.118
6037.85123 20.169 0.106
6037.89536 20.356 0.122
6038.70928 20.938 0.293
6038.75121 20.470 0.149
6038.80077 20.223 0.105
6038.85691 20.035 0.090
6038.90062 20.235 0.112
6039.73169 20.171 0.136
6039.77490 20.123 0.120
6039.82909 19.954 0.106
6039.88065 20.491 0.162
6039.92194 20.488 0.136
6040.74964 20.272 0.134
6040.79160 20.025 0.094
6040.84275 20.348 0.128
6040.89602 20.458 0.138
6040.93410 20.266 0.285
6041.74119 20.426 0.173
6041.78665 20.238 0.119
6041.83568 20.593 0.168
6041.88913 20.269 0.095
6041.92742 20.183 0.111
6045.92139 20.309 0.131
6046.89343 20.243 0.112
6046.93233 20.509 0.178
6047.70683 20.456 0.173
6047.74575 20.456 0.124
6047.78479 20.324 0.099
6047.84542 20.112 0.111
6047.89827 20.230 0.124
6048.68409 20.120 0.112
6048.72322 20.217 0.104
6048.77540 20.296 0.104
6048.82554 20.007 0.086
6048.86958 20.215 0.099
6048.91426 20.442 0.112
6049.69309 20.398 0.137
6049.74592 20.458 0.117
6049.80504 20.286 0.083
6049.84502 20.025 0.089
6049.88671 20.462 0.128
6049.92592 20.074 0.091
6050.68190 20.394 0.158
6050.72115 20.137 0.121
6050.79081 19.988 0.102
6050.83110 20.426 0.130
6050.87021 20.153 0.099
6050.90894 20.174 0.114
6051.65440 20.537 0.213
6051.74049 20.635 0.183
6052.66661 20.319 0.180
6052.70469 21.044 0.346
6052.76227 20.125 0.125
6052.80141 20.313 0.138
6052.84188 20.174 0.131
6052.88154 20.579 0.158
6052.91992 20.573 0.180
6053.69819 19.849 0.150
6053.73593 20.157 0.123
6053.79331 20.161 0.101
6053.84660 20.417 0.174
6053.88999 19.906 0.106
6053.92904 20.312 0.165
6054.88740 19.957 0.131
6057.74071 20.706 0.453
6057.77396 20.915 0.446
6057.81165 20.270 0.223
6057.83900 20.204 0.178
6057.87191 20.075 0.146
6057.90332 20.379 0.252
6057.91835 20.358 0.252
6057.93660 20.227 0.234
6058.70455 20.360 0.150
6058.74414 20.103 0.110
6058.78403 20.210 0.104
6058.83404 20.118 0.116
6058.87480 20.347 0.128
6058.91471 19.850 0.096
6059.68241 19.870 0.092
6059.72084 20.154 0.116
6059.75908 21.090 0.300
6059.80892 20.177 0.101
6059.85822 20.186 0.091
6059.89717 20.052 0.081
6059.93624 20.334 0.156
6060.80944 20.506 0.147
6061.69757 20.018 0.116
6061.73637 20.038 0.102
6061.79730 19.889 0.072
6061.83735 20.439 0.111
6061.87523 19.963 0.092
6061.91403 19.781 0.093
6062.65346 19.746 0.109
6062.69546 20.394 0.176
6062.73491 19.999 0.125
6062.77337 19.913 0.100
6062.83562 20.363 0.131
6062.87427 20.197 0.113
6062.91229 19.981 0.114
6063.74382 19.837 0.142
6063.80485 19.864 0.120
6063.84341 20.107 0.135
6063.90109 20.033 0.105
6063.93962 19.948 0.181
6064.72754 20.099 0.087
6064.77604 20.136 0.072
6064.83040 20.357 0.105
6064.87040 20.187 0.096
6064.91239 20.147 0.111
6065.62029 20.607 0.178
6065.66056 20.154 0.106
6065.69914 20.074 0.080
6065.74726 20.383 0.104
6065.80094 20.455 0.134
6065.84011 20.296 0.111
6066.62522 20.244 0.116
6066.66302 20.324 0.114
6066.70110 20.084 0.092
6066.75117 20.734 0.145
6066.80490 20.374 0.115
6066.84612 20.318 0.113
6066.88642 20.240 0.095
6066.92465 20.501 0.133
6067.60938 19.942 0.085
6067.64980 20.532 0.138
6067.68799 20.640 0.150
6067.72647 20.720 0.135
6067.77628 20.144 0.092
6067.82710 20.123 0.082
6067.86602 20.268 0.099
6067.90403 20.208 0.102
6067.94177 20.468 0.248
6068.60163 20.112 0.114
6068.61383 20.729 0.180
6068.62326 19.899 0.080
6068.63777 20.294 0.121
6068.65677 19.973 0.084
6068.67239 19.956 0.080
6068.69104 20.520 0.132
6068.70501 20.398 0.109
6068.71924 20.147 0.084
6068.73522 20.304 0.087
6068.75656 20.229 0.073
6068.80186 20.280 0.088
6068.82627 20.312 0.095
6068.85633 20.279 0.106
6068.86922 20.224 0.100
6068.87765 20.632 0.151
6068.90769 20.524 0.156
6068.94187 19.795 0.135
6069.63376 20.161 0.108
6069.69023 20.175 0.099
6069.73199 20.603 0.140
6069.78489 20.341 0.099
6069.84059 20.135 0.076
6069.88117 20.603 0.118
6069.91941 20.668 0.141
6070.60136 19.953 0.130
6070.63959 21.052 0.327
6070.67942 20.318 0.117
6070.71777 20.344 0.121
6070.76609 20.317 0.102
6070.81645 20.144 0.093
6070.85626 20.640 0.152
6070.89483 20.106 0.105
6070.93394 20.115 0.107
6071.60160 20.329 0.134
6071.68049 20.137 0.115
6071.71916 20.345 0.115
6071.76707 20.456 0.129
6071.82088 20.366 0.122
6071.86015 20.126 0.106
6071.89850 20.144 0.108
6071.93602 19.935 0.134
6075.59398 20.090 0.090
6075.63334 20.087 0.091
6075.67179 20.298 0.079
6075.71324 20.237 0.107
6075.77741 20.301 0.090
6075.81589 19.999 0.068
6075.86045 20.091 0.088
6076.58672 20.539 0.174
6076.62497 20.351 0.124
6076.67516 20.454 0.162
6076.72232 20.150 0.086
6076.77087 20.296 0.104
6076.80989 20.092 0.083
6076.85208 19.941 0.094
6076.89854 19.491 0.082
6076.94274 19.854 0.166
6077.73468 20.409 0.133
6077.79666 20.190 0.101
6077.84416 20.092 0.093
6077.88774 20.111 0.108
6077.92644 21.009 0.260
6078.60847 20.103 0.114
6078.64624 20.125 0.111
6078.68461 20.373 0.117
6078.73474 20.183 0.080
6078.78868 20.349 0.103
6078.82694 20.101 0.097
6078.87105 20.234 0.115
6078.90919 20.093 0.121
6079.57341 20.203 0.124
6079.61271 20.419 0.128
6079.65064 20.055 0.079
6079.69653 20.234 0.103
6079.76218 20.497 0.123
6079.80334 20.253 0.115
6079.85409 20.149 0.087
6079.89191 20.437 0.136
6079.93168 19.954 0.104
6080.58305 21.529 0.557
6080.62107 20.160 0.158
6080.65929 20.287 0.141
6080.70749 20.068 0.091
6080.74889 20.533 0.179
6080.78855 20.267 0.113
6080.83688 20.046 0.111
6080.88435 20.517 0.204
6080.92911 20.446 0.159
6081.61658 19.986 0.142
6081.65748 21.068 0.333
6081.70293 20.475 0.144
6081.74132 20.081 0.100
6081.78989 20.212 0.105
6081.83863 20.073 0.117
6081.87878 20.596 0.221
6081.92694 20.586 0.341
6082.61055 20.237 0.256
6082.64926 19.610 0.147
6082.70033 20.527 0.310
6082.73760 20.285 0.254
6082.81498 20.893 0.446
6082.85289 19.869 0.184
6082.89453 19.802 0.196
6085.57379 20.032 0.156
6085.62532 20.759 0.334
6085.66169 20.598 0.202
6085.69511 19.821 0.168
6085.78566 19.873 0.125
6085.82458 20.122 0.146
6085.86427 19.531 0.191
6086.55642 20.041 0.106
6086.59768 20.444 0.161
6086.64093 20.474 0.132
6086.67978 20.011 0.083
6086.72936 20.136 0.085
6086.78117 20.188 0.115
6086.82201 20.485 0.142
6086.87088 20.223 0.168
6086.91346 19.975 0.166
6087.61455 20.050 0.111
6087.76991 20.079 0.105
6087.82041 20.143 0.120
6087.86082 20.604 0.268
6088.58687 20.356 0.103
6088.62516 20.202 0.090
6088.66306 20.171 0.073
6089.62902 19.761 0.067
6089.66812 20.402 0.122
6089.72767 19.840 0.073
6089.77713 20.149 0.117
6089.81733 20.060 0.108
6089.91626 20.069 0.134
6092.58522 20.398 0.136
6092.62326 20.532 0.162
6092.66362 20.257 0.117
6092.78139 20.512 0.118
6092.86150 20.252 0.148
6092.91065 20.116 0.184
6093.57832 20.107 0.100
6093.61766 20.105 0.094
6093.65552 20.350 0.106
6093.70329 20.426 0.115
6093.77820 20.146 0.125
6093.81786 20.037 0.124
6093.85666 20.518 0.175
6094.57757 20.439 0.216
6094.62906 20.383 0.143
6094.66663 20.525 0.166
6094.71567 20.249 0.110
6094.76353 20.283 0.120
6094.80190 20.102 0.110
6094.84148 20.614 0.198
6094.89146 20.239 0.199
6096.58948 20.189 0.122
6096.63235 20.418 0.128
6096.67497 20.192 0.121
6096.74974 20.232 0.131
6096.78761 20.088 0.113
6096.82976 20.223 0.132
6096.86981 20.060 0.147
6097.66376 20.294 0.125
6097.72701 19.894 0.092
6097.77534 20.247 0.129
6097.81316 20.025 0.103
6097.85079 19.964 0.114
6097.89119 19.838 0.119
6098.56628 20.587 0.224
6098.61009 20.575 0.206
6098.64773 20.072 0.106
6098.68619 20.021 0.099
6098.74921 20.030 0.085
6098.78961 20.331 0.128
6098.82848 20.265 0.143
6099.62668 20.247 0.143
6099.72715 20.214 0.182
6099.83632 19.772 0.126
6100.53939 20.198 0.174
6100.59748 19.961 0.108
6100.63479 20.261 0.112
6100.68294 20.151 0.079
6100.73396 20.484 0.128
6100.77185 19.853 0.112
6100.82225 19.883 0.131
6100.86013 19.983 0.152
6101.53626 20.367 0.136
6101.57405 20.553 0.172
6101.61210 20.163 0.093
6101.65165 20.328 0.090
6101.70392 20.445 0.111
6101.75174 20.129 0.091
6101.79100 20.307 0.122
6102.63399 20.267 0.110
6102.67298 20.308 0.118
6102.71351 20.046 0.083
6102.75145 20.520 0.134
6102.79155 20.239 0.108
6102.83203 20.243 0.141
6102.86958 20.090 0.159
6103.48910 20.526 0.266
6103.54382 20.181 0.121
6103.58341 19.899 0.084
6103.63413 20.314 0.094
6103.68125 20.121 0.093
6103.72195 20.140 0.090
6103.76177 20.217 0.117
6103.78218 20.496 0.144
6103.83124 20.346 0.163
6104.54370 20.302 0.105
6104.58127 20.301 0.089
6104.61740 20.323 0.103
6104.66659 20.305 0.081
6104.70682 20.280 0.090
6104.74772 20.291 0.096
6104.78724 20.128 0.087
6104.83328 20.284 0.130
6104.86933 20.121 0.145
6105.51597 20.705 0.238
6105.55390 20.229 0.171
6105.60224 20.320 0.114
6105.66566 20.457 0.127
6105.70601 20.062 0.083
6105.74564 20.134 0.116
6106.56528 20.136 0.141
6106.64948 21.477 0.485
6108.51592 19.997 0.143
6108.55465 20.440 0.180
6108.60445 20.313 0.204
6108.64615 20.329 0.108
6108.70103 20.196 0.100
6108.73891 20.325 0.124
6108.77946 19.899 0.103
6108.82145 19.645 0.116
6108.85730 20.098 0.108
6109.57046 19.724 0.267
6109.66521 19.873 0.149
6109.70520 20.241 0.144
6109.74255 20.494 0.220
6109.78608 21.292 0.619
6109.82613 19.911 0.152
6109.86614 20.124 0.197
6113.52784 20.412 0.229
6113.56501 20.003 0.158
6113.60292 20.226 0.150
6113.64277 19.892 0.102
6113.68359 20.427 0.193
6113.72260 20.480 0.193
6113.76102 20.146 0.131
6113.79877 20.077 0.136
6113.83949 20.986 0.363
6113.85679 20.693 0.350
6114.53870 20.329 0.243
6114.57346 20.557 0.259
6114.63552 20.292 0.143
6114.70721 20.529 0.160
6114.74501 20.220 0.123
6114.78340 20.614 0.183
6114.82404 20.330 0.197
6114.85696 19.990 0.202
6115.47565 20.651 0.227
6115.50992 20.381 0.141
6115.54737 20.204 0.113
6115.59740 20.334 0.115
6115.64546 20.548 0.149
6115.69764 19.715 0.093
6115.76301 20.283 0.156
6115.81512 19.987 0.163
6116.50873 20.361 0.114
6116.55044 20.400 0.109
6116.58928 20.349 0.082
6116.64679 20.328 0.090
6116.68528 20.135 0.095
6116.73085 20.465 0.134
6116.76987 20.142 0.107
6116.81292 20.543 0.179
6117.49046 19.853 0.108
6117.52814 20.278 0.125
6117.56561 20.155 0.099
6117.61550 20.356 0.096
6117.66725 20.081 0.087
6117.70604 20.599 0.140
6117.74562 19.965 0.105
6117.78376 20.155 0.105
6117.82173 20.205 0.140
6118.47526 19.811 0.099
6118.51846 20.195 0.099
6118.55738 20.373 0.106
6118.59805 20.275 0.088
6118.66451 20.242 0.092
6118.70702 20.251 0.090
6118.74602 20.292 0.089
6118.78339 20.198 0.096
6118.82087 20.882 0.232
6118.84286 20.261 0.138
6119.47395 20.248 0.169
6119.50754 20.411 0.177
6119.54793 20.308 0.113
6119.59585 20.368 0.103
6119.64733 20.192 0.096
6119.68625 20.245 0.090
6119.75138 19.830 0.112
6119.79104 20.346 0.161
6119.81903 20.285 0.157
6120.50208 20.627 0.255
6120.53485 20.105 0.124
6120.58803 20.326 0.100
6120.64602 19.889 0.066
6120.69166 20.326 0.119
6120.73125 20.151 0.099
6120.77201 20.283 0.151
6120.81576 20.267 0.139
6121.46905 20.754 0.207
6121.48908 20.150 0.090
6121.52654 20.255 0.128
6121.56429 20.423 0.088
6121.62145 20.492 0.084
6121.66964 20.323 0.079
6121.69531 20.121 0.070
6121.73370 20.298 0.078
6121.77338 20.360 0.104
6122.71654 20.287 0.137
6122.72011 19.891 0.124
6123.50502 20.106 0.133
6123.54005 20.086 0.115
6123.57742 20.393 0.119
6123.63591 20.772 0.169
6123.67742 20.613 0.124
6123.71534 20.008 0.113
6123.75360 20.209 0.118
6123.79566 20.903 0.217
6123.82599 20.690 0.189
6124.48402 19.973 0.122
6124.52441 20.250 0.128
6124.58369 20.232 0.094
6124.65487 20.303 0.106
6124.69550 20.536 0.118
6124.73493 20.278 0.098
6124.77626 20.214 0.128
6124.81670 20.205 0.157
6125.53842 20.311 0.111
6125.58838 20.397 0.110
6125.65565 20.010 0.098
6125.69827 20.104 0.100
6125.74232 20.153 0.099
6125.78418 20.187 0.116
6125.82639 19.565 0.096
6126.52716 20.130 0.123
6126.57333 20.116 0.129
6126.61915 20.307 0.115
6126.68904 19.885 0.089
6126.73393 20.555 0.156
6127.47599 19.950 0.128
6127.51890 20.199 0.109
6127.56277 20.251 0.156
6127.65582 20.307 0.113
6127.75193 19.844 0.117
6128.52924 20.723 0.136
6128.56837 20.390 0.100
6128.61544 19.844 0.082
6128.66054 20.325 0.109
6128.76474 20.030 0.119
6129.64460 20.106 0.189
6130.56571 19.683 0.078
6130.58725 20.146 0.226
6130.70258 20.259 0.169
6130.77435 20.286 0.260
6131.50269 21.096 0.296
6131.54974 20.093 0.103
6131.61533 19.889 0.067
6131.66128 20.532 0.147
6131.72973 19.993 0.106
6131.78004 19.723 0.090
6132.55195 20.214 0.129
6132.63785 19.814 0.088
6132.68555 20.045 0.107
6132.76004 21.097 0.286
6133.53589 20.954 0.297
6133.58167 19.949 0.089
6133.63790 20.241 0.131
6133.68966 20.315 0.145
6133.73890 20.610 0.187
6134.50431 20.385 0.188
6134.54909 20.170 0.147
6134.59037 20.161 0.140
6134.65863 20.078 0.123
6134.71053 20.099 0.158
6135.48859 20.369 0.191
6135.53157 20.261 0.154
6135.59086 19.932 0.105
6135.65804 20.112 0.147
6135.70707 20.087 0.101
6135.75447 19.994 0.110
6135.79533 20.155 0.161
6136.50113 19.768 0.148
6136.70361 20.444 0.176
6140.49171 19.700 0.147
6140.58168 19.959 0.131
6140.63242 20.154 0.157
6140.67160 19.632 0.126
6140.71477 20.343 0.455
6140.75453 19.749 0.192
6141.47933 19.652 0.127
6141.51854 20.241 0.151
6141.55657 20.605 0.215
6141.60702 20.127 0.150
6141.65418 20.013 0.119
6141.69325 20.397 0.164
6141.73327 19.893 0.137
6141.77157 20.029 0.155
6142.51792 19.887 0.174
6142.56313 20.479 0.271
6142.64698 19.742 0.129
6143.52880 20.347 0.191
6143.63614 20.146 0.184
6143.69312 20.484 0.240
6145.63527 19.916 0.140
6147.50147 20.106 0.125
6147.54047 20.034 0.096
6147.59166 19.967 0.102
6147.63437 20.014 0.129
6147.68979 19.779 0.100
6148.48219 20.484 0.111
6148.52193 20.519 0.110
6148.57208 20.523 0.101
6148.62587 20.187 0.086
6148.66487 19.952 0.077
6148.71063 20.064 0.110
6149.55328 20.190 0.103
6149.59225 19.880 0.086
6149.73830 20.258 0.194
6150.52305 20.652 0.220
6150.56278 19.933 0.110
6150.61359 19.982 0.114
6150.66531 19.900 0.111
6151.52690 20.180 0.155
6151.56789 19.794 0.102
6151.60802 20.242 0.129
6151.64651 20.004 0.101
6151.68929 20.164 0.132
6151.72746 20.290 0.159
6152.49857 20.193 0.109
6152.53722 20.124 0.111
6152.59107 20.342 0.111
6152.64154 20.035 0.087
6152.69592 20.893 0.183
6153.67173 20.389 0.159
6154.48551 20.096 0.124
6154.52558 19.834 0.087
6154.58849 20.042 0.120
6154.67989 20.120 0.107
6154.72121 19.914 0.111
6157.63913 20.163 0.135
6157.67614 20.216 0.123
6157.71910 19.552 0.100
6158.51485 20.317 0.100
6158.57440 20.108 0.100
6158.61645 20.335 0.122
6158.65684 20.123 0.097
6158.69672 20.127 0.110
6158.73342 20.240 0.142
6159.52319 19.897 0.110
6159.57749 20.460 0.154
6159.62817 20.418 0.135
6159.70037 20.487 0.175
6160.50438 20.572 0.156
6160.57737 20.302 0.098
6160.61920 20.617 0.150
6160.65953 20.854 0.213
6160.71421 19.958 0.092
6161.50170 20.146 0.129
6161.54244 20.146 0.126
6161.59408 19.720 0.088
6161.64957 20.157 0.126
6161.66385 20.086 0.119
6161.70901 19.457 0.087
6164.53160 20.032 0.144
6164.58156 20.590 0.245
6164.63583 20.025 0.142
6164.68317 19.948 0.176
6165.58733 20.025 0.149
6166.51855 20.010 0.150
6166.59693 20.246 0.152
6166.66420 20.162 0.169
6167.52396 20.809 0.259
6167.57356 20.260 0.217
6167.61729 20.617 0.460
6168.52095 20.340 0.101
6168.57670 20.206 0.100
6168.64708 20.460 0.167
6168.68675 20.018 0.116
6169.50790 20.028 0.115
6169.56695 19.968 0.103
6169.60825 19.986 0.107
6169.64842 20.410 0.192
6169.68693 20.799 0.376
6171.50986 20.521 0.114
6171.56164 20.220 0.131
6171.61279 20.343 0.154
6171.65531 20.247 0.145
6171.69812 20.101 0.165
6172.52067 20.261 0.100
6172.57049 19.977 0.086
6172.62156 20.539 0.144
6172.65979 19.910 0.100
6174.58988 19.672 0.100
6174.62425 19.964 0.148
6175.48210 20.488 0.148
6175.53258 20.179 0.123
6175.57078 19.959 0.151
6175.60929 20.192 0.121
6175.65372 20.463 0.241
6179.48237 20.215 0.152
6179.54609 20.246 0.153
6179.58796 20.194 0.169
6179.62884 20.035 0.139
6179.66630 19.936 0.152
6180.51830 19.956 0.108
6180.57209 20.024 0.111
6180.61298 20.171 0.156
6180.64980 20.114 0.181
6181.47829 19.938 0.138
6181.53281 20.082 0.091
6181.57124 20.036 0.090
6181.61362 20.495 0.150
6182.47938 20.029 0.149
6182.53421 20.278 0.120
6182.58252 20.627 0.157
6182.62715 20.320 0.160
6183.51608 21.102 0.233
6183.56692 20.116 0.081
6183.61727 20.302 0.126
6184.49674 20.146 0.108
6184.57093 20.264 0.083
6184.61822 19.957 0.097
6185.48106 20.167 0.100
6185.53866 20.406 0.106
6185.57912 19.976 0.079
6185.62537 20.420 0.155
6186.49356 20.118 0.132
6186.55068 20.130 0.105
6186.59035 20.901 0.274
6190.48924 20.066 0.123
6190.52992 20.113 0.107
6190.58856 20.092 0.093
6191.48805 19.860 0.128
6191.54376 20.025 0.117
6191.58218 20.193 0.136
6191.62469 20.313 0.150
6195.51460 20.223 0.125
6195.55526 20.061 0.110
6195.59392 20.447 0.180
6195.63178 20.968 0.316
6196.51369 20.132 0.132
6196.55228 20.369 0.189
6196.59161 20.227 0.170
6196.62883 20.199 0.222
6197.51539 20.215 0.155
6197.55403 20.371 0.201
6197.59477 20.187 0.199
6198.56039 20.272 0.209
6199.51620 20.279 0.227
6200.58746 20.567 0.268
6201.52726 19.914 0.178
6202.56474 20.627 0.328
6203.50448 20.145 0.152
6203.55564 20.828 0.359
6203.59433 20.101 0.204
6204.50239 20.320 0.146
6204.51648 19.947 0.092
6204.54766 20.233 0.144
6204.58578 20.301 0.190
6205.48884 19.971 0.124
6205.53201 20.417 0.129
6205.57008 20.582 0.162
6205.60628 20.025 0.104
6209.55087 19.946 0.145
6210.50292 20.172 0.130
6210.54136 20.194 0.136
6210.58016 21.059 0.331
6211.50470 19.706 0.079
6211.54706 20.110 0.114
6211.58553 20.192 0.140
6212.50414 20.082 0.123
6212.54254 20.236 0.136
6212.57962 20.001 0.121
6213.51920 20.275 0.153
6213.55700 19.958 0.160
6214.51105 20.373 0.144
6214.55239 19.782 0.117
6214.57349 19.623 0.099
6216.52301 20.516 0.182
6216.56188 20.234 0.145
6217.50958 20.214 0.100
6217.54744 20.026 0.094
6218.49256 20.295 0.183
6218.53096 20.291 0.192
6218.56916 20.605 0.293
6219.51569 19.660 0.076
6219.55411 20.565 0.188
6221.53526 19.714 0.230
6221.54784 20.520 0.430
6223.54699 20.141 0.170
6226.52990 20.397 0.288
6231.50283 19.915 0.169
6232.50397 19.544 0.135
6233.53298 19.648 0.123
6238.52267 20.320 0.228
6239.52439 19.809 0.151
6326.87048 20.179 0.197
6329.86576 20.251 0.230
6329.88353 20.504 0.318
6330.87769 19.989 0.111
6334.87359 20.263 0.129
6335.85343 20.461 0.171
6337.86497 20.457 0.176
6338.84350 20.075 0.128
6338.88709 20.169 0.116
6339.86135 19.771 0.068
6340.84103 20.657 0.185
6341.87856 20.298 0.126
6343.84192 19.850 0.120
6344.84335 20.415 0.106
6344.88380 20.367 0.109
6345.86070 20.860 0.194
6347.82398 20.398 0.180
6347.86391 20.719 0.170
6348.84677 20.128 0.100
6348.89117 20.749 0.184
6350.84643 20.104 0.112
6350.89522 20.122 0.122
6351.84964 20.104 0.110
6351.90139 20.160 0.164
6352.84934 20.242 0.103
6352.89257 20.187 0.104
6353.82439 19.835 0.088
6353.88122 20.272 0.107
6354.85438 20.682 0.168
6358.85852 19.783 0.075
6360.81901 20.299 0.099
6360.86648 20.145 0.081
6361.80406 20.364 0.122
6361.84192 20.572 0.151
6361.88286 20.262 0.101
6362.81494 20.053 0.098
6362.86597 20.288 0.104
6362.87854 20.297 0.114
6363.79240 20.943 0.250
6363.80548 21.098 0.269
6363.81987 19.993 0.103
6363.83723 20.187 0.099
6363.86001 20.270 0.104
6363.86981 20.133 0.087
6363.87945 20.570 0.133
6363.89052 20.159 0.085
6363.89401 20.367 0.095
6363.90515 20.104 0.083
6367.85468 20.331 0.081
6367.89308 20.067 0.067
6368.79100 20.178 0.099
6368.84424 20.395 0.120
6368.88400 20.068 0.078
6369.77077 20.809 0.214
6369.81110 20.078 0.088
6369.86295 20.038 0.068
6369.90935 20.412 0.110
6370.79178 20.292 0.103
6370.84100 20.343 0.112
6370.88380 20.962 0.178
6371.76590 20.397 0.148
6371.80531 20.301 0.088
6371.85406 20.143 0.074
6371.89509 20.514 0.090
6372.75881 20.611 0.210
6372.80757 20.554 0.125
6372.84683 20.194 0.088
6372.88668 20.120 0.083
6373.75877 20.762 0.236
6373.80312 20.090 0.108
6373.85232 20.023 0.078
6373.89211 20.177 0.098
6374.81580 20.195 0.094
6374.85619 20.168 0.098
6374.89701 20.330 0.104
6375.76393 20.673 0.149
6375.81280 20.558 0.133
6375.83104 20.084 0.091
6375.87099 20.187 0.083
6375.91179 19.995 0.071
6376.77471 20.301 0.126
6376.82710 20.210 0.103
6376.86626 20.283 0.101
6376.90868 20.157 0.080
6377.78926 20.035 0.090
6377.83898 20.400 0.104
6377.87982 20.511 0.104
6378.74582 20.889 0.318
6378.78491 20.232 0.130
6378.83427 20.318 0.111
6378.87560 20.462 0.119
6378.91523 20.441 0.133
6379.77018 20.504 0.162
6379.81936 20.310 0.127
6379.85886 20.083 0.103
6379.90471 20.111 0.080
6380.75984 20.168 0.109
6380.79828 20.258 0.106
6380.82124 20.178 0.090
6380.86150 20.141 0.095
6380.90860 20.294 0.101
6381.76213 20.330 0.144
6381.81660 20.044 0.084
6381.85538 20.368 0.095
6381.89529 20.158 0.084
6382.80031 19.963 0.107
6382.83949 20.368 0.151
6382.88019 20.302 0.131
6386.75502 20.595 0.183
6386.79322 20.507 0.148
6386.85202 19.926 0.081
6386.90353 19.881 0.090
6387.72581 20.677 0.222
6387.76795 20.486 0.129
6387.81227 20.323 0.123
6387.85123 20.163 0.081
6387.89301 20.184 0.102
6388.71961 20.716 0.217
6388.78220 20.542 0.123
6388.82131 20.368 0.105
6388.88990 20.048 0.082
6389.70799 20.251 0.180
6389.74969 20.471 0.143
6389.80197 20.074 0.090
6389.83877 20.379 0.121
6389.87749 20.488 0.115
6389.92172 20.099 0.126
6390.74295 20.351 0.120
6390.78497 20.013 0.087
6390.82593 20.178 0.102
6390.86951 20.380 0.115
6390.91630 20.101 0.098
6391.71629 20.016 0.145
6391.76592 20.250 0.132
6391.80762 19.769 0.088
6391.86131 19.844 0.088
6393.70106 20.298 0.159
6393.73825 19.983 0.105
6393.79087 20.079 0.103
6393.84360 20.347 0.121
6393.88346 20.181 0.106
6394.74533 20.342 0.148
6394.80668 20.389 0.140
6394.84531 20.161 0.109
6395.71030 20.454 0.168
6395.75880 20.149 0.087
6395.80815 20.037 0.074
6395.84698 20.181 0.077
6395.88825 20.305 0.083
6396.69589 20.585 0.162
6396.74291 20.080 0.072
6396.78086 20.227 0.083
6396.83276 20.543 0.095
6396.87433 20.321 0.081
6396.91542 20.222 0.092
6397.70899 20.393 0.110
6397.75970 20.313 0.088
6397.80671 19.932 0.071
6397.84651 20.199 0.077
6397.88507 20.243 0.082
6397.92388 20.288 0.128
6398.71570 20.204 0.093
6398.76659 20.021 0.081
6398.81609 19.887 0.068
6398.85578 20.013 0.081
6398.89675 19.987 0.082
6399.68330 20.140 0.150
6399.72222 19.925 0.081
6399.76036 19.985 0.076
6399.81828 20.173 0.088
6399.85663 20.011 0.080
6399.87820 20.063 0.100
6399.88411 20.006 0.092
6399.89171 20.241 0.125
6399.89838 20.268 0.111
6399.90008 19.969 0.081
6399.90159 20.103 0.095
6399.90301 20.108 0.090
6399.90442 20.151 0.086
6399.90584 20.202 0.101
6399.90726 20.341 0.113
6399.90868 20.290 0.108
6399.91009 20.232 0.118
6399.91151 19.978 0.097
6399.91293 19.880 0.086
6399.91434 20.455 0.151
6399.92351 19.959 0.105
6399.92656 19.850 0.117
6399.92960 20.070 0.164
6400.71654 20.243 0.100
6400.75966 20.327 0.117
6400.82728 20.405 0.101
6400.88495 20.192 0.102
6400.92855 20.396 0.222
6401.72211 20.697 0.165
6401.76905 20.154 0.079
6401.82006 19.927 0.062
6401.86072 20.307 0.088
6401.90047 20.051 0.081
6402.69357 20.368 0.141
6402.73146 20.361 0.125
6402.77860 20.290 0.118
6402.82569 19.999 0.078
6402.86629 20.683 0.158
6402.90692 19.958 0.110
6403.69710 20.716 0.161
6403.73476 20.741 0.146
6403.77247 20.186 0.080
6403.82078 20.116 0.071
6403.85915 20.471 0.130
6403.91614 20.467 0.117
6404.75605 20.256 0.123
6404.80470 20.500 0.138
6404.84397 20.532 0.116
6404.89338 20.366 0.113
6405.88194 20.110 0.066
6405.89011 20.243 0.079
6405.92832 20.480 0.164
6406.74874 19.952 0.119
6406.80395 21.192 0.436
6406.85719 20.480 0.168
6406.91007 20.048 0.080
6407.65680 21.109 0.476
6407.72574 20.170 0.134
6407.76375 20.162 0.103
6407.80164 20.078 0.117
6407.85149 20.270 0.111
6407.90140 20.825 0.238
6408.71526 19.645 0.166
6408.79586 20.375 0.179
6408.83664 20.217 0.182
6409.80939 20.349 0.216
6409.87072 20.876 0.328
6409.90922 20.086 0.142
6415.69922 19.938 0.142
6415.74963 20.158 0.129
6415.79027 20.539 0.201
6415.82914 20.461 0.128
6415.88067 20.239 0.130
6415.92942 20.144 0.149
6416.63657 19.948 0.142
6416.67642 20.506 0.223
6416.73987 20.384 0.112
6416.77809 20.563 0.115
6416.82710 20.344 0.084
6416.89111 20.137 0.088
6417.66489 20.141 0.146
6417.70253 20.021 0.110
6417.74061 20.483 0.137
6417.77825 20.100 0.097
6417.82724 20.196 0.099
6417.86645 20.448 0.142
6417.91551 20.479 0.143
6418.64817 20.653 0.212
6418.68577 20.141 0.115
6418.72326 20.189 0.101
6418.76078 20.132 0.085
6418.79878 20.137 0.087
6418.84989 20.081 0.075
6418.89731 19.952 0.073
6418.93570 20.789 0.264
6419.69683 20.123 0.088
6419.73495 20.354 0.107
6419.77364 20.316 0.114
6419.82425 20.375 0.121
6419.86354 20.286 0.139
6419.91073 20.291 0.117
6420.63896 20.525 0.147
6420.67679 20.213 0.085
6420.71466 20.150 0.075
6420.75044 20.099 0.065
6420.80884 20.180 0.064
6420.84875 20.193 0.076
6420.89737 20.134 0.081
6420.93663 20.280 0.188
6421.81811 19.989 0.078
6421.87769 19.895 0.078
6421.93067 19.980 0.126
6422.72261 20.678 0.161
6422.76037 20.295 0.103
6422.82857 20.646 0.242
6422.92929 19.674 0.132
6423.68008 20.196 0.147
6423.73740 20.426 0.187
6423.79939 20.012 0.085
6423.83997 20.194 0.108
6423.87860 20.440 0.128
6423.91697 20.179 0.118
6424.63946 20.816 0.200
6424.68000 19.912 0.079
6424.72985 20.094 0.079
6424.78884 20.039 0.073
6424.83327 20.813 0.174
6424.87479 20.224 0.106
6424.93066 20.778 0.223
6426.62766 20.507 0.157
6426.66809 20.304 0.108
6426.76296 20.583 0.133
6426.82642 20.688 0.135
6426.86795 20.498 0.119
6426.90851 20.164 0.091
6427.75673 19.575 0.068
6428.62926 20.581 0.201
6428.67252 19.807 0.094
6428.71994 20.124 0.108
6428.77101 20.391 0.118
6428.82462 20.033 0.099
6428.86761 20.409 0.125
6428.90811 19.990 0.108
6429.60824 20.136 0.166
6431.59791 20.883 0.346
6431.66837 20.656 0.205
6431.71806 20.330 0.119
6431.76923 20.236 0.098
6431.81267 20.600 0.146
6431.85304 20.383 0.120
6431.89362 20.272 0.126
6431.93475 19.806 0.140
6432.64965 20.553 0.178
6432.69309 20.000 0.096
6432.74328 20.519 0.173
6432.79371 20.164 0.097
6432.83433 20.083 0.117
6432.87481 19.935 0.108
6432.91538 20.399 0.130
6433.59346 20.480 0.221
6433.63892 20.345 0.146
6433.67977 20.290 0.144
6433.72941 19.696 0.099
6433.78083 20.136 0.109
6433.83206 20.049 0.108
6433.91493 21.718 0.808
6434.66935 20.238 0.149
6434.71134 20.029 0.100
6434.77056 20.421 0.127
6434.81284 20.524 0.178
6434.85379 20.143 0.147
6434.90277 20.549 0.158
6435.61757 20.263 0.205
6435.65938 20.165 0.121
6435.70041 20.241 0.114
6435.75189 20.151 0.105
6435.80400 20.281 0.133
6435.84748 20.273 0.132
6435.88918 20.163 0.126
6435.93082 20.503 0.176
6436.60365 20.348 0.163
6436.64583 20.404 0.154
6436.68849 20.044 0.102
6436.73947 20.002 0.104
6436.79435 20.312 0.143
6436.83593 20.292 0.155
6436.87779 20.174 0.130
6436.91793 20.166 0.152
6437.71859 19.965 0.172
6437.73514 19.998 0.184
6437.81343 20.070 0.205
6437.85258 19.752 0.156
6437.89176 20.298 0.295
6437.93264 19.905 0.213
6441.61679 20.028 0.240
6441.65254 20.239 0.240
6441.69100 20.625 0.270
6441.76149 20.409 0.187
6441.81500 20.574 0.248
6441.85723 20.619 0.283
6441.89992 20.977 0.383
6441.94461 21.446 0.808
6442.59588 20.540 0.170
6442.63606 20.347 0.105
6442.67609 20.420 0.111
6442.72574 20.337 0.097
6442.77989 20.291 0.100
6442.82047 20.278 0.088
6442.86018 20.322 0.110
6442.90004 20.424 0.170
6442.94014 20.405 0.274
6443.79588 19.932 0.144
6444.59404 20.729 0.325
6444.73262 20.416 0.137
6444.79896 20.239 0.113
6444.84005 20.551 0.170
6444.88008 20.827 0.246
6445.59812 21.279 0.371
6445.64374 20.098 0.097
6445.70061 20.401 0.120
6445.74623 20.343 0.110
6445.80484 20.492 0.140
6445.85010 20.566 0.211
6445.89533 19.864 0.173
6446.58886 20.487 0.114
6446.63180 20.177 0.075
6446.67295 20.309 0.080
6446.72508 20.410 0.102
6446.78018 20.285 0.087
6446.82239 20.348 0.090
6446.86345 20.099 0.089
6446.93028 20.256 0.156
6447.56433 20.512 0.170
6447.60835 20.363 0.116
6447.64669 20.320 0.106
6447.69698 20.492 0.118
6447.74903 20.707 0.146
6447.79230 20.216 0.089
6447.83398 20.453 0.129
6447.87439 20.222 0.102
6447.91510 20.233 0.117
6448.55084 20.002 0.139
6448.59662 20.791 0.225
6448.63688 20.089 0.095
6448.67795 20.344 0.112
6448.73818 20.034 0.092
6448.78053 20.168 0.091
6448.82251 20.307 0.109
6448.86337 21.292 0.341
6448.90388 20.120 0.161
6449.54950 20.945 0.285
6449.59598 20.379 0.129
6449.63929 20.212 0.120
6449.68013 19.980 0.095
6449.73060 20.155 0.095
6449.78205 20.624 0.158
6449.82343 20.406 0.126
6449.86389 19.938 0.094
6449.90489 21.259 0.445
6450.54508 20.406 0.178
6450.58923 20.284 0.123
6450.63234 20.318 0.102
6450.67305 20.259 0.083
6450.73152 20.344 0.085
6450.77320 20.481 0.121
6450.81458 20.371 0.117
6450.86003 20.162 0.118
6450.90076 20.278 0.148
6450.92443 20.077 0.156
6451.54368 19.912 0.154
6451.59528 21.426 0.433
6451.63538 20.338 0.138
6451.67588 20.403 0.138
6451.72814 20.421 0.112
6451.78038 20.116 0.105
6451.82075 20.362 0.139
6451.86170 20.560 0.172
6451.90591 20.132 0.147
6452.54306 20.284 0.124
6452.59617 20.252 0.084
6452.64016 20.383 0.087
6452.68110 20.305 0.080
6452.78464 20.586 0.122
6452.83418 20.153 0.084
6452.87561 20.497 0.146
6452.91683 20.209 0.122
6454.56635 20.122 0.116
6454.60892 20.234 0.109
6454.64983 20.146 0.098
6454.69991 20.073 0.073
6454.75291 20.272 0.105
6454.79356 20.921 0.211
6454.83470 20.159 0.118
6454.87524 20.213 0.124
6454.91596 19.883 0.103
6455.56614 20.646 0.181
6455.62108 19.922 0.108
6455.73723 20.225 0.120
6456.53236 20.622 0.149
6456.57512 20.384 0.084
6456.61649 20.162 0.071
6456.65712 20.727 0.111
6456.71975 20.450 0.100
6456.76155 20.061 0.069
6456.80230 20.085 0.078
6456.87834 20.162 0.094
6457.68229 20.501 0.113
6457.73917 20.056 0.067
6457.78958 20.119 0.102
6457.83096 20.578 0.160
6457.87160 20.791 0.207
6457.91242 21.398 0.446
6458.57294 21.107 0.331
6458.61421 20.043 0.097
6458.65552 20.551 0.161
6458.70610 20.350 0.131
6458.75792 20.394 0.125
6458.79912 20.186 0.099
6458.83999 20.480 0.159
6458.88438 19.987 0.117
6459.52311 20.538 0.250
6459.56772 20.182 0.123
6459.60927 20.451 0.128
6459.65082 20.130 0.083
6459.71504 20.241 0.065
6459.75826 20.351 0.097
6459.79914 20.287 0.115
6459.84024 20.390 0.130
6459.88261 20.267 0.128
6460.57226 20.387 0.223
6460.62469 20.590 0.185
6460.69523 20.354 0.127
6460.77491 20.168 0.125
6460.86461 20.083 0.119
6461.55474 19.936 0.104
6461.59704 20.753 0.202
6461.63779 20.412 0.152
6461.68566 20.122 0.105
6461.75105 20.356 0.120
6461.80524 20.096 0.091
6461.85609 19.930 0.088
6462.58293 20.421 0.298
6462.63710 20.369 0.168
6462.68801 20.342 0.109
6462.81616 20.167 0.114
6462.85705 19.895 0.111
6462.89728 19.844 0.151
6463.54303 20.671 0.292
6463.59010 20.379 0.173
6463.63101 20.255 0.141
6463.68262 20.311 0.121
6463.73996 19.973 0.097
6463.78115 20.025 0.102
6463.82264 20.058 0.111
6463.86321 20.504 0.161
6464.55860 21.046 0.483
6464.59885 19.692 0.107
6464.63930 20.184 0.151
6464.68028 20.093 0.140
6464.73844 20.465 0.194
6464.78992 20.585 0.205
6464.83143 20.415 0.170
6464.87421 20.352 0.188
6468.54543 20.155 0.167
6468.58676 20.344 0.171
6468.62767 20.982 0.303
6468.69112 20.307 0.150
6468.74074 20.482 0.183
6469.52850 20.400 0.181
6469.56908 20.348 0.168
6469.60916 20.410 0.146
6469.66143 20.152 0.129
6469.71587 20.573 0.177
6469.75645 20.160 0.105
6469.82931 19.525 0.103
6471.56670 21.361 0.434
6471.63377 20.546 0.198
6471.76282 19.808 0.191
6472.63513 20.148 0.153
6472.67073 20.024 0.091
6472.73448 20.195 0.112
6472.77529 20.525 0.160
6472.81579 21.122 0.286
6473.53488 20.145 0.163
6473.57606 20.914 0.230
6473.61816 20.271 0.087
6473.65919 20.221 0.083
6473.72125 20.409 0.115
6473.76195 20.570 0.130
6473.80281 20.109 0.117
6474.52293 20.373 0.228
6474.56513 20.412 0.151
6474.61047 20.155 0.127
6474.65081 20.048 0.096
6474.69495 20.392 0.162
6474.75588 19.974 0.118
6474.79612 20.338 0.187
6475.51382 20.400 0.197
6475.55695 20.114 0.142
6475.60593 19.919 0.089
6475.66745 20.901 0.161
6475.71823 20.212 0.119
6475.75866 20.312 0.139
6475.80071 20.565 0.179
6476.48388 20.904 0.381
6476.52548 19.811 0.097
6476.56620 19.836 0.093
6476.60724 20.578 0.165
6476.67208 20.258 0.130
6476.71418 19.991 0.089
6476.75480 20.485 0.145
6476.79536 20.162 0.116
6477.51885 20.030 0.109
6477.55972 20.823 0.197
6477.60056 20.078 0.104
6477.65252 20.028 0.088
6477.70725 20.512 0.144
6477.74795 20.069 0.116
6477.78857 20.605 0.247
6478.51349 20.340 0.174
6478.55678 20.206 0.159
6478.59685 20.296 0.113
6478.65010 20.294 0.144
6479.59202 20.483 0.134
6479.63363 20.306 0.115
6479.68757 19.933 0.085
6479.74589 20.284 0.120
6479.81516 20.211 0.151
6480.54615 20.548 0.200
6480.58880 20.170 0.110
6480.62942 20.315 0.120
6480.69175 19.850 0.069
6480.73210 19.998 0.090
6480.77267 20.170 0.105
6481.48564 20.581 0.191
6481.52681 20.131 0.124
6481.56986 20.046 0.097
6481.62700 20.197 0.109
6481.72865 20.114 0.133
6481.77101 19.975 0.099
6481.81344 19.883 0.135
6482.76280 19.733 0.102
6482.78680 19.916 0.144
6483.59795 20.298 0.112
6483.77986 20.152 0.171
6484.48000 20.015 0.112
6484.52039 20.702 0.198
6484.56116 20.334 0.138
6485.49692 20.250 0.115
6485.54356 20.229 0.116
6485.59696 19.955 0.089
6485.68764 20.413 0.111
6485.72882 20.100 0.080
6485.77450 20.193 0.103
6485.82011 21.071 0.294
6486.49931 20.376 0.139
6486.54073 19.935 0.097
6486.58695 20.048 0.083
6486.65638 19.976 0.080
6486.70810 20.503 0.136
6486.75393 19.942 0.083
6486.79709 19.932 0.087
6487.49750 20.346 0.124
6487.54043 20.088 0.122
6487.58624 20.383 0.091
6487.64946 20.296 0.099
6487.69996 20.283 0.088
6487.74366 20.083 0.084
6487.78614 20.489 0.121
6487.82616 20.066 0.127
6490.46831 20.628 0.238
6490.50953 20.223 0.123
6490.55010 20.634 0.167
6490.59119 20.400 0.109
6490.65169 20.341 0.118
6490.69633 20.210 0.103
6490.73675 20.002 0.088
6490.79600 19.921 0.104
6491.49702 20.208 0.174
6491.54261 19.800 0.088
6491.60247 20.131 0.120
6491.66888 20.272 0.148
6491.71666 20.241 0.107
6491.75873 19.953 0.095
6492.48592 19.713 0.111
6492.53307 20.010 0.121
6492.58109 20.047 0.103
6492.64201 20.380 0.201
6492.69192 20.140 0.127
6492.72332 20.326 0.149
6492.76016 20.169 0.161
6496.47353 20.970 0.543
6496.51430 20.193 0.212
6496.55411 19.757 0.132
6496.59490 20.010 0.201
6497.56868 20.457 0.211
6497.61024 20.803 0.260
6497.66475 19.682 0.115
6497.71244 19.641 0.086
6497.75355 20.056 0.135
6497.79246 20.548 0.258
6498.49692 20.049 0.075
6498.53991 19.906 0.074
6498.58479 20.203 0.090
6498.63384 20.206 0.094
6498.67661 20.249 0.099
6498.72010 20.157 0.111
6498.76223 20.166 0.124
6499.46772 20.160 0.160
6499.51096 20.350 0.126
6499.55382 20.271 0.097
6500.52365 20.406 0.215
6500.56755 19.931 0.145
6500.66467 20.411 0.176
6500.70855 20.582 0.211
6501.53482 20.663 0.227
6501.60363 20.468 0.147
6501.65001 20.054 0.084
6501.69154 20.396 0.121
6501.73504 20.210 0.137
6504.62760 20.334 0.146
6504.66793 20.189 0.106
6504.70924 20.142 0.138
6504.75156 19.827 0.116
6505.51230 19.892 0.099
6505.56375 20.156 0.106
6505.63755 20.084 0.118
6505.67824 20.313 0.132
6505.71995 19.970 0.105
6505.76282 19.913 0.134
6506.55371 20.236 0.179
6506.60229 20.092 0.118
6506.68596 20.152 0.134
6506.73801 20.198 0.141
6507.62610 19.935 0.118
6507.68477 20.108 0.174
6507.73673 19.773 0.126
6508.49545 20.299 0.196
6508.55456 20.216 0.122
6508.60400 20.309 0.115
6508.64580 20.380 0.097
6508.68769 20.221 0.101
6508.74788 20.374 0.128
6509.50838 20.125 0.089
6509.56940 20.681 0.112
6509.61146 20.255 0.086
6509.65321 20.365 0.100
6509.69465 19.851 0.069
6509.73722 20.263 0.151
6510.47571 20.321 0.120
6510.53825 20.720 0.141
6510.58346 20.264 0.089
6510.62743 20.601 0.126
6510.69762 20.267 0.112
6510.73945 19.855 0.129
6511.49085 20.179 0.130
6511.57081 20.138 0.118
6511.63905 20.177 0.118
6511.68868 20.045 0.099
6511.74008 19.956 0.115
6512.73604 19.593 0.096
6514.49655 20.228 0.172
6514.56849 20.156 0.098
6514.64018 20.368 0.109
6514.69722 20.177 0.101
6514.75154 20.695 0.191
6515.50876 20.053 0.086
6515.59432 20.415 0.099
6515.66512 20.229 0.087
6515.73458 20.532 0.161
6516.49734 20.567 0.172
6516.57353 20.285 0.142
6516.63446 20.323 0.134
6516.68938 20.511 0.225
6518.54133 20.543 0.121
6519.48200 19.976 0.097
6519.55012 20.146 0.101
6519.59955 20.172 0.108
6519.65216 20.046 0.104
6519.69956 20.134 0.135
6523.48948 20.203 0.164
6523.52883 20.486 0.169
6523.56644 20.089 0.114
6523.60375 20.040 0.118
6524.50460 20.386 0.157
6524.55355 20.117 0.130
6524.60209 20.606 0.194
6524.64988 19.993 0.136
6525.50635 20.570 0.238
6525.55578 20.171 0.178
6525.60769 19.822 0.159
6525.65822 19.679 0.134
6526.64866 19.994 0.138
6526.68063 19.789 0.121
6527.60189 20.222 0.276
6529.53181 20.529 0.211
6529.58340 21.144 0.304
6529.62593 20.034 0.151
6529.67152 20.020 0.185
6531.49271 19.897 0.114
6531.56496 20.033 0.106
6531.61424 20.070 0.095
6531.66136 20.454 0.141
6532.49292 20.609 0.175
6532.56230 20.169 0.093
6532.59452 20.749 0.188
6532.65768 20.244 0.126
6533.50539 19.972 0.114
6533.57630 20.080 0.113
6533.63515 20.218 0.130
6534.52268 19.848 0.090
6534.58375 19.901 0.099
6534.62508 20.657 0.225
6535.50810 20.202 0.126
6535.60680 20.423 0.236
6536.50968 20.620 0.163
6536.60549 20.415 0.127
6537.65687 20.103 0.129
6538.55293 20.279 0.117
6538.59739 20.812 0.250
6539.50020 20.029 0.104
6539.54521 20.159 0.096
6539.60453 20.274 0.132
6539.66267 20.436 0.199
6541.49563 19.972 0.083
6541.55669 20.388 0.120
6541.60459 20.363 0.106
6543.51761 19.781 0.095
6543.56840 20.233 0.096
6543.61359 19.863 0.091
6543.65395 20.242 0.149
6544.55600 20.184 0.100
6544.59937 20.231 0.174
6545.51294 20.361 0.110
6545.55489 20.155 0.104
6545.60344 20.552 0.144
6545.64577 20.382 0.157
6546.53936 19.828 0.144
6546.59155 20.097 0.179
6547.60209 20.462 0.358
6551.49997 19.805 0.153
6551.58935 19.792 0.150
6555.57226 20.182 0.152
6555.62397 19.784 0.151
6558.51227 20.740 0.152
6558.55325 20.659 0.158
6558.59702 20.592 0.196
6559.49366 20.411 0.204
6559.55222 20.265 0.137
6559.60220 20.339 0.167
6560.50384 20.269 0.146
6560.55659 19.861 0.091
6560.60595 19.804 0.142
6561.51365 20.369 0.156
6561.55728 20.145 0.132
6562.51575 20.178 0.121
6562.56301 20.321 0.115
6562.60641 20.027 0.094
6563.54173 20.077 0.145
6563.58769 20.215 0.150
6564.52063 20.654 0.223
6564.56218 20.551 0.208
6565.48856 19.719 0.127
6565.53337 20.086 0.124
6565.58738 20.188 0.137
6567.51341 20.182 0.198
6567.56355 20.087 0.170
6568.51688 19.756 0.136
6568.55876 20.168 0.153
6569.51757 20.248 0.102
6569.55856 20.509 0.144
6569.59968 19.821 0.102
6570.53608 19.902 0.117
6571.48271 20.731 0.453
6571.54340 20.085 0.147
6571.59226 19.770 0.121
6572.50266 19.690 0.111
6572.56284 20.237 0.147
6573.48353 20.549 0.254
6573.52852 20.222 0.136
6573.57333 20.708 0.237
6573.58198 20.512 0.205
6577.51146 21.093 0.515
6577.55341 19.742 0.177
6578.48972 20.765 0.349
6578.53705 20.160 0.181
6578.58337 19.697 0.111
6579.51940 19.903 0.129
6579.57770 20.149 0.223
6581.50145 20.806 0.260
6581.55831 19.544 0.113
6582.51308 20.591 0.274
6582.56550 20.234 0.185
6583.51383 19.950 0.210
6583.55255 21.069 0.577
6584.50926 19.733 0.140
6584.55400 20.059 0.230
6585.50970 19.416 0.092
6585.55594 20.018 0.213
6586.53064 19.507 0.108
6590.51617 20.216 0.170
6593.49196 19.704 0.243
6593.50615 20.540 0.248
6594.50470 20.331 0.238
