5390.93801 19.428 0.053
5404.89907 19.460 0.057
5407.91955 19.379 0.069
5409.90926 19.325 0.034
5412.87889 19.286 0.049
5414.93396 19.395 0.048
5421.90412 19.169 0.033
5427.92755 19.399 0.045
5430.83084 19.459 0.076
5433.88047 19.303 0.060
5435.85295 19.325 0.041
5437.91710 19.380 0.038
5438.83967 19.378 0.045
5443.81696 19.263 0.036
5444.84209 19.502 0.056
5449.78701 19.429 0.041
5450.82067 19.303 0.040
5453.83005 19.272 0.032
5455.82811 19.280 0.035
5457.75681 19.168 0.027
5458.80829 19.310 0.041
5459.76367 19.154 0.032
5462.79355 19.253 0.052
5464.86019 19.201 0.053
5468.71918 19.325 0.043
5472.73462 19.477 0.054
5478.67988 19.357 0.039
5481.67975 19.504 0.055
5482.71366 19.400 0.057
5484.70602 19.308 0.049
5486.70104 19.101 0.037
5488.69576 19.388 0.049
5489.68187 19.392 0.051
5491.67988 19.362 0.070
5493.66631 19.320 0.058
5496.71181 19.382 0.068
5502.68908 19.255 0.033
5505.67525 19.299 0.051
5507.69151 19.339 0.030
5510.69614 19.299 0.033
5512.69583 19.323 0.036
5514.71242 19.227 0.039
5516.70073 19.435 0.046
5518.72733 19.303 0.078
5521.65416 19.157 0.052
5524.62321 19.166 0.037
5526.60817 19.346 0.039
5528.59996 19.219 0.041
5529.62523 19.372 0.040
5532.63189 19.515 0.040
5534.62418 19.286 0.041
5536.65521 19.227 0.034
5539.68476 19.412 0.037
5541.60352 19.413 0.054
5544.63451 19.157 0.032
5546.61985 19.395 0.053
5548.66313 19.210 0.039
5550.68289 19.527 0.063
5553.60502 19.239 0.055
5556.66155 19.450 0.043
5561.60252 19.365 0.048
5565.62066 19.352 0.042
5566.65075 19.378 0.043
5568.65112 19.301 0.048
5569.66751 19.284 0.039
5570.70542 19.390 0.057
5571.63861 19.296 0.043
5575.66020 19.138 0.034
5576.63460 19.236 0.036
5577.63641 19.202 0.033
5578.64044 19.338 0.043
5579.68602 19.164 0.048
5580.63683 19.322 0.040
5581.63872 19.209 0.047
5582.64552 19.278 0.053
5583.61688 19.107 0.037
5584.65511 19.181 0.040
5586.59949 19.135 0.039
5589.57173 19.263 0.040
5591.63080 19.185 0.029
5592.63591 19.242 0.037
5593.59665 19.408 0.049
5594.57210 19.224 0.034
5595.61164 19.349 0.045
5598.58186 14.716 0.003
5598.62233 14.924 0.003
5599.61913 14.945 0.003
5600.61290 15.864 0.004
5601.63316 17.910 0.012
5602.58213 17.956 0.012
5604.61306 18.481 0.024
5605.62414 18.542 0.020
5606.61190 18.531 0.022
5607.60716 18.678 0.033
5609.62148 18.496 0.030
5611.59759 18.775 0.039
5612.61233 18.771 0.038
5613.61014 18.829 0.039
5616.55497 19.058 0.033
5622.53739 19.086 0.059
5626.52363 19.232 0.044
5630.53999 19.386 0.051
5632.51936 19.286 0.081
5639.50411 19.513 0.096
5762.88520 19.292 0.044
5765.90973 19.457 0.062
5783.86743 19.213 0.037
5784.87561 19.442 0.053
5785.89500 19.100 0.036
5786.88952 19.217 0.043
5793.91820 19.351 0.059
5796.86731 19.272 0.055
5803.83863 19.084 0.034
5809.83040 19.225 0.027
5812.80363 19.203 0.042
5814.80481 19.166 0.071
5816.77884 19.143 0.041
5819.81482 19.060 0.035
5822.78329 19.265 0.041
5824.77917 19.353 0.041
5827.79343 19.483 0.043
5830.75677 19.269 0.031
5833.75592 19.355 0.033
5835.72460 19.314 0.034
5837.73850 19.257 0.030
5840.77322 19.192 0.033
5842.76574 19.108 0.045
5844.78866 19.298 0.066
5846.76391 19.285 0.074
5851.72104 19.396 0.042
5852.75079 19.318 0.058
5855.80324 19.399 0.038
5858.75493 19.347 0.067
5861.70682 19.377 0.050
5862.70582 19.401 0.032
5863.71219 19.261 0.032
5865.69610 19.410 0.045
5866.69020 19.152 0.031
5868.71153 19.281 0.033
5869.72540 19.297 0.040
5871.57814 19.135 0.040
5872.70906 19.390 0.043
5873.68014 19.028 0.039
5875.66093 19.332 0.052
5879.66691 19.126 0.051
5882.60831 19.455 0.055
5887.73004 19.348 0.033
5888.73622 19.230 0.042
5890.71013 19.384 0.041
5893.67010 19.118 0.038
5895.73146 19.170 0.039
5897.70780 19.339 0.039
5899.68734 19.455 0.052
5901.65712 19.134 0.045
5903.68217 19.027 0.050
5905.64888 19.377 0.049
5907.65862 19.523 0.063
5910.67497 19.316 0.042
5912.70767 19.280 0.041
5914.68602 19.245 0.030
5916.68309 19.251 0.034
5925.68355 19.540 0.059
5927.68003 19.306 0.043
5934.67949 19.249 0.041
5941.65257 19.160 0.043
5945.64297 19.470 0.046
5950.60386 19.364 0.032
5952.65457 19.356 0.031
5955.65462 19.151 0.026
5959.63517 19.380 0.050
5961.60093 19.112 0.035
5963.58123 19.421 0.065
5970.56118 14.989 0.003
5976.56548 18.472 0.022
5978.57626 18.327 0.015
5981.57509 18.573 0.024
5984.56592 18.633 0.021
5985.56221 18.766 0.023
5987.56115 18.866 0.025
5989.54529 18.890 0.036
5992.55810 18.852 0.034
5994.54710 19.120 0.046
5996.54035 18.981 0.038
5999.55439 19.265 0.035
6001.56923 19.078 0.041
6004.51690 19.280 0.055
6008.53029 19.574 0.055
6011.53986 19.321 0.053
6013.49965 19.302 0.049
6015.49423 19.411 0.052
6016.51523 19.220 0.041
6017.50262 19.348 0.050
6020.50952 19.150 0.041
6021.49626 19.303 0.104
6022.50748 19.385 0.058
6023.50844 19.333 0.055
6024.50507 19.423 0.071
6025.48468 19.265 0.070
6026.48467 19.337 0.067
6029.48219 19.356 0.064
6111.91825 19.645 0.099
6124.92493 19.327 0.036
6136.89708 19.529 0.062
6140.90127 19.496 0.075
6150.88027 19.488 0.063
6159.91212 19.406 0.039
6166.87095 19.377 0.038
6171.83792 19.100 0.034
6179.85503 19.198 0.056
6185.81225 19.195 0.030
6190.87408 19.416 0.054
6191.85808 19.431 0.033
6199.75736 19.222 0.050
6207.83884 19.402 0.065
6209.84215 19.286 0.078
6212.80640 19.126 0.033
6213.82900 19.371 0.063
6214.77590 19.168 0.052
6214.79615 19.258 0.054
6216.80540 19.072 0.027
6217.74631 19.146 0.030
6219.76191 19.384 0.047
6220.82218 18.983 0.025
6221.78266 19.093 0.039
6226.69960 14.819 0.003
6231.70995 19.384 0.048
6233.77386 19.276 0.038
6235.75252 19.479 0.038
6237.81736 19.360 0.046
6239.77663 19.561 0.060
6242.77817 19.583 0.044
6245.72164 19.542 0.044
6248.69677 19.615 0.056
6251.71644 19.492 0.036
6254.71479 19.377 0.038
6257.72468 19.636 0.072
6262.64679 19.407 0.054
6265.70798 19.578 0.039
6270.64782 19.556 0.041
6274.70039 19.706 0.042
6280.71984 19.885 0.074
6284.69138 19.541 0.057
6287.63518 19.697 0.064
6292.65056 19.724 0.053
6296.69142 19.518 0.047
6300.62859 19.404 0.039
6306.62205 19.577 0.047
6314.58935 19.457 0.054
6321.58745 19.626 0.069
6323.62050 19.537 0.041
6328.54277 19.615 0.053
6334.57591 19.560 0.056
6339.54806 19.388 0.045
6344.56786 19.282 0.034
6348.55115 19.250 0.058
6352.55069 19.368 0.058
6353.58996 19.355 0.045
6369.54142 19.446 0.044
6376.50600 19.417 0.083
6386.49114 19.402 0.055
6505.89889 18.691 0.035
6514.84976 18.840 0.026
6521.79937 19.113 0.047
6524.87735 19.227 0.058
6532.86237 19.318 0.043
6545.80735 19.424 0.033
6551.82142 19.372 0.065
6559.79597 19.259 0.028
6562.84955 19.448 0.039
6567.81211 19.281 0.033
6572.75189 19.448 0.038
6577.81754 19.229 0.028
6582.71747 19.519 0.048
6586.71026 19.309 0.044
6593.67348 19.229 0.042
6601.65622 19.358 0.039
6604.65600 19.370 0.044
6610.69590 19.533 0.050
6613.72067 19.145 0.045
6618.66744 19.367 0.038
6628.70187 18.990 0.033
6636.67408 19.341 0.034
6641.63548 19.268 0.038
6649.62588 19.264 0.038
6656.64601 19.311 0.035
6659.61311 19.430 0.043
6664.66360 19.116 0.027
6669.66297 19.348 0.056
6675.59269 19.190 0.047
6690.57989 19.480 0.042
6695.62407 19.337 0.045
6699.60510 19.356 0.043
6703.60903 19.311 0.070
6707.63092 19.254 0.038
6710.60502 19.159 0.035
