2118.74401 18.932 0.077
2125.50995 19.150 0.153
2129.59548 18.992 0.075
2132.54020 18.953 0.069
2135.67104 18.919 0.060
2140.63558 18.984 0.078
2382.87826 18.450 0.053
2386.83097 18.638 0.080
2390.76081 18.801 0.084
2397.78527 19.019 0.073
2397.83844 19.005 0.077
2401.75155 18.983 0.076
2403.80757 19.023 0.067
2405.77595 19.055 0.088
2415.84381 18.899 0.105
2424.72065 19.084 0.104
2428.68491 18.991 0.070
2434.62499 19.028 0.104
2435.85162 18.915 0.075
2437.79020 19.170 0.108
2439.73373 18.931 0.060
2441.68961 18.954 0.057
2444.81497 19.206 0.129
2446.82389 18.995 0.089
2453.78003 19.052 0.080
2458.83189 19.198 0.112
2462.56127 18.962 0.067
2464.68252 19.091 0.065
2467.58561 19.224 0.094
2469.59751 18.930 0.058
2471.65987 19.026 0.061
2473.56089 19.038 0.095
2483.64161 19.072 0.076
2486.62492 18.994 0.094
2490.59189 19.197 0.112
2493.55112 18.942 0.074
2495.62572 18.966 0.071
2497.68039 19.145 0.083
2499.72822 19.113 0.079
2501.74668 18.948 0.082
2508.56293 18.899 0.081
2512.52293 19.067 0.098
2517.69305 19.210 0.134
2520.47973 18.998 0.087
2526.57591 18.960 0.069
2535.57693 18.919 0.121
2541.55507 19.075 0.101
2547.49510 18.997 0.105
2551.52891 18.364 0.063
2556.48331 18.626 0.124
2563.51899 19.030 0.088
2574.49664 19.040 0.111
2705.84757 19.000 0.091
2713.90164 18.896 0.064
2728.84299 19.048 0.083
2733.82505 19.085 0.096
2744.79802 18.980 0.059
2752.86956 18.931 0.084
2756.84239 19.032 0.082
2760.80837 19.179 0.120
2766.84189 19.029 0.069
2770.72161 19.079 0.099
2783.78254 19.059 0.064
2786.84507 19.092 0.125
2789.65022 19.072 0.083
2791.61222 19.105 0.087
2794.76883 19.025 0.078
2796.71705 18.987 0.059
2802.83091 19.140 0.172
2808.85879 19.050 0.149
2810.77829 19.213 0.089
2811.82738 19.078 0.097
2813.62386 19.040 0.107
2815.74560 19.070 0.068
2817.69845 19.054 0.096
2818.76067 19.007 0.086
2820.63098 19.092 0.096
2826.62300 18.982 0.072
2834.67198 18.836 0.212
2835.80150 19.058 0.113
2837.53623 18.967 0.097
2839.57245 19.172 0.112
2841.57346 19.091 0.089
2843.51812 18.836 0.079
2845.55770 18.956 0.103
2849.70814 19.024 0.093
2851.72244 18.946 0.086
2853.72822 19.008 0.092
2856.60838 19.091 0.108
2858.59215 19.018 0.100
2859.63086 18.976 0.120
2860.71858 19.104 0.136
2863.60123 19.054 0.102
2866.68996 19.109 0.102
2869.63069 19.050 0.083
2872.60464 19.022 0.065
2877.59472 19.076 0.082
2883.54114 19.049 0.070
2892.56251 19.278 0.170
2896.58427 19.071 0.073
2902.52437 18.932 0.117
2907.52272 19.062 0.117
2916.59689 19.101 0.132
2928.54035 19.171 0.120
3050.87503 19.089 0.104
3058.82218 18.910 0.084
3061.88662 18.943 0.072
3067.82302 19.008 0.084
3069.89671 19.084 0.077
3072.86153 19.075 0.065
3074.90105 19.169 0.078
3079.80794 19.051 0.083
3082.77430 19.009 0.074
3084.76756 19.210 0.098
3086.76241 18.992 0.059
3087.87280 19.075 0.070
3089.78332 19.075 0.073
3091.74535 19.008 0.080
3096.77228 19.107 0.111
3098.78152 19.052 0.074
3100.89293 19.084 0.075
3102.77221 19.009 0.083
3107.77214 19.063 0.074
3108.84226 19.089 0.065
3109.91196 19.095 0.072
3110.76147 18.965 0.070
3111.81898 19.035 0.086
3113.79815 19.078 0.068
3113.83462 19.120 0.071
3113.88488 19.190 0.090
3113.91610 19.069 0.069
3113.92264 19.066 0.076
3114.66644 18.904 0.079
3114.73647 19.009 0.058
3115.79834 19.105 0.062
3118.85499 19.056 0.090
3122.80535 18.833 0.104
3125.78282 19.332 0.145
3126.79300 19.089 0.069
3127.72275 18.970 0.071
3128.74231 19.126 0.080
3129.72518 19.028 0.099
3130.89663 19.002 0.102
3134.69544 19.057 0.161
3137.74168 19.052 0.107
3138.84918 19.136 0.082
3139.78496 19.084 0.072
3140.79718 19.108 0.071
3142.65578 18.946 0.071
3142.91195 19.035 0.080
3144.71936 19.097 0.068
3146.68198 19.077 0.096
3151.67799 19.311 0.121
3152.68140 19.168 0.097
3152.89433 19.260 0.138
3153.68434 19.038 0.089
3156.67546 18.923 0.074
3158.77309 18.959 0.106
3162.73092 18.843 0.081
3163.69475 19.096 0.074
3164.66201 19.089 0.070
3165.83000 19.053 0.060
3167.87727 19.119 0.108
3168.67546 19.067 0.079
3169.64710 19.069 0.074
3170.72120 19.046 0.068
3171.67518 19.097 0.067
3172.65499 19.150 0.074
3174.63935 19.017 0.063
3175.64119 19.059 0.064
3176.67535 19.159 0.116
3178.70379 18.930 0.080
3179.74081 18.982 0.067
3180.63243 19.063 0.058
3182.69498 19.151 0.093
3183.64407 19.175 0.092
3184.61491 19.109 0.067
3185.78019 18.988 0.075
3193.45792 19.564 0.408
3193.79847 19.191 0.093
3194.66469 19.094 0.082
3195.59588 19.096 0.080
3196.67202 18.994 0.086
3197.67470 19.098 0.090
3199.70639 19.052 0.072
3202.69416 19.032 0.081
3203.73938 19.155 0.073
3204.73503 19.096 0.071
3205.61342 19.078 0.063
3206.59049 19.050 0.061
3210.70160 19.090 0.089
3211.60652 19.043 0.084
3212.59213 19.332 0.165
3217.58136 18.925 0.107
3218.58053 19.230 0.124
3223.57720 19.077 0.100
3224.58597 19.039 0.067
3226.54079 19.099 0.097
3228.67006 19.262 0.130
3229.55387 19.036 0.083
3230.59284 19.124 0.061
3231.49368 19.097 0.092
3238.71842 19.379 0.187
3240.70232 19.301 0.163
3241.58666 19.492 0.275
3244.68409 18.930 0.130
3246.57066 19.157 0.125
3248.59550 19.095 0.109
3250.58275 18.995 0.083
3253.57457 19.077 0.077
3256.55011 19.179 0.126
3259.55085 19.048 0.100
3262.56242 19.100 0.086
3266.57605 19.351 0.162
3271.51474 19.390 0.294
3274.55549 18.976 0.103
3278.50581 19.358 0.122
3281.53276 19.151 0.104
3287.53854 19.185 0.110
3292.52729 19.295 0.109
3414.89082 19.045 0.096
3420.86221 18.892 0.080
3424.89505 19.132 0.077
3428.84328 19.342 0.109
3430.88006 19.040 0.063
3442.81644 19.203 0.113
3444.87048 19.195 0.080
3446.89918 19.043 0.077
3449.78888 18.959 0.065
3452.81740 19.141 0.087
3454.87098 19.166 0.094
3457.80562 19.126 0.085
3458.79974 19.042 0.079
3458.84902 19.031 0.073
3467.85710 19.189 0.080
3469.76277 19.113 0.066
3471.85271 19.376 0.143
3472.92003 19.109 0.060
3473.75745 18.911 0.064
3475.78060 19.073 0.076
3477.86769 19.303 0.099
3479.81694 19.054 0.057
3481.71632 19.084 0.093
3483.87596 18.973 0.064
3496.84867 18.968 0.080
3497.71837 19.128 0.118
3500.77741 19.077 0.073
3501.77107 19.085 0.065
3502.80181 19.037 0.060
3503.76336 18.889 0.057
3504.77983 18.939 0.067
3506.91450 19.370 0.135
3508.86735 18.937 0.098
3509.81466 19.254 0.076
3510.76808 19.239 0.094
3510.83009 19.120 0.072
3511.77863 19.099 0.071
3512.65195 18.977 0.100
3520.64320 19.118 0.084
3521.74891 19.081 0.080
3522.66045 19.012 0.067
3523.70052 19.019 0.058
3524.74368 19.278 0.100
3525.72117 18.999 0.061
3525.79843 19.146 0.072
3526.80772 19.273 0.082
3527.89813 19.054 0.108
3528.75990 19.054 0.077
3530.58270 19.012 0.068
3538.82924 19.096 0.090
3541.86941 19.112 0.087
3547.68866 19.123 0.102
3550.77858 19.049 0.071
3551.75191 19.064 0.070
3552.77246 19.300 0.115
3553.67257 19.195 0.090
3554.75210 19.148 0.092
3556.63529 19.091 0.081
3558.65202 18.995 0.054
3559.73226 19.162 0.072
3560.80675 19.004 0.066
3561.66103 19.272 0.086
3562.51411 19.068 0.067
3563.56802 18.936 0.063
3564.65535 19.041 0.083
3569.76291 19.121 0.097
3573.56562 19.289 0.142
3574.62059 19.502 0.158
3575.60959 19.042 0.062
3576.58399 19.089 0.076
3577.64952 19.687 0.163
3578.59619 19.103 0.068
3579.52468 19.139 0.065
3580.56340 19.184 0.079
3581.60370 19.128 0.080
3582.55174 19.109 0.075
3583.50155 19.006 0.070
3584.57740 19.085 0.064
3585.56815 19.111 0.062
3586.55681 19.154 0.067
3587.70142 19.013 0.088
3589.60684 18.959 0.042
3590.57528 19.181 0.078
3592.59491 19.024 0.060
3593.59845 19.166 0.071
3601.55886 19.213 0.080
3602.55799 19.159 0.084
3603.56425 19.477 0.122
3607.56481 19.289 0.084
3607.59962 19.044 0.077
3608.56186 19.191 0.115
3615.68285 18.991 0.111
3619.53204 19.205 0.084
3620.64043 18.901 0.066
3629.57124 19.065 0.095
3632.49423 19.041 0.106
3634.55231 19.276 0.095
3640.50147 19.038 0.105
3649.49507 19.072 0.098
3658.51114 19.101 0.116
3661.50695 19.029 0.142
3666.51836 19.122 0.089
3775.83537 18.867 0.100
3780.86723 19.282 0.101
3786.85534 19.183 0.108
3790.85593 18.937 0.092
3793.84596 18.341 0.038
3795.83664 18.211 0.047
3797.83088 18.393 0.044
3798.87900 18.445 0.041
3801.80138 18.553 0.056
3803.79160 18.528 0.047
3804.83435 18.760 0.059
3805.87180 18.821 0.059
3806.86855 18.888 0.069
3808.84154 19.050 0.078
3809.84524 18.963 0.077
3810.89330 18.955 0.067
3812.76153 18.987 0.097
3813.90609 18.986 0.074
3814.90370 19.219 0.086
3818.81358 19.057 0.073
3819.87724 19.032 0.061
3820.84095 19.025 0.060
3821.84513 19.046 0.062
3822.89553 19.154 0.067
3823.85945 19.121 0.078
3824.85711 19.170 0.104
3825.87898 19.366 0.115
3826.85685 19.188 0.082
3827.87977 18.993 0.060
3828.85522 19.113 0.094
3829.83339 19.136 0.066
3830.82868 19.031 0.073
3832.81751 19.022 0.064
3832.85356 19.133 0.073
3833.72869 19.059 0.076
3834.86596 19.221 0.075
3835.81644 19.064 0.058
3836.82128 19.196 0.086
3837.81137 18.989 0.077
3838.81553 19.258 0.109
3839.82763 19.039 0.078
3840.81869 19.053 0.082
3841.79681 18.946 0.071
3845.79882 19.095 0.102
3846.80206 19.109 0.074
3847.88373 19.227 0.096
3848.82584 19.093 0.066
3849.83743 19.071 0.063
3850.77188 19.396 0.118
3851.78173 19.395 0.127
3852.77026 19.135 0.086
3853.76294 19.020 0.048
3856.75188 19.171 0.082
3858.81204 19.464 0.135
3859.76210 19.343 0.113
3860.90226 19.218 0.096
3861.74413 18.986 0.070
3862.76139 19.038 0.068
3863.77307 19.107 0.062
3864.76229 19.144 0.063
3865.65315 19.160 0.098
3866.65725 19.110 0.090
3867.80060 19.052 0.083
3868.65629 19.094 0.123
3869.81317 18.869 0.085
3873.63832 19.044 0.076
3874.86032 19.096 0.076
3875.62846 19.104 0.074
3877.62381 19.070 0.076
3880.73482 19.073 0.065
3881.73456 19.148 0.071
3882.66961 19.101 0.070
3883.72217 19.089 0.072
3886.68382 19.137 0.067
3887.67650 19.038 0.060
3889.83128 19.253 0.083
3890.62190 19.022 0.078
3891.75462 19.334 0.114
3892.81658 19.141 0.075
3893.71154 18.978 0.088
3894.75335 19.019 0.082
3896.70445 19.106 0.081
3900.60939 18.991 0.072
3901.62603 19.106 0.078
3902.64061 19.170 0.073
3903.75086 19.151 0.085
3904.62368 19.322 0.088
3905.62393 19.200 0.073
3906.61204 19.164 0.087
3907.67322 19.200 0.106
3908.60858 19.109 0.066
3909.60795 19.065 0.058
3910.67554 18.973 0.070
3912.60941 19.026 0.048
3913.60698 19.111 0.063
3914.62504 18.960 0.061
3915.60487 19.104 0.082
3916.68070 18.995 0.069
3917.69662 19.026 0.071
3918.69915 19.140 0.069
3919.63632 19.216 0.097
3920.58834 19.191 0.089
3920.86586 19.202 0.092
3921.60038 19.352 0.149
3930.65064 19.182 0.081
3931.58644 19.177 0.100
3931.72406 19.092 0.080
3932.76755 19.081 0.082
3933.59058 19.148 0.065
3934.56126 19.048 0.065
3935.63946 19.150 0.091
3936.56179 19.158 0.091
3937.63748 19.010 0.066
3938.57042 19.028 0.083
3940.71067 19.194 0.074
3944.65221 19.325 0.087
3945.59185 19.085 0.085
3946.58910 18.920 0.075
3950.60148 19.148 0.069
3951.63084 19.266 0.099
3956.63794 19.177 0.127
3957.57578 19.396 0.200
3958.65618 19.088 0.086
3959.58822 19.136 0.092
3960.57660 19.118 0.064
3963.61781 19.129 0.068
3964.60586 19.252 0.069
3965.59444 19.166 0.066
3966.58241 19.165 0.075
3967.61476 19.242 0.089
3968.56884 19.199 0.086
3969.57635 19.256 0.076
3970.58950 18.972 0.085
3971.62123 19.419 0.166
3973.65090 18.990 0.076
3974.58672 19.186 0.107
3975.57826 19.202 0.086
3976.57580 19.084 0.073
3979.59462 19.068 0.113
3982.52709 18.977 0.097
3986.65244 19.504 0.191
3987.57240 19.100 0.083
3988.58966 19.020 0.059
3989.65505 19.130 0.138
3991.54811 19.090 0.100
3994.62701 19.224 0.142
3995.65101 19.269 0.114
3999.55071 19.083 0.094
4001.57416 18.980 0.065
4002.57508 19.270 0.070
4004.59381 19.073 0.113
4005.60925 19.366 0.118
4006.59483 19.008 0.074
4011.51192 19.160 0.113
4015.53852 19.156 0.134
4017.51320 19.232 0.091
4019.51738 19.342 0.115
4021.52336 19.523 0.196
4024.55301 19.084 0.091
4026.54853 19.090 0.085
4029.50710 19.773 0.233
4146.89449 19.350 0.182
4154.88932 19.070 0.068
4157.86014 19.146 0.081
4159.87636 19.061 0.087
4162.82372 19.044 0.122
4164.86351 19.131 0.080
4166.87933 19.104 0.124
4169.79383 19.134 0.097
4169.87587 19.135 0.072
4174.80142 19.049 0.115
4176.79441 19.140 0.083
4177.84813 19.074 0.079
4178.89092 19.073 0.074
4180.78830 19.202 0.109
4181.87339 17.124 0.019
4181.87787 19.120 0.081
4183.75993 19.034 0.076
4184.80831 18.999 0.074
4187.89776 19.191 0.105
4190.81939 19.042 0.089
4191.91955 19.371 0.135
4192.83814 19.014 0.083
4193.84904 19.065 0.083
4194.87070 19.149 0.087
4196.85919 19.210 0.092
4202.84046 19.074 0.064
4203.82861 19.031 0.062
4204.82407 19.098 0.064
4205.81915 19.040 0.074
4207.82122 19.133 0.068
4208.84471 19.055 0.071
4213.81998 19.062 0.062
4215.82621 19.096 0.076
4216.78395 19.254 0.093
4217.79175 19.109 0.056
4218.84669 19.126 0.087
4219.87685 19.142 0.101
4220.81665 19.139 0.112
4222.78248 19.171 0.103
4224.89902 19.228 0.122
4228.77683 19.214 0.146
4229.76154 19.192 0.108
4230.74529 19.285 0.113
4231.74767 19.065 0.084
4232.75915 19.132 0.094
4234.65689 19.020 0.087
4235.72090 19.130 0.069
4238.77090 19.210 0.112
4239.75000 18.970 0.065
4240.89372 19.138 0.093
4243.78979 19.070 0.092
4244.76469 19.067 0.085
4245.75551 19.160 0.075
4246.81319 19.077 0.076
4250.83855 19.060 0.106
4256.67548 19.273 0.161
4258.68485 19.144 0.098
4267.65011 19.256 0.089
4268.81973 19.151 0.083
4269.62856 19.105 0.068
4272.67913 19.013 0.064
4273.72825 19.112 0.090
4274.52489 19.153 0.142
4275.67971 19.074 0.085
4277.63711 19.089 0.079
4278.65306 19.048 0.112
4283.59834 19.192 0.098
4284.58235 19.147 0.110
4285.58902 19.124 0.119
4286.58522 19.806 0.165
4289.62011 19.392 0.150
4290.65154 19.275 0.126
4291.70634 19.205 0.091
4292.56774 19.003 0.062
4293.59376 19.057 0.058
4294.56689 19.055 0.074
4295.59208 19.002 0.069
4296.57566 19.052 0.064
4297.63948 19.150 0.076
4298.61372 19.215 0.089
4299.58408 19.045 0.061
4300.48253 19.121 0.119
4301.66280 19.181 0.084
4302.64508 19.085 0.092
4303.78313 19.060 0.115
4304.60992 18.987 0.110
4306.61081 19.078 0.110
4310.71160 19.095 0.134
4312.60575 19.090 0.077
4315.61588 19.265 0.121
4316.63695 19.235 0.110
4317.53540 19.132 0.084
4319.59849 19.107 0.100
4320.69141 19.338 0.153
4326.61429 19.138 0.079
4327.63950 19.065 0.113
4328.58169 18.980 0.064
4329.57428 18.414 0.053
4330.61660 18.387 0.044
4331.58128 18.541 0.061
4332.65233 18.463 0.052
4333.58200 18.455 0.056
4334.54942 18.326 0.099
4338.61243 18.593 0.074
4339.58154 18.570 0.055
4340.67860 18.717 0.079
4341.58350 18.838 0.091
4342.61978 18.928 0.084
4343.59909 18.869 0.061
4344.64431 19.064 0.095
4345.59894 19.179 0.096
4346.60093 19.128 0.097
4347.61484 19.175 0.112
4349.58673 19.224 0.090
4350.64852 19.284 0.122
4351.58879 19.412 0.143
4353.60866 19.342 0.152
4354.62819 19.240 0.126
4355.64113 19.163 0.143
4356.59278 19.052 0.114
4358.61526 19.300 0.145
4359.63441 19.168 0.130
4362.56319 19.024 0.134
4368.58409 19.105 0.147
4371.60008 19.191 0.152
4373.59667 19.287 0.123
4381.57581 19.645 0.259
4397.57451 19.373 0.213
4506.86345 19.169 0.109
4512.87822 19.061 0.065
4514.89652 19.113 0.087
4518.88068 19.263 0.147
4521.85103 19.040 0.090
4524.86040 19.180 0.097
4530.84842 19.222 0.069
4533.88738 19.065 0.087
4535.90976 18.566 0.069
4537.83656 18.583 0.046
4539.77983 18.774 0.085
4540.90749 18.742 0.056
4541.90422 18.859 0.051
4542.86760 18.946 0.066
4543.89374 18.973 0.063
4544.89132 18.982 0.060
4545.81593 19.085 0.076
4546.87008 19.015 0.070
4547.88524 19.095 0.082
4550.88500 19.131 0.082
4551.87811 19.239 0.108
4552.87132 19.183 0.101
4556.83925 19.124 0.076
4557.86555 19.206 0.076
4558.86204 19.074 0.070
4559.82970 19.067 0.068
4560.82999 19.183 0.073
4561.81890 19.057 0.053
4564.82321 19.088 0.060
4565.81217 19.076 0.052
4566.81418 19.033 0.056
4567.81451 19.044 0.065
4568.83690 19.019 0.064
4569.83078 18.996 0.077
4570.82147 19.388 0.127
4571.80516 19.063 0.073
4572.84303 19.269 0.103
4573.81871 19.113 0.077
4574.82087 19.012 0.082
4575.82963 19.330 0.121
4583.68979 19.112 0.125
4585.89386 19.263 0.107
4586.84171 19.066 0.089
4587.82235 19.182 0.099
4588.80536 19.034 0.062
4589.65104 19.155 0.133
4590.75562 19.099 0.083
4591.64341 19.313 0.125
4592.74875 19.112 0.083
4593.73402 19.140 0.086
4594.76260 19.100 0.072
4595.75034 19.146 0.081
4596.73952 19.139 0.067
4597.77074 19.117 0.076
4598.74013 19.072 0.055
4599.71591 19.260 0.086
4600.72507 19.148 0.056
4601.72967 19.108 0.063
4602.72380 19.067 0.064
4606.73760 19.027 0.075
4610.83146 19.055 0.113
4611.71134 19.267 0.116
4611.89788 19.068 0.088
4615.88797 19.419 0.176
4616.69676 19.042 0.075
4617.80798 19.527 0.174
4618.73847 19.184 0.096
4622.67546 19.140 0.091
4623.75546 19.263 0.101
4624.69074 19.104 0.089
4625.67580 19.262 0.122
4626.72588 19.468 0.165
4627.65497 19.055 0.063
4628.64928 19.140 0.084
4629.71441 19.251 0.093
4630.65127 19.099 0.089
4631.67278 19.067 0.060
4632.67270 19.081 0.066
4633.72978 19.267 0.104
4639.77515 19.180 0.117
4640.67511 19.126 0.101
4641.83164 18.995 0.112
4642.67356 19.020 0.078
4643.63952 19.200 0.085
4644.70659 19.035 0.076
4645.63808 19.208 0.086
4646.60986 19.018 0.055
4647.62024 19.159 0.074
4649.61438 19.406 0.122
4650.64274 19.193 0.084
4651.65765 19.139 0.080
4652.58677 19.136 0.087
4653.58067 19.197 0.102
4654.61984 19.118 0.075
4655.58406 19.208 0.105
4656.58712 19.240 0.077
4658.74447 19.208 0.116
4660.69404 19.147 0.110
4661.57661 19.039 0.073
4665.73837 19.128 0.132
4666.64378 19.121 0.104
4670.70855 19.299 0.130
4671.63320 19.119 0.084
4672.59289 19.146 0.071
4674.59929 19.264 0.123
4677.57187 19.216 0.093
4681.58745 19.161 0.093
4682.60467 19.224 0.085
4683.60166 19.221 0.126
4684.61967 19.032 0.084
4685.58734 19.060 0.087
4686.71616 19.444 0.131
4687.63462 19.357 0.117
4688.58075 19.227 0.113
4694.65604 19.329 0.186
4697.58202 19.028 0.095
4698.60821 19.030 0.085
4700.60327 18.888 0.074
4701.58615 18.999 0.114
4702.60111 18.917 0.084
4703.66836 19.084 0.118
4708.60189 18.768 0.082
4710.63708 18.873 0.079
4716.67380 18.887 0.115
4720.61934 19.074 0.115
4721.58820 19.009 0.128
4724.60022 19.218 0.131
4726.57946 19.135 0.134
4731.62902 19.331 0.132
4738.50494 19.198 0.115
4740.60911 19.096 0.126
4748.57386 19.215 0.153
4755.52763 19.096 0.117
4759.51800 19.740 0.229
4875.85715 19.194 0.114
4878.88743 19.015 0.070
4885.86914 19.016 0.069
4888.82087 19.500 0.142
4892.81653 19.283 0.157
4897.89527 19.253 0.095
4901.83844 19.138 0.081
4903.83781 18.964 0.065
4904.89605 19.157 0.081
4906.88754 19.249 0.095
4910.89406 18.969 0.074
4912.88060 19.066 0.055
4914.86195 19.100 0.068
4925.79503 18.853 0.050
4927.84893 18.587 0.057
4929.81761 18.436 0.045
4930.85098 18.461 0.055
4931.79478 18.492 0.058
4932.75003 18.419 0.048
4933.79834 18.421 0.047
4938.77337 18.722 0.060
4939.79872 19.163 0.091
4941.75280 19.046 0.076
4942.79358 19.111 0.069
4943.78610 20.716 0.533
4950.79875 19.204 0.089
4952.82573 19.169 0.084
4953.79033 19.224 0.088
4954.75216 19.148 0.081
5261.84891 19.271 0.071
5262.88414 19.167 0.140
5266.90752 19.146 0.074
5267.90283 19.288 0.073
5270.85117 19.243 0.059
5272.86749 19.434 0.095
5274.85507 19.287 0.059
5278.88920 19.351 0.061
5282.79571 19.318 0.082
5284.83441 19.303 0.084
5286.83510 19.197 0.072
5294.74930 19.389 0.077
5295.75027 19.408 0.089
5296.79453 19.285 0.052
5297.82568 19.316 0.054
5298.86434 19.271 0.048
5299.84852 19.513 0.053
5301.77762 19.364 0.070
5304.73800 19.172 0.072
5306.71073 19.261 0.056
5307.73651 19.373 0.072
5308.72895 19.509 0.114
5309.79536 19.285 0.053
5311.86755 19.357 0.062
5312.86275 19.404 0.083
5313.89116 19.398 0.097
5314.82549 19.208 0.069
5315.76498 19.464 0.135
5316.71807 19.226 0.120
5320.75875 19.149 0.074
5321.67536 19.332 0.110
5321.90005 19.435 0.090
5323.81387 19.744 0.115
5324.74804 19.370 0.075
5325.86465 19.499 0.077
5326.78851 19.321 0.059
5327.70427 19.239 0.058
5327.92960 19.350 0.067
5328.86087 19.381 0.071
5334.76800 19.334 0.069
5335.76198 19.511 0.057
5336.79760 19.417 0.077
5337.85168 19.346 0.088
5338.86889 19.818 0.204
5339.88364 19.772 0.202
5340.82698 19.694 0.123
5341.68870 19.452 0.086
5342.58706 19.466 0.165
5342.78098 19.328 0.106
5343.61629 19.390 0.116
5343.80861 19.197 0.092
5348.72891 19.328 0.078
5349.59198 19.223 0.105
5350.64522 19.427 0.109
5351.70784 19.320 0.068
5352.71967 19.289 0.053
5353.69189 19.329 0.056
5354.63645 19.392 0.068
5355.57658 19.336 0.073
5355.90046 19.541 0.124
5358.72282 19.258 0.072
5359.62379 19.448 0.095
5359.86013 19.413 0.091
5362.75013 19.454 0.082
5364.72565 19.479 0.101
5364.86341 19.362 0.096
5369.78818 19.571 0.131
5376.75333 19.464 0.105
5377.65362 19.316 0.060
5377.67467 19.496 0.085
5378.49742 19.291 0.074
5378.81514 19.240 0.063
5379.70658 19.342 0.074
5380.80408 19.514 0.105
5381.67900 19.279 0.090
5382.54299 19.375 0.111
5382.74966 19.409 0.103
5385.50175 19.427 0.067
5386.48451 19.497 0.093
5386.56672 19.323 0.079
5386.65017 19.367 0.089
5386.77355 19.370 0.059
5387.75588 19.376 0.061
5388.64478 19.274 0.065
5389.53619 19.310 0.076
5390.54401 19.734 0.156
5390.80119 19.283 0.068
5391.76325 19.501 0.105
5392.63376 19.334 0.068
5393.69539 19.486 0.099
5396.58629 19.454 0.189
5397.65485 19.389 0.118
5403.62684 19.236 0.073
5404.49844 19.373 0.080
5404.69576 19.481 0.099
5405.71144 19.393 0.090
5407.56445 19.586 0.118
5407.75831 19.352 0.095
5408.68786 19.312 0.100
5409.59821 19.219 0.058
5410.60131 19.480 0.078
5411.63748 19.325 0.063
5412.62158 19.597 0.113
5413.62935 19.325 0.066
5414.67401 19.340 0.055
5418.58533 19.415 0.064
5421.61505 19.279 0.069
5422.63386 19.320 0.063
5425.52634 19.416 0.083
5430.53128 19.451 0.117
5431.53204 19.222 0.070
5434.49071 19.368 0.110
5434.70734 19.350 0.085
5435.71192 19.437 0.087
5438.50070 19.320 0.108
5439.57030 19.393 0.098
5443.58431 19.164 0.074
5444.60968 19.193 0.075
5446.48612 19.355 0.098
5447.50437 19.399 0.064
5448.57710 19.452 0.097
5450.52044 19.394 0.114
5451.64936 19.209 0.093
5457.54419 19.286 0.056
5458.57533 19.509 0.103
5459.60660 19.247 0.061
5461.48210 19.613 0.225
5462.50096 19.325 0.090
5463.63215 19.569 0.124
5464.59991 19.359 0.109
5465.51286 19.372 0.118
5468.57900 19.475 0.124
5471.55003 19.533 0.099
5472.59997 19.420 0.113
5477.52260 19.322 0.116
5480.52333 19.537 0.119
5485.51373 19.497 0.160
5487.50835 19.441 0.082
5489.50726 19.330 0.108
5492.53269 19.616 0.181
5497.51586 19.473 0.117
5598.87138 19.528 0.097
5599.86150 19.213 0.076
5600.85796 19.566 0.098
5606.89385 19.343 0.146
5614.87887 19.424 0.088
5620.85892 19.412 0.077
5624.81963 19.520 0.086
5625.78170 19.498 0.164
5627.80646 19.355 0.096
5629.78583 19.517 0.120
5630.77840 19.454 0.096
5632.77463 19.338 0.153
5634.76001 19.274 0.093
5635.83256 19.366 0.117
5638.75237 19.303 0.159
5639.75372 19.694 0.149
5639.83037 19.444 0.100
5639.90609 19.223 0.070
5640.76046 19.616 0.153
5640.84174 19.407 0.109
5641.75819 19.533 0.110
5641.87830 19.377 0.084
5642.80005 19.222 0.076
5643.74921 19.347 0.111
5643.82390 19.026 0.056
5644.75148 18.830 0.097
5644.86055 18.857 0.068
5648.73608 18.441 0.042
5648.84165 18.426 0.029
5649.73898 18.497 0.055
5649.84754 18.444 0.028
5650.73142 18.614 0.050
5650.83610 18.447 0.032
5651.75574 18.551 0.036
5651.86803 18.518 0.038
5652.79627 18.607 0.032
5653.76211 18.549 0.029
5654.76555 18.664 0.038
5654.85715 18.695 0.039
5655.77005 18.622 0.047
5655.84626 18.605 0.030
5656.80331 18.701 0.037
5657.76666 18.787 0.035
5657.84635 18.751 0.035
5658.75795 18.884 0.096
5658.85847 18.883 0.043
5659.71515 19.034 0.064
5659.79132 18.969 0.051
5659.87770 18.948 0.060
5660.76496 19.049 0.058
5660.86184 19.127 0.074
5662.75628 19.166 0.083
5662.85665 19.296 0.073
5663.75453 19.902 0.122
5664.80298 19.297 0.073
5664.90676 19.240 0.063
5665.78942 19.465 0.084
5665.90144 19.309 0.061
5667.84145 19.315 0.061
5668.84770 19.429 0.090
5669.83974 19.329 0.073
5670.82842 19.433 0.116
5675.71046 19.465 0.088
5675.89768 19.384 0.080
5676.79222 19.253 0.066
5677.74982 19.421 0.074
5679.67223 19.575 0.107
5679.85781 19.280 0.053
5680.73756 19.253 0.072
5680.92416 19.439 0.077
5681.83013 19.419 0.079
5682.71835 19.210 0.074
5683.66146 19.308 0.076
5683.89276 19.334 0.062
5684.79552 19.239 0.054
5685.78220 19.337 0.053
5686.67206 19.205 0.075
5686.87819 19.472 0.078
5687.76781 19.349 0.071
5689.67697 19.308 0.056
5690.66916 19.495 0.087
5690.88895 19.169 0.084
5691.80556 19.372 0.069
5692.70943 19.478 0.087
5692.87367 19.340 0.066
5693.73119 19.402 0.070
5693.89487 19.365 0.076
5694.73800 19.261 0.069
5694.90264 19.449 0.075
5695.78419 19.357 0.065
5695.94261 19.412 0.139
5696.77100 19.509 0.090
5697.60029 19.494 0.121
5697.77812 19.471 0.093
5698.60964 19.328 0.113
5698.77603 19.488 0.105
5698.94085 19.125 0.134
5705.74018 19.380 0.102
5705.93839 19.358 0.150
5707.56880 19.537 0.128
5707.75050 19.405 0.072
5707.91528 19.512 0.118
5708.74252 19.300 0.104
5709.58599 19.433 0.095
5712.61367 19.449 0.082
5712.81950 19.365 0.075
5713.83394 19.310 0.064
5715.57661 19.613 0.104
5715.59347 19.505 0.092
5715.77941 19.416 0.063
5716.65404 19.581 0.102
5716.84140 19.429 0.101
5721.72924 19.375 0.078
5721.74356 19.368 0.080
5722.77993 19.379 0.065
5723.65740 19.424 0.088
5723.81650 19.396 0.057
5724.67620 19.523 0.101
5724.69027 19.749 0.131
5725.57938 19.396 0.071
5725.59285 19.210 0.056
5725.60631 19.315 0.060
5725.79308 19.255 0.060
5726.70040 19.121 0.057
5734.67797 19.440 0.105
5734.86272 19.152 0.107
5735.80723 19.455 0.080
5736.55429 19.364 0.078
5736.74868 19.348 0.066
5737.55025 19.352 0.066
5737.73948 19.375 0.054
5738.57972 19.526 0.080
5738.76577 19.346 0.061
5739.64587 19.294 0.061
5739.82843 19.468 0.091
5740.63717 19.399 0.093
5740.82432 19.794 0.135
5741.59460 19.358 0.067
5741.77323 19.620 0.085
5742.52424 19.255 0.093
5742.70639 19.334 0.059
5742.86149 19.272 0.060
5743.75635 19.415 0.085
5744.51392 19.664 0.137
5744.70391 19.327 0.070
5745.50284 19.424 0.103
5745.68904 19.575 0.092
5746.71773 19.383 0.080
5747.60297 19.115 0.097
5747.78020 19.518 0.113
5749.55360 19.873 0.159
5749.72030 19.386 0.094
5753.48745 19.163 0.222
5753.74089 19.206 0.140
5759.83703 19.286 0.108
5760.49366 19.537 0.153
5760.68903 19.342 0.079
5761.50813 19.620 0.069
5762.55299 19.471 0.087
5762.70896 19.626 0.108
5763.59064 19.384 0.061
5763.77494 19.406 0.113
5764.59325 19.305 0.061
5765.47182 19.501 0.091
5765.66376 19.295 0.059
5766.52314 19.448 0.077
5766.70931 19.336 0.057
5767.59045 19.310 0.080
5767.79646 19.501 0.120
5768.65118 19.455 0.066
5769.48699 19.418 0.088
5769.69440 19.457 0.066
5770.76824 19.566 0.095
5776.62431 19.297 0.092
5777.54581 19.476 0.067
5778.47913 19.816 0.187
5779.61475 19.413 0.069
5783.59740 19.597 0.146
5785.64276 19.868 0.165
5786.58677 19.616 0.116
5787.62279 19.375 0.071
5788.53073 19.446 0.095
5788.70949 19.909 0.228
5790.60360 19.729 0.137
5791.49148 19.533 0.111
5793.61310 19.535 0.096
5794.49533 19.585 0.116
5794.69154 19.731 0.122
5795.73672 20.120 0.199
5796.66689 19.780 0.126
5801.58661 19.483 0.110
5802.58050 19.754 0.141
5804.57005 19.612 0.095
5805.53380 19.329 0.064
5806.52755 19.564 0.115
5807.64978 19.915 0.175
5812.63517 19.427 0.123
5813.61571 19.670 0.097
5815.59339 19.543 0.091
5816.56453 19.348 0.068
5817.56553 19.579 0.110
5818.54701 19.838 0.137
5819.55565 19.387 0.081
5820.52423 19.414 0.099
5822.51379 20.060 0.222
5822.60234 20.104 0.165
5823.53381 19.586 0.141
5823.62090 19.493 0.137
5824.55723 19.374 0.072
5824.63487 19.950 0.151
5826.49693 19.549 0.114
5826.58431 19.912 0.162
5827.52300 19.538 0.144
5827.60339 20.193 0.221
5828.53650 19.713 0.098
5828.61175 19.555 0.090
5829.54717 19.446 0.071
5829.62328 19.444 0.081
5830.56018 19.545 0.097
5831.53237 19.382 0.069
5831.60564 19.664 0.111
5832.55531 19.895 0.172
5833.51342 19.552 0.090
5833.59114 19.690 0.120
5834.55057 19.514 0.071
5835.53404 19.819 0.205
5836.53112 19.436 0.134
5836.59459 19.813 0.156
5839.55509 20.020 0.252
5840.48374 19.283 0.147
5840.50091 19.628 0.150
5840.51413 19.833 0.163
5840.52018 19.438 0.109
5840.53425 19.378 0.089
5840.54198 19.435 0.093
5840.55319 19.565 0.106
5840.56081 19.692 0.117
5840.56974 19.918 0.135
5840.57756 19.940 0.153
5840.58521 19.548 0.108
5840.59421 19.917 0.157
5840.60181 20.015 0.175
5840.60997 19.921 0.168
5840.61810 19.893 0.168
5841.48780 19.585 0.163
5841.52853 19.784 0.181
5841.56415 19.678 0.146
5841.60784 19.732 0.168
5842.50513 19.309 0.139
5842.57077 20.131 0.240
5842.60940 20.106 0.283
5843.55099 20.138 0.243
5843.60535 20.035 0.209
5844.49507 19.944 0.199
5844.55536 19.887 0.197
5845.51584 19.760 0.180
5845.59656 20.135 0.272
5846.49929 19.734 0.184
5846.55826 19.622 0.159
5846.58713 19.513 0.224
5847.53831 20.056 0.275
5851.49369 19.905 0.141
5851.54493 19.916 0.143
5852.49512 19.424 0.148
5852.56731 19.952 0.226
5854.50596 19.683 0.175
5856.49607 20.054 0.219
5856.55604 19.544 0.168
5857.49747 20.049 0.259
5857.51999 19.285 0.139
5858.49839 19.969 0.261
5860.51010 19.793 0.152
5861.49846 20.105 0.230
5866.51215 20.041 0.249
5867.51568 19.592 0.117
5868.51669 20.048 0.252
5869.50759 19.662 0.228
5870.51225 19.380 0.083
5969.88883 19.388 0.124
5972.89519 19.387 0.119
5977.83325 19.200 0.078
5978.84764 19.547 0.107
5979.85853 19.527 0.107
5981.88742 19.351 0.085
5982.89208 19.633 0.094
5983.89512 19.311 0.055
5984.88827 19.247 0.057
5985.86320 18.608 0.040
5986.84475 18.539 0.032
5987.80952 18.518 0.047
5988.81129 18.556 0.047
5988.89625 18.609 0.037
5989.87170 18.642 0.045
5990.83601 18.592 0.035
5991.80964 18.616 0.051
5991.90406 18.648 0.038
5992.86969 18.657 0.034
5993.85082 18.693 0.052
5994.81834 18.810 0.049
5994.90838 18.742 0.046
5995.83567 18.740 0.039
5996.78788 18.780 0.056
5996.87219 18.805 0.038
5997.81900 19.003 0.056
5997.90527 19.029 0.051
5998.86018 19.034 0.047
5999.79203 19.042 0.064
5999.87892 19.134 0.052
6003.86691 19.102 0.075
6004.79957 19.591 0.095
6004.89506 19.319 0.062
6005.81857 19.555 0.088
6005.92152 19.317 0.117
6006.84354 19.382 0.055
6007.75451 19.507 0.089
6007.85296 19.608 0.087
6008.74974 19.349 0.078
6008.83766 19.392 0.088
6009.74893 19.767 0.114
6009.84838 19.490 0.068
6010.74018 19.478 0.100
6010.83153 19.571 0.086
6010.91915 19.273 0.087
6011.82912 19.507 0.107
6012.74158 19.420 0.081
6012.83577 19.449 0.065
6012.92291 19.510 0.097
6013.82024 19.515 0.065
6013.92447 19.388 0.170
6014.79636 19.600 0.076
6014.89549 19.406 0.100
6015.77436 19.279 0.048
6015.84147 19.348 0.047
6016.75609 19.369 0.056
6016.83600 19.363 0.059
6017.74415 19.379 0.053
6017.82061 19.383 0.051
6017.92056 19.387 0.088
6018.80951 19.497 0.116
6018.91521 19.325 0.058
6019.78862 19.540 0.085
6019.88376 19.358 0.056
6020.74314 19.437 0.084
6020.83702 19.276 0.046
6020.91687 19.316 0.076
6021.77577 19.325 0.066
6021.85321 19.409 0.052
6022.72434 19.608 0.109
6022.80078 19.504 0.075
6022.89830 19.336 0.059
6023.75749 19.480 0.075
6023.83909 19.354 0.065
6024.71505 19.441 0.104
6024.74926 19.312 0.075
6024.79438 19.340 0.072
6024.85076 19.424 0.071
6024.90666 19.290 0.072
6024.92810 19.303 0.131
6025.70165 19.500 0.134
6025.73519 19.314 0.093
6025.76263 19.487 0.095
6025.78839 19.320 0.093
6025.81560 19.593 0.127
6025.85617 19.321 0.095
6025.89318 19.477 0.091
6026.69598 19.981 0.263
6026.70869 19.525 0.152
6026.73655 19.547 0.336
6029.70157 19.359 0.210
6029.70468 19.364 0.200
6029.70770 19.230 0.185
6029.71784 19.961 0.383
6029.71985 19.950 0.382
6029.72438 19.126 0.184
6029.72589 19.209 0.191
6029.73200 19.718 0.363
6029.73347 19.827 0.307
6029.73798 19.843 0.370
6029.73965 19.500 0.238
6029.74422 19.287 0.177
6029.74573 19.958 0.346
6029.75146 19.092 0.172
6029.75296 19.691 0.255
6029.75749 19.196 0.190
6029.75914 19.425 0.249
6029.76368 19.022 0.137
6029.76519 19.241 0.187
6029.77020 19.469 0.231
6029.77170 19.501 0.218
6029.77625 19.640 0.233
6029.77786 19.266 0.175
6029.78236 19.213 0.158
6029.78753 19.344 0.194
6029.79209 19.590 0.193
6029.79354 19.695 0.228
6029.79864 19.523 0.159
6029.80010 19.285 0.133
6029.80460 19.688 0.205
6029.80720 19.746 0.221
6029.81173 19.472 0.151
6029.81323 19.382 0.156
6029.86388 19.380 0.085
6029.88160 20.007 0.253
6029.92960 19.494 0.219
6031.75322 19.508 0.104
6031.79311 19.363 0.069
6031.83262 19.489 0.082
6031.87429 19.519 0.103
6031.91393 19.731 0.130
6032.84067 19.435 0.060
6032.86847 19.465 0.071
6032.89654 19.239 0.051
6033.77297 19.428 0.074
6033.83491 19.549 0.079
6033.88915 19.735 0.097
6034.72291 19.231 0.048
6034.76152 19.440 0.061
6034.81696 19.261 0.045
6034.86891 19.385 0.068
6034.90645 19.312 0.060
6035.85467 19.472 0.074
6035.91470 19.568 0.088
6036.71988 19.452 0.064
6036.84933 19.346 0.044
6036.92726 19.447 0.072
6037.79916 19.437 0.069
6038.76536 19.387 0.088
6039.75948 19.452 0.096
6040.75115 19.416 0.075
6040.93561 19.633 0.216
6041.89064 19.359 0.057
6046.88579 19.483 0.074
6046.89981 19.372 0.058
6046.93381 19.509 0.100
6047.68676 19.479 0.094
6047.84691 19.429 0.073
6048.77841 19.317 0.060
6049.69612 19.717 0.087
6049.88975 19.708 0.086
6050.79384 19.293 0.066
6051.66709 19.714 0.112
6052.77846 19.339 0.076
6052.93586 19.622 0.128
6053.80986 19.393 0.072
6054.90048 19.380 0.081
6055.93557 19.494 0.121
6058.83554 19.456 0.086
6059.72387 19.473 0.079
6059.90019 19.498 0.068
6061.80078 19.383 0.066
6062.66753 19.779 0.117
6062.85019 19.415 0.076
6063.81936 19.910 0.136
6064.74196 19.379 0.051
6064.92634 19.352 0.081
6065.77420 19.482 0.067
6066.68995 19.689 0.078
6066.87505 19.606 0.073
6067.67696 19.680 0.092
6067.85500 19.512 0.070
6068.68302 19.658 0.089
6068.90105 19.296 0.053
6069.63525 19.822 0.127
6069.84208 19.493 0.055
6070.64107 19.721 0.123
6070.81794 19.550 0.074
6071.61573 19.576 0.074
6071.79675 20.022 0.135
6075.59699 19.466 0.066
6075.78041 19.363 0.056
6076.62798 19.492 0.097
6076.81289 19.692 0.092
6077.74549 19.368 0.068
6077.92947 19.490 0.076
6078.73791 19.297 0.050
6078.91222 19.281 0.067
6079.71816 19.392 0.061
6079.90809 19.521 0.083
6080.67838 19.355 0.075
6080.86041 19.496 0.082
6081.63076 19.471 0.090
6081.81122 19.301 0.061
6082.62478 19.693 0.170
6082.83029 19.617 0.156
6085.63794 19.861 0.179
6085.79986 19.483 0.099
6086.57144 19.911 0.130
6086.75706 19.532 0.070
6086.92862 20.258 0.292
6087.83529 19.712 0.114
6088.67716 19.264 0.048
6089.79351 19.814 0.103
6092.63740 20.149 0.240
6093.55210 19.596 0.101
6093.73019 19.416 0.064
6094.60566 19.875 0.184
6094.77765 19.659 0.104
6096.59097 20.239 0.200
6097.71281 20.457 0.247
6097.88167 19.949 0.178
6098.67512 19.899 0.141
6098.85546 19.431 0.093
6100.52985 19.637 0.116
6100.72389 19.647 0.091
6101.65469 19.467 0.070
6101.83738 19.712 0.119
6102.63700 19.683 0.097
6102.79457 19.421 0.064
6103.54532 19.422 0.076
6103.72344 19.737 0.093
6104.54519 19.448 0.061
6104.70841 19.533 0.063
6104.87238 20.050 0.141
6105.65414 19.902 0.105
6106.63987 19.572 0.151
6108.63645 19.488 0.081
6108.81192 19.400 0.080
6109.59892 19.174 0.172
6109.80054 20.261 0.205
6113.60442 19.574 0.107
6113.76251 19.527 0.093
6114.61110 20.194 0.206
6114.78491 19.752 0.116
6115.54884 19.682 0.104
6115.76449 20.055 0.186
6116.59079 19.299 0.047
6116.77137 19.561 0.078
6117.56712 19.378 0.066
6117.74713 19.455 0.085
6118.51995 19.501 0.069
6118.70850 19.492 0.066
6119.48304 19.540 0.115
6119.66198 19.728 0.095
6119.80572 19.370 0.085
6120.69316 19.881 0.130
6121.49057 19.367 0.067
6121.67113 19.334 0.048
6123.52809 19.401 0.095
6123.70439 19.661 0.104
6124.50110 19.653 0.113
6124.71149 19.707 0.091
6125.71566 19.772 0.098
6126.54522 19.860 0.110
6126.75279 19.409 0.064
6127.72298 19.527 0.087
6128.64687 19.448 0.062
6131.52022 19.830 0.118
6132.50081 19.434 0.092
6132.78005 19.632 0.086
6133.70787 19.891 0.130
6134.61033 19.845 0.164
6135.59388 19.503 0.096
6135.79834 20.172 0.190
6140.58470 19.827 0.155
6140.75754 19.703 0.292
6141.61003 19.755 0.146
6141.77455 19.958 0.183
6148.61317 19.571 0.072
6149.61934 19.187 0.083
6150.65282 19.424 0.066
6151.63555 20.085 0.173
6152.51280 19.891 0.138
6153.69607 20.054 0.157
6154.69410 20.096 0.163
6158.54002 19.539 0.082
6158.71079 19.357 0.071
6159.66400 19.522 0.110
6160.63379 19.591 0.087
6161.53097 19.841 0.162
6164.50812 19.478 0.104
6166.53920 19.844 0.162
6167.51605 20.027 0.186
6168.49702 19.618 0.136
6169.50941 19.444 0.088
6169.68844 19.510 0.125
6171.65681 19.768 0.113
6172.62308 19.529 0.066
6174.59137 19.694 0.156
6175.57230 19.867 0.153
6179.50993 19.666 0.151
6179.56018 19.493 0.116
6180.54972 20.054 0.157
6181.49473 19.726 0.130
6183.50494 19.178 0.075
6184.60861 19.575 0.079
6185.49695 19.424 0.068
6186.50812 19.677 0.129
6190.56206 19.353 0.065
6191.60057 19.823 0.123
6195.54738 19.308 0.073
6195.62310 19.351 0.080
6196.54422 19.301 0.091
6196.62316 19.669 0.132
6197.54592 19.578 0.122
6198.55206 19.802 0.183
6200.58897 19.412 0.138
6201.52876 19.164 0.121
6203.50752 19.335 0.098
6203.59741 19.350 0.134
6204.55072 19.514 0.108
6205.49198 19.363 0.084
6205.57317 19.501 0.083
6208.51750 19.204 0.075
6210.54439 19.788 0.119
6211.49446 19.617 0.099
6211.57530 19.756 0.108
6212.49451 19.533 0.100
6212.57142 19.373 0.071
6213.52382 19.614 0.100
6214.49775 19.669 0.103
6214.57088 19.621 0.126
6216.50349 19.275 0.082
6216.57309 19.843 0.162
6217.53642 19.211 0.058
6218.51136 19.581 0.104
6219.52994 19.570 0.086
6221.52417 19.088 0.112
6223.57165 19.609 0.135
6226.50525 19.918 0.206
6231.50594 19.803 0.168
6233.53755 19.221 0.106
6334.88454 19.661 0.093
6335.86149 19.881 0.125
6337.87432 19.671 0.123
6338.85188 19.617 0.113
6338.89468 19.429 0.105
6340.85721 19.864 0.109
6341.89599 19.651 0.147
6344.87265 19.548 0.066
6345.89682 19.738 0.132
6347.89414 19.467 0.073
6348.89422 19.388 0.074
6350.82416 19.793 0.123
6351.82275 19.578 0.110
6353.79005 19.240 0.082
6353.89840 19.455 0.083
6360.81106 19.341 0.056
6360.89745 19.372 0.065
6361.87165 19.651 0.088
6362.79438 19.456 0.089
6362.90957 19.546 0.119
6363.88406 19.618 0.077
6367.88491 19.244 0.048
6368.83572 19.577 0.076
6369.86606 19.333 0.052
6370.81750 19.417 0.062
6370.90011 19.349 0.067
6371.83113 19.586 0.072
6371.91343 19.277 0.069
6372.82362 19.735 0.083
6372.90769 19.480 0.082
6373.84060 19.474 0.078
6374.75810 19.840 0.164
6374.84750 19.271 0.065
6375.75715 19.202 0.059
6375.86217 19.177 0.049
6376.76642 18.893 0.052
6376.85810 18.854 0.042
6377.78040 18.712 0.034
6377.87029 18.682 0.027
6378.77675 18.554 0.034
6378.86703 18.556 0.025
6379.76355 18.735 0.040
6379.85168 18.675 0.038
6380.76452 18.565 0.029
6380.86726 18.572 0.032
6381.78558 18.454 0.027
6381.87311 18.448 0.025
6382.77936 18.575 0.045
6382.85875 18.712 0.043
6386.77240 18.867 0.050
6386.87352 18.697 0.043
6387.76138 18.661 0.030
6387.84433 18.826 0.039
6388.78531 18.873 0.038
6388.89327 18.788 0.049
6389.77341 18.957 0.043
6389.85307 19.000 0.049
6390.71896 19.215 0.068
6390.80088 18.924 0.050
6390.89047 19.178 0.061
6391.82320 19.701 0.130
6393.83396 19.302 0.071
6394.78796 19.718 0.095
6395.73957 19.314 0.060
6395.92188 19.401 0.062
6396.69892 19.511 0.077
6396.87776 19.310 0.049
6397.82436 19.422 0.056
6398.73204 19.513 0.069
6398.91287 19.760 0.093
6399.83440 19.699 0.092
6400.81461 19.367 0.066
6401.75802 19.428 0.057
6401.92720 19.471 0.080
6402.85472 19.801 0.125
6403.76131 19.499 0.063
6404.69545 19.608 0.116
6404.87228 19.738 0.095
6405.84311 19.303 0.067
6405.89167 19.526 0.054
6406.91159 19.330 0.053
6407.81753 19.669 0.109
6408.77071 19.358 0.135
6409.88535 19.770 0.153
6415.83063 19.640 0.099
6416.74139 19.624 0.081
6417.66640 19.534 0.098
6417.82904 19.506 0.082
6418.68882 19.528 0.086
6418.85294 19.467 0.060
6419.73799 19.338 0.059
6419.91376 19.616 0.085
6420.75348 19.269 0.046
6420.93966 19.365 0.109
6422.72565 19.408 0.066
6423.68309 19.782 0.104
6423.88163 19.588 0.089
6424.73309 19.309 0.053
6424.93392 19.658 0.088
6426.84182 19.395 0.057
6427.91234 19.778 0.110
6428.63249 19.392 0.110
6428.82787 19.696 0.112
6431.59628 19.987 0.201
6431.81590 19.465 0.079
6432.65289 19.854 0.142
6432.83758 19.571 0.083
6433.64219 19.395 0.089
6433.83600 19.501 0.072
6434.73542 19.387 0.073
6434.94241 19.548 0.128
6435.77691 19.381 0.065
6435.94582 19.330 0.113
6436.75582 19.591 0.084
6436.93466 19.407 0.095
6441.71444 19.595 0.145
6441.79409 19.273 0.085
6442.58571 19.546 0.089
6442.76950 19.409 0.063
6442.92989 19.456 0.085
6443.62706 19.579 0.126
6444.70568 19.655 0.109
6444.77915 19.401 0.072
6445.58084 19.480 0.111
6445.79281 19.358 0.077
6446.57416 19.435 0.067
6446.76832 19.470 0.071
6447.54846 19.316 0.074
6447.73558 19.568 0.074
6447.90293 19.338 0.057
6448.66544 19.528 0.079
6448.85147 19.393 0.075
6449.62507 19.468 0.085
6449.81130 19.728 0.096
6450.57724 19.440 0.082
6450.76116 19.478 0.057
6450.93255 19.679 0.107
6451.69323 19.417 0.062
6451.87689 19.604 0.088
6452.65541 19.279 0.049
6452.89112 19.441 0.073
6454.66488 19.544 0.085
6454.84972 19.703 0.116
6455.68827 19.656 0.094
6456.63163 19.299 0.046
6456.81746 19.502 0.079
6457.79119 19.415 0.062
6458.75952 19.338 0.061
6459.51942 19.837 0.178
6459.71666 19.311 0.040
6459.88423 19.462 0.074
6460.77732 19.339 0.065
6461.63941 19.553 0.092
6461.85964 19.412 0.068
6462.80574 19.426 0.091
6463.57966 19.466 0.092
6463.77103 19.361 0.069
6464.58787 19.370 0.110
6464.77944 19.980 0.168
6468.57513 19.346 0.079
6468.77901 19.576 0.104
6469.63754 19.417 0.070
6469.86244 19.842 0.322
6472.81740 19.304 0.081
6473.59471 19.428 0.075
6473.77906 19.483 0.085
6474.54158 19.467 0.109
6474.72267 19.678 0.168
6475.50207 19.426 0.139
6475.70356 19.614 0.091
6476.64781 19.437 0.081
6476.82582 19.288 0.077
6477.63125 19.597 0.099
6477.81967 19.569 0.144
6479.56791 19.667 0.089
6479.76293 19.753 0.141
6480.65513 19.506 0.082
6481.47357 19.573 0.125
6481.71683 19.834 0.146
6483.58602 19.767 0.106
6484.55096 19.900 0.121
6485.66650 19.287 0.058
6486.59021 19.552 0.082
6486.80032 19.593 0.086
6487.58949 19.395 0.057
6487.79228 19.451 0.052
6489.63948 19.496 0.078
6490.48367 19.674 0.112
6490.67054 19.553 0.075
6491.51450 19.246 0.081
6491.73336 19.409 0.073
6492.54998 19.522 0.096
6492.73709 19.346 0.086
6496.56919 19.651 0.150
6497.67398 19.681 0.151
6498.50029 19.538 0.072
6498.67993 19.487 0.071
6499.51443 19.402 0.077
6500.66808 19.639 0.131
6501.65327 19.421 0.071
6504.66955 19.685 0.088
6505.56549 19.662 0.099
6505.76442 19.724 0.142
6506.71140 20.090 0.213
6507.76141 19.851 0.183
6508.66140 19.517 0.073
6509.58511 19.261 0.048
6509.75247 19.401 0.079
6510.64315 19.389 0.054
6511.60167 19.482 0.079
6512.75190 19.345 0.112
6514.71529 19.648 0.089
6515.67615 19.399 0.057
6516.65601 19.558 0.084
6518.66384 19.364 0.062
6519.61816 19.423 0.066
6523.54377 19.467 0.087
6524.65150 19.581 0.097
6525.65984 19.945 0.222
6529.53468 19.549 0.126
6531.49432 20.062 0.176
6532.49472 19.663 0.129
6533.50730 19.703 0.119
6534.58535 19.369 0.067
6536.51132 19.664 0.104
6538.59902 20.063 0.174
6539.66473 19.573 0.096
6543.52086 19.782 0.144
6544.55925 19.505 0.081
6545.60668 19.701 0.076
6547.56997 19.572 0.152
6553.59835 19.500 0.182
6558.51389 19.463 0.069
6559.55383 19.465 0.079
6560.61221 19.305 0.089
6562.56462 19.334 0.070
6563.59262 19.461 0.093
6564.52557 19.498 0.083
6565.49422 19.987 0.162
6565.59234 19.646 0.098
6567.56519 19.490 0.112
6568.56206 19.333 0.093
6569.52253 19.436 0.065
6571.48767 19.674 0.150
6571.59756 19.212 0.080
6572.56446 19.745 0.112
6573.51826 19.486 0.090
6578.57824 19.555 0.091
6579.54850 19.455 0.114
6581.48953 19.437 0.128
6582.50274 19.743 0.137
6583.49127 19.788 0.186
6584.49572 19.408 0.112
6585.49606 19.819 0.156
6586.49842 19.446 0.139
6586.50744 19.539 0.145
6590.50366 19.840 0.142
6595.50059 19.751 0.139
