5265.81251 20.590 0.136
5266.79609 20.312 0.138
5267.78687 20.281 0.113
5268.82630 20.458 0.132
5269.77248 20.612 0.158
5270.76156 20.642 0.189
5271.84390 20.453 0.125
5272.75785 20.173 0.169
5273.81683 20.436 0.121
5274.78262 20.138 0.128
5275.82946 20.291 0.142
5276.76422 20.598 0.169
5276.89165 20.536 0.132
5277.80062 20.653 0.185
5278.77220 20.247 0.149
5279.77987 20.539 0.234
5280.86331 20.389 0.109
5281.76642 20.543 0.171
5281.90119 20.676 0.150
5282.77882 20.245 0.156
5283.72958 20.416 0.226
5284.88206 20.624 0.185
5285.72410 20.922 0.445
5285.73097 20.024 0.195
5286.73537 21.308 0.484
5287.74450 20.456 0.187
5288.72103 20.354 0.198
5292.78867 20.478 0.209
5293.79948 20.341 0.145
5294.74662 20.637 0.168
5294.78402 20.237 0.088
5294.82121 20.435 0.098
5294.85128 20.553 0.126
5294.89105 20.469 0.109
5295.74759 20.439 0.128
5295.78596 20.458 0.114
5295.82442 20.623 0.134
5295.86236 20.606 0.116
5295.90194 20.551 0.124
5296.79185 20.474 0.109
5296.82632 20.511 0.106
5296.86373 20.407 0.093
5296.90385 20.195 0.108
5297.78498 20.522 0.131
5297.82301 20.580 0.132
5297.86080 20.542 0.106
5297.89991 20.277 0.099
5298.78586 20.556 0.125
5298.82372 20.321 0.101
5298.86166 20.443 0.136
5298.90114 20.514 0.125
5299.73268 20.094 0.085
5299.77031 20.498 0.125
5299.80807 19.872 0.066
5299.88472 20.206 0.089
5300.84144 20.510 0.120
5300.88113 20.398 0.115
5300.91999 20.393 0.125
5301.77494 20.359 0.140
5301.81227 20.313 0.111
5301.84979 20.623 0.178
5301.89003 20.707 0.196
5303.89765 20.231 0.131
5304.73529 20.101 0.143
5304.77462 20.375 0.122
5306.70802 20.450 0.124
5306.77213 20.308 0.102
5306.83524 20.419 0.098
5306.87443 20.453 0.116
5306.91332 20.202 0.092
5307.69778 20.238 0.109
5307.76131 20.505 0.129
5307.82270 20.449 0.117
5307.86205 20.362 0.112
5307.90172 20.423 0.126
5308.68905 20.531 0.164
5308.75090 20.405 0.134
5308.81243 20.871 0.162
5308.85033 20.454 0.112
5309.68680 20.715 0.225
5309.75184 20.315 0.104
5309.82240 20.390 0.111
5309.86649 20.487 0.125
5309.90485 20.534 0.129
5310.66651 20.250 0.147
5310.73246 20.794 0.199
5310.78882 20.503 0.126
5310.86427 20.272 0.090
5310.90226 20.078 0.094
5311.78765 20.523 0.178
5311.84602 20.551 0.141
5311.89493 20.496 0.154
5312.70926 20.344 0.186
5312.75862 20.408 0.164
5312.80116 20.807 0.247
5312.84094 20.269 0.142
5312.88579 20.499 0.172
5312.92293 20.649 0.192
5313.79500 20.247 0.161
5313.83400 20.254 0.168
5313.87423 20.111 0.173
5313.91206 20.288 0.189
5314.68275 20.493 0.229
5314.72519 20.342 0.218
5314.76486 20.189 0.143
5314.80241 20.439 0.179
5314.86021 20.499 0.229
5314.89739 20.309 0.182
5315.65143 20.360 0.322
5315.70019 20.625 0.406
5315.74817 20.325 0.234
5315.78570 20.335 0.185
5315.82358 20.516 0.239
5315.86368 20.943 0.455
5315.90567 20.731 0.340
5316.69666 21.095 0.605
5316.74170 20.868 0.506
5316.78152 20.628 0.346
5316.82074 20.961 0.438
5316.87593 21.656 1.879
5319.83689 20.334 0.387
5319.87912 20.776 0.663
5319.92300 20.976 0.825
5320.65919 20.062 0.122
5320.69815 20.118 0.149
5320.74212 19.807 0.087
5320.77958 19.666 0.075
5320.81899 19.624 0.073
5320.86127 19.610 0.081
5320.89872 19.436 0.071
5321.65853 19.672 0.111
5321.72647 19.652 0.067
5321.76501 19.634 0.074
5321.80424 19.635 0.074
5321.84571 19.663 0.096
5321.88333 19.694 0.091
5321.92056 19.805 0.110
5322.70688 20.102 0.108
5322.85445 20.073 0.121
5322.87966 20.321 0.142
5322.92005 20.088 0.124
5323.67738 20.597 0.213
5323.74331 20.371 0.148
5323.78165 20.199 0.117
5323.82491 20.255 0.135
5323.86434 20.384 0.154
5323.90180 20.329 0.161
5323.93910 20.520 0.385
5324.70612 20.413 0.156
5324.74525 20.445 0.129
5324.78262 20.281 0.165
5324.82299 20.373 0.152
5324.86172 20.289 0.138
5324.89905 20.258 0.124
5325.64429 20.416 0.139
5325.69846 20.375 0.127
5325.73499 20.247 0.106
5325.77331 20.417 0.121
5325.81282 20.533 0.157
5325.86031 20.622 0.191
5325.89904 20.246 0.130
5325.93960 20.354 0.381
5326.67331 19.624 0.068
5326.73399 19.618 0.066
5326.77138 19.724 0.067
5326.81092 19.754 0.068
5326.84917 19.493 0.066
5326.88763 19.487 0.064
5326.92636 19.720 0.086
5327.68748 19.672 0.064
5327.75841 19.591 0.061
5327.79730 19.630 0.069
5327.83560 19.618 0.088
5327.87455 19.678 0.076
5327.91268 19.391 0.059
5328.60940 19.616 0.071
5328.68340 19.805 0.081
5328.75228 19.890 0.070
5328.79064 19.691 0.070
5328.83137 19.710 0.083
5328.86913 19.972 0.095
5328.90691 19.740 0.083
5329.70711 19.637 0.074
5334.62965 20.124 0.120
5334.69575 20.227 0.135
5334.77654 20.200 0.102
5334.83630 20.220 0.112
5334.87400 20.205 0.127
5334.91463 20.350 0.189
5335.71991 20.218 0.094
5335.75915 20.199 0.098
5335.79880 20.188 0.112
5335.83820 20.289 0.134
5335.87591 20.463 0.191
5335.91360 19.898 0.106
5336.79303 20.303 0.141
5336.85744 20.894 0.217
5336.92243 20.158 0.136
5337.76900 20.432 0.131
5337.80890 20.777 0.226
5337.84728 21.571 0.509
5337.88522 20.404 0.189
5337.92367 20.430 0.240
5338.76654 20.257 0.139
5338.80575 20.289 0.233
5338.84704 20.207 0.221
5339.64214 20.194 0.186
5339.68196 20.890 0.316
5339.74836 20.407 0.179
5339.81362 20.417 0.180
5339.87925 20.630 0.269
5339.91917 20.434 0.265
5340.62811 20.486 0.318
5340.66579 20.088 0.145
5340.75234 20.235 0.173
5340.81005 21.039 0.514
5340.84807 20.555 0.267
5340.88654 21.400 0.480
5340.92415 20.526 0.284
5341.59832 20.698 0.252
5341.67149 20.327 0.134
5341.74287 20.017 0.109
5341.81744 20.198 0.130
5341.85564 20.280 0.137
5341.89339 20.411 0.160
5341.93357 20.509 0.243
5342.60766 20.539 0.285
5342.64513 20.123 0.191
5342.68276 20.285 0.167
5342.72026 20.305 0.163
5342.76133 20.374 0.180
5342.80325 20.412 0.227
5342.84099 21.203 0.417
5342.87886 20.553 0.273
5342.91671 20.598 0.314
5343.58840 20.562 0.346
5343.62601 21.223 0.576
5343.66369 20.060 0.157
5343.70143 20.403 0.209
5343.73943 20.341 0.201
5343.77984 20.080 0.163
5343.81892 20.129 0.152
5343.85702 20.647 0.259
5343.86975 20.892 0.377
5343.90785 20.210 0.221
5348.60385 20.801 0.271
5348.67332 20.647 0.193
5348.76604 20.411 0.155
5348.80431 20.558 0.199
5348.84220 20.474 0.172
5348.88672 20.270 0.176
5348.92636 20.507 0.260
5349.60280 20.550 0.288
5349.68458 20.281 0.163
5349.77939 19.905 0.161
5349.81740 20.606 0.216
5349.85661 21.379 0.558
5350.65501 20.422 0.202
5350.69256 20.832 0.326
5350.73127 20.594 0.215
5351.59336 20.396 0.148
5351.65051 20.398 0.127
5351.72964 20.413 0.132
5351.81565 20.597 0.204
5351.88988 20.114 0.194
5352.60457 20.332 0.212
5352.65291 20.207 0.119
5352.74657 20.575 0.168
5352.81599 20.121 0.114
5352.83087 20.697 0.196
5352.88622 20.113 0.150
5352.92384 20.119 0.163
5353.63610 20.321 0.123
5353.71286 20.442 0.110
5353.78104 20.264 0.121
5353.81874 20.464 0.167
5353.86352 20.186 0.126
5354.57684 21.364 0.411
5354.65862 20.399 0.139
5354.75393 20.269 0.143
5354.83017 20.228 0.132
5354.87051 20.694 0.229
5354.90909 20.409 0.214
5355.59969 20.226 0.112
5355.68424 20.305 0.127
5355.77130 19.957 0.115
5355.82405 20.293 0.157
5355.87259 19.902 0.142
5357.61272 20.360 0.169
5357.68183 21.005 0.263
5357.77227 20.460 0.180
5357.87253 20.466 0.257
5358.65070 20.629 0.154
5358.74524 20.326 0.138
5358.85541 20.584 0.194
5359.57813 20.148 0.160
5359.62234 20.697 0.231
5359.67552 20.354 0.134
5359.72347 20.647 0.220
5359.77289 20.314 0.145
5359.81301 20.714 0.205
5359.85869 20.570 0.242
5359.89795 20.511 0.261
5361.67055 20.360 0.169
5362.58518 20.620 0.299
5362.66595 20.654 0.157
5362.76045 20.597 0.166
5362.88043 20.699 0.338
5364.52304 20.197 0.153
5364.56802 20.510 0.152
5364.63942 20.312 0.097
5364.73525 20.952 0.304
5364.79227 20.521 0.248
5364.83164 20.202 0.137
5364.87163 20.512 0.189
5365.54087 20.118 0.176
5365.58530 20.308 0.148
5365.65977 20.532 0.197
5365.75562 20.413 0.159
5365.83031 20.345 0.154
5365.86896 20.182 0.181
5368.61480 20.269 0.152
5368.79293 21.075 0.332
5369.74034 20.996 0.442
5369.78516 20.642 0.388
5369.82442 20.676 0.278
5376.63062 20.244 0.182
5376.67023 21.163 0.481
5376.71048 20.022 0.140
5376.74874 20.401 0.234
5376.78701 20.400 0.189
5376.82520 20.698 0.311
5376.86316 20.214 0.257
5377.51919 20.306 0.170
5377.56121 21.352 0.449
5377.60253 20.811 0.294
5377.64892 20.567 0.149
5377.66934 20.572 0.189
5377.71456 20.404 0.150
5377.75764 20.375 0.152
5377.80034 20.833 0.297
5377.83855 20.540 0.224
5378.49282 20.489 0.167
5378.56315 20.181 0.100
5378.64782 20.442 0.130
5378.72418 20.353 0.103
5378.76246 20.377 0.109
5378.80100 20.345 0.140
5378.84087 20.445 0.196
5378.87858 20.563 0.280
5379.51759 21.101 0.327
5379.59958 20.511 0.147
5379.68612 20.641 0.166
5379.75536 20.326 0.134
5379.79298 21.030 0.282
5379.83076 20.098 0.157
5379.87183 21.455 0.714
5380.52908 20.407 0.134
5380.58206 20.298 0.101
5380.66844 20.467 0.113
5380.72484 20.267 0.114
5380.76309 20.601 0.186
5380.80096 20.890 0.325
5380.83886 20.849 0.406
5381.53860 20.567 0.205
5381.57614 21.125 0.439
5381.61629 21.199 0.505
5381.67573 20.339 0.167
5381.71401 20.508 0.234
5381.79907 20.399 0.203
5381.83720 20.380 0.255
5382.52737 20.338 0.188
5382.56493 20.727 0.344
5382.61436 19.922 0.121
5382.65295 20.357 0.170
5382.69407 20.250 0.131
5382.73389 20.518 0.206
5382.77170 20.551 0.301
5382.82244 20.388 0.234
5383.77803 20.593 0.260
5384.80155 21.124 0.616
5385.47211 20.429 0.176
5385.51133 20.404 0.132
5385.52508 20.422 0.169
5385.62458 20.536 0.162
5385.72691 20.320 0.122
5385.81184 20.231 0.108
5385.84940 20.647 0.202
5386.60899 20.353 0.119
5386.74484 20.455 0.123
5386.78315 20.231 0.108
5386.82614 20.570 0.173
5387.50533 20.244 0.097
5387.61434 20.377 0.080
5387.64965 20.446 0.091
5387.68860 20.570 0.122
5387.72720 20.258 0.081
5387.76799 20.446 0.126
5387.80918 20.900 0.249
5388.46914 20.794 0.283
5388.50676 20.238 0.124
5388.56664 20.872 0.186
5388.67908 20.704 0.169
5388.76573 20.687 0.178
5388.80902 20.755 0.218
5389.46717 21.023 0.441
5389.50607 20.482 0.185
5389.54455 20.572 0.157
5389.65187 20.225 0.125
5389.75702 20.514 0.189
5389.79629 20.456 0.226
5389.83585 20.361 0.178
5390.53932 20.614 0.213
5390.58504 20.762 0.278
5390.67074 20.393 0.180
5390.72045 20.232 0.114
5390.75870 20.466 0.127
5390.79651 20.370 0.133
5391.47145 21.026 0.453
5391.53056 20.373 0.151
5391.56791 20.599 0.228
5391.65144 20.579 0.176
5391.75856 20.428 0.181
5391.82019 20.074 0.137
5392.46759 20.628 0.275
5392.50542 20.713 0.204
5392.54442 20.352 0.141
5392.62834 20.255 0.112
5392.73796 20.298 0.107
5392.79768 20.230 0.122
5392.83520 20.325 0.212
5393.65226 19.990 0.117
5393.69069 20.164 0.126
5393.72862 20.266 0.173
5393.77412 19.683 0.096
5393.81199 20.056 0.182
5395.80949 20.466 0.242
5396.52650 20.079 0.167
5396.60076 20.540 0.181
5396.66389 20.616 0.213
5396.77094 20.664 0.161
5397.61959 20.603 0.314
5397.66426 20.349 0.182
5397.70206 20.471 0.227
5402.64042 19.971 0.205
5402.65695 20.287 0.252
5403.49325 20.738 0.217
5403.53041 20.450 0.156
5403.56793 20.800 0.245
5403.60841 20.328 0.163
5403.64776 20.938 0.299
5403.68583 20.265 0.166
5403.72679 20.272 0.179
5403.76458 20.460 0.289
5404.46850 20.238 0.185
5404.50641 20.631 0.194
5404.54421 20.477 0.177
5404.58202 20.621 0.221
5404.62520 20.853 0.240
5404.66462 20.754 0.221
5404.70355 20.510 0.199
5404.74304 20.223 0.166
5404.78684 20.143 0.187
5405.64154 20.791 0.291
5405.68137 20.041 0.137
5405.71923 20.562 0.202
5405.75680 20.381 0.181
5405.79437 20.922 0.436
5407.49599 20.395 0.165
5407.53401 20.781 0.254
5407.57230 20.767 0.275
5407.61295 21.401 0.518
5407.65116 20.443 0.178
5407.69019 20.528 0.208
5407.72824 20.524 0.217
5407.76621 20.727 0.255
5408.52023 21.069 0.392
5408.56751 21.240 0.436
5408.60754 21.022 0.278
5408.64587 20.372 0.174
5408.68460 20.315 0.156
5408.72250 20.383 0.199
5408.76023 20.438 0.243
5409.47027 21.048 0.379
5409.50804 20.428 0.171
5409.59476 20.148 0.092
5409.70129 20.500 0.167
5409.76243 20.577 0.214
5410.47114 20.724 0.292
5410.51277 20.698 0.190
5410.59790 20.479 0.134
5410.70473 20.284 0.141
5410.76668 20.086 0.124
5411.48896 20.444 0.119
5411.52687 20.338 0.112
5411.63373 20.289 0.097
5411.74160 20.404 0.154
5412.51134 20.635 0.192
5412.55080 20.604 0.197
5412.59102 20.876 0.309
5412.62943 20.471 0.183
5412.67271 20.803 0.241
5412.73356 20.586 0.218
5413.49242 20.248 0.124
5413.55312 20.243 0.115
5413.66017 20.382 0.096
5413.74462 20.125 0.113
5414.47284 20.303 0.129
5414.51059 20.602 0.138
5414.59583 20.443 0.129
5414.70747 20.565 0.150
5416.63038 20.515 0.190
5416.68548 20.659 0.211
5418.54755 20.174 0.078
5418.59763 20.447 0.122
5418.64776 20.483 0.131
5418.69717 20.502 0.160
5421.50575 20.158 0.119
5421.54891 20.478 0.138
5421.56546 20.429 0.131
5421.61019 20.557 0.152
5421.65314 20.353 0.143
5421.69555 20.545 0.165
5422.48974 20.430 0.178
5422.53047 20.459 0.184
5422.62900 20.471 0.117
5422.75679 20.162 0.159
5423.51306 20.488 0.118
5423.58468 20.426 0.122
5423.69254 20.066 0.131
5425.52139 20.442 0.128
5426.48807 21.227 0.784
5426.52750 20.115 0.266
5426.64244 20.791 0.776
5430.47474 20.493 0.302
5430.51350 20.250 0.181
5430.55959 20.754 0.252
5430.59763 20.394 0.185
5430.63666 20.510 0.213
5431.47565 20.069 0.164
5431.51438 20.261 0.140
5431.55467 20.699 0.211
5431.59242 20.532 0.180
5431.63389 20.167 0.176
5431.67305 21.443 0.665
5432.54548 20.744 0.341
5432.65104 20.551 0.273
5433.62940 20.428 0.213
5433.67492 20.737 0.310
5434.50557 20.646 0.226
5434.55086 20.747 0.237
5434.58930 20.453 0.185
5434.63652 20.770 0.231
5434.67895 20.397 0.216
5435.47787 20.242 0.159
5435.51785 20.429 0.182
5435.56298 20.485 0.201
5435.63384 20.351 0.141
5435.68206 20.710 0.219
5436.47574 20.424 0.212
5436.54285 20.118 0.144
5436.66003 20.391 0.169
5437.49841 20.530 0.176
5437.62199 20.291 0.106
5438.51090 20.417 0.178
5438.57316 20.573 0.211
5438.65099 20.396 0.148
5438.68862 20.434 0.148
5439.52063 20.150 0.164
5439.56693 20.433 0.185
5439.60440 20.790 0.272
5439.64256 20.654 0.244
5443.49609 20.533 0.212
5443.53502 20.739 0.245
5443.58089 20.188 0.133
5443.61870 20.402 0.185
5443.66110 20.355 0.160
5444.48441 20.667 0.248
5444.53449 20.740 0.249
5444.59109 20.380 0.160
5444.63315 20.627 0.212
5444.67127 20.888 0.345
5445.53703 20.908 0.268
5445.64092 20.375 0.139
5445.68006 20.544 0.158
5446.51547 20.827 0.229
5446.56125 20.361 0.155
5446.60107 20.649 0.203
5446.64029 20.309 0.141
5447.48776 20.706 0.164
5447.53100 20.389 0.134
5447.57026 20.279 0.126
5447.63569 20.635 0.212
5448.50832 20.254 0.152
5448.54703 20.554 0.182
5448.56181 20.677 0.195
5448.66308 20.478 0.197
5449.50309 20.693 0.241
5449.61735 20.281 0.143
5450.50599 20.346 0.160
5450.54362 20.276 0.160
5450.58690 20.436 0.176
5450.63182 20.559 0.243
5451.50323 20.290 0.274
5453.47568 19.477 0.199
5453.54121 19.640 0.183
5453.65853 20.066 0.219
5457.47452 20.304 0.232
5457.54227 20.264 0.112
5457.59897 20.424 0.161
5458.47602 20.619 0.418
5458.52487 20.445 0.272
5458.58336 20.260 0.161
5459.49169 20.377 0.181
5459.54618 20.270 0.144
5459.59036 20.296 0.151
5460.48165 20.526 0.305
5460.53584 20.807 0.412
5460.57687 19.719 0.210
5461.53760 20.329 0.219
5461.58008 20.953 0.642
5462.47773 20.986 0.603
5462.53116 20.481 0.201
5462.62159 20.983 0.407
5463.50192 20.059 0.124
5463.54398 20.328 0.163
5464.49217 20.226 0.156
5464.53398 20.424 0.169
5465.50788 20.494 0.238
5467.48107 20.591 0.329
5468.55061 20.213 0.183
5469.60543 20.447 0.167
5471.51534 20.891 0.260
5471.58377 20.386 0.151
5472.54340 20.538 0.241
5472.54945 20.383 0.212
5473.49911 20.471 0.213
5476.49032 20.969 0.386
5477.53733 20.445 0.199
5479.50653 21.308 0.459
5480.48841 20.360 0.245
5480.55745 20.295 0.216
5481.52814 20.353 0.258
5483.51688 20.336 0.431
5487.54293 21.122 0.406
5488.53012 20.510 0.229
5489.51650 20.678 0.324
5490.51665 20.152 0.258
5494.52675 21.032 0.558
5595.86387 20.385 0.221
5596.85861 20.084 0.143
5597.85811 20.452 0.166
5598.85338 20.158 0.124
5599.85415 20.323 0.150
5600.85063 20.300 0.150
5601.88615 20.957 0.351
5602.85867 20.807 0.312
5604.86694 20.320 0.195
5605.86502 20.751 0.172
5606.86274 20.334 0.149
5607.86594 20.297 0.139
5608.85911 20.553 0.243
5610.88722 20.131 0.147
5612.86163 20.551 0.236
5614.84706 19.686 0.096
5615.85538 20.206 0.139
5616.84754 20.372 0.211
5620.81205 20.197 0.164
5621.83899 20.347 0.132
5622.87358 20.538 0.127
5624.83192 20.553 0.176
5625.81114 20.423 0.167
5626.80150 20.219 0.253
5627.83542 20.145 0.106
5628.84616 20.343 0.132
5629.81434 20.477 0.154
5630.79175 20.179 0.120
5631.79753 20.959 0.506
5632.82678 20.256 0.134
5633.78248 20.267 0.123
5634.83889 20.802 0.229
5635.84628 20.529 0.214
5637.79983 20.444 0.225
5638.78624 20.463 0.230
5639.78180 20.748 0.275
5639.85754 20.946 0.220
5640.78645 20.165 0.200
5640.82478 20.501 0.210
5640.87244 20.411 0.159
5640.91334 20.791 0.355
5641.77926 20.193 0.162
5641.82164 20.198 0.144
5641.85984 20.337 0.153
5641.90448 20.292 0.161
5642.78157 20.157 0.154
5642.84059 20.527 0.204
5642.90047 20.397 0.193
5643.75611 20.243 0.169
5643.79431 20.167 0.140
5643.85416 20.496 0.151
5643.89501 20.615 0.178
5644.76004 20.535 0.715
5644.81347 20.200 0.161
5644.87124 20.723 0.252
5647.76726 20.465 0.178
5647.85069 20.600 0.171
5647.86732 20.463 0.182
5647.88331 20.180 0.149
5647.90114 20.715 0.282
5648.74586 20.052 0.147
5648.80837 20.308 0.116
5648.85239 20.580 0.134
5648.89562 20.579 0.167
5649.75165 20.118 0.101
5649.79083 20.608 0.136
5649.85827 20.286 0.100
5649.89678 20.347 0.122
5650.74200 20.728 0.193
5650.78271 20.118 0.084
5650.84508 20.501 0.131
5650.88925 20.525 0.178
5651.76436 20.206 0.116
5651.80703 20.519 0.143
5651.87765 21.085 0.281
5652.74445 20.342 0.121
5652.80589 20.348 0.091
5652.84820 20.612 0.132
5653.77283 20.538 0.115
5653.90197 20.296 0.082
5654.77425 20.451 0.136
5654.82449 20.511 0.127
5654.86604 20.347 0.112
5654.91906 21.246 0.426
5655.76581 20.366 0.153
5655.80383 20.178 0.110
5655.84200 20.684 0.139
5655.88898 20.292 0.126
5656.78386 20.688 0.183
5656.82747 20.263 0.093
5656.87183 20.413 0.115
5657.77515 20.733 0.138
5657.81386 20.406 0.105
5657.85926 20.300 0.104
5657.90390 20.269 0.120
5658.76894 20.279 0.162
5658.81018 20.393 0.147
5658.86713 20.617 0.165
5658.90861 20.492 0.164
5659.72394 20.365 0.140
5659.76148 20.467 0.133
5659.80080 20.434 0.130
5659.83975 20.156 0.120
5659.88880 20.308 0.113
5659.93069 21.371 0.778
5660.76227 20.168 0.119
5660.80271 20.196 0.104
5660.85908 20.488 0.174
5660.91748 20.211 0.140
5662.75358 20.463 0.192
5662.79385 20.380 0.118
5662.85394 20.159 0.108
5662.89521 20.683 0.170
5663.75182 20.592 0.160
5664.75775 20.551 0.218
5664.80027 20.285 0.117
5664.86002 20.245 0.149
5664.90390 20.314 0.122
5665.72117 20.298 0.166
5665.83686 20.221 0.096
5665.88370 20.345 0.121
5665.92389 20.301 0.119
5667.76059 20.319 0.122
5667.81253 20.404 0.133
5667.85477 20.452 0.135
5667.90820 20.616 0.139
5668.73812 20.687 0.242
5668.81464 20.547 0.183
5668.87369 20.910 0.282
5668.91386 20.308 0.161
5669.76206 20.582 0.172
5669.80198 20.900 0.276
5669.85225 20.749 0.234
5669.90367 20.107 0.142
5670.73765 20.134 0.268
5670.77657 21.186 0.359
5670.84037 21.182 0.429
5670.88280 20.531 0.204
5670.92280 20.101 0.132
5671.75976 20.378 0.160
5675.72188 20.399 0.138
5675.76032 20.227 0.129
5675.79880 20.447 0.172
5675.85706 20.818 0.237
5675.91195 20.138 0.148
5676.68657 20.277 0.071
5676.72555 20.367 0.091
5676.76501 20.269 0.089
5676.80437 20.581 0.138
5676.86462 20.508 0.132
5676.91466 20.630 0.150
5677.71951 19.692 0.071
5677.76161 19.595 0.060
5677.80386 19.639 0.082
5677.86522 19.579 0.063
5677.90673 19.454 0.050
5679.68411 20.604 0.199
5679.72572 20.138 0.109
5679.77755 20.327 0.133
5679.81880 20.184 0.132
5679.87067 20.182 0.102
5679.90912 20.445 0.132
5680.67168 20.915 0.254
5680.71025 20.531 0.198
5680.74954 20.448 0.150
5680.79943 20.591 0.155
5680.85396 20.225 0.117
5680.89592 20.460 0.128
5681.66254 20.272 0.163
5681.70087 20.542 0.166
5681.73967 20.282 0.105
5681.79096 20.962 0.244
5681.84482 20.236 0.126
5681.88708 20.203 0.116
5681.92654 20.182 0.127
5682.68940 20.468 0.182
5682.73077 20.425 0.152
5682.77937 20.719 0.179
5682.83213 20.201 0.113
5682.85779 20.244 0.124
5682.86796 20.252 0.117
5682.91034 20.803 0.269
5683.66024 20.408 0.150
5683.71174 20.644 0.163
5683.79104 20.683 0.149
5683.83174 20.311 0.110
5683.89152 20.363 0.130
5683.93299 20.791 0.284
5684.69402 20.139 0.119
5684.74431 20.330 0.110
5684.79428 20.596 0.144
5684.86489 20.442 0.150
5684.90541 20.345 0.136
5685.65687 20.311 0.139
5685.78096 20.135 0.084
5685.81988 20.658 0.122
5685.87471 20.561 0.127
5685.91691 20.352 0.125
5686.67083 21.267 0.387
5686.73022 20.430 0.141
5686.78638 20.417 0.096
5686.83481 20.205 0.122
5686.87694 20.401 0.138
5686.91592 20.340 0.157
5687.67092 20.526 0.241
5687.71572 20.619 0.194
5687.76656 20.473 0.152
5687.81857 20.238 0.111
5688.83062 20.689 0.195
5688.88405 20.030 0.092
5689.67419 20.375 0.142
5689.73880 20.608 0.153
5689.78723 20.318 0.093
5690.65488 19.964 0.091
5690.70503 20.339 0.113
5690.76653 20.841 0.222
5690.80744 20.300 0.128
5691.61977 20.681 0.336
5691.68702 20.215 0.112
5691.74505 20.262 0.119
5691.78928 20.426 0.164
5691.83863 20.225 0.131
5691.87739 20.784 0.200
5692.61098 20.681 0.387
5692.68205 20.318 0.131
5692.74136 20.944 0.243
5692.77911 20.292 0.144
5692.81964 20.342 0.146
5692.85768 20.315 0.130
5692.89605 20.379 0.156
5692.93585 20.455 0.258
5693.64649 20.580 0.202
5693.70597 20.857 0.189
5693.76515 20.241 0.093
5693.80298 20.266 0.106
5693.84167 20.481 0.134
5693.87957 20.955 0.245
5693.92143 21.050 0.315
5694.62410 20.298 0.156
5694.65856 20.468 0.163
5694.71128 20.632 0.185
5694.76569 20.679 0.188
5694.81179 20.445 0.131
5694.84972 20.429 0.138
5694.88731 20.202 0.135
5694.92475 21.156 0.357
5695.60975 21.116 0.501
5695.62840 20.059 0.152
5695.68109 20.219 0.140
5695.76263 20.400 0.133
5695.81264 20.518 0.138
5695.85156 20.342 0.101
5695.88934 20.118 0.096
5695.92693 20.141 0.112
5696.61735 20.410 0.228
5696.65850 20.603 0.217
5696.71531 20.919 0.240
5696.75467 20.804 0.198
5696.79649 20.722 0.191
5696.83949 20.179 0.126
5696.88137 20.241 0.150
5696.93737 20.136 0.199
5697.62665 20.712 0.264
5697.67405 20.591 0.173
5697.72165 21.134 0.338
5697.76057 20.814 0.224
5697.80399 20.516 0.174
5697.84160 20.386 0.143
5697.88625 20.392 0.160
5697.92700 20.121 0.146
5698.61932 20.207 0.214
5698.66709 20.110 0.155
5698.70750 20.346 0.205
5698.74741 20.820 0.319
5698.78595 21.191 0.443
5698.82861 20.474 0.217
5698.86646 20.060 0.150
5698.90800 20.863 0.465
5702.59562 20.415 0.282
5702.61894 21.415 0.648
5702.65543 20.456 0.329
5702.68890 21.405 0.783
5702.74392 20.075 0.246
5702.77487 20.045 0.153
5702.87216 20.128 0.163
5702.90897 20.790 0.484
5703.73145 20.347 0.208
5703.78134 20.410 0.244
5703.84851 20.281 0.249
5705.72497 20.581 0.172
5705.76732 20.632 0.214
5705.82064 20.147 0.110
5705.87231 20.741 0.292
5705.91782 20.115 0.220
5706.65863 20.166 0.143
5706.75515 21.567 0.617
5706.80720 21.078 0.440
5706.87276 20.794 0.343
5707.60326 20.231 0.129
5707.65054 20.304 0.122
5707.69778 20.747 0.202
5707.73595 20.718 0.213
5707.77630 20.441 0.134
5707.81597 20.317 0.120
5707.85512 20.255 0.158
5707.89713 20.409 0.190
5708.56912 21.055 0.530
5708.62149 20.739 0.277
5708.67783 20.580 0.163
5708.72711 20.673 0.173
5708.76786 20.230 0.155
5708.81678 20.343 0.149
5708.86208 20.825 0.283
5708.91469 20.471 0.355
5709.59615 19.818 0.098
5709.65123 20.364 0.119
5709.83273 20.750 0.186
5711.78176 20.795 0.290
5712.61228 20.150 0.109
5712.69596 20.600 0.158
5712.73570 20.237 0.100
5712.77833 20.314 0.118
5712.81813 20.673 0.201
5712.86093 21.580 0.541
5713.74255 20.800 0.184
5713.83250 20.167 0.118
5714.62880 21.075 0.291
5714.64247 20.103 0.105
5714.85716 20.254 0.158
5715.57520 20.594 0.211
5715.59208 20.392 0.146
5715.63279 20.502 0.137
5715.68563 20.360 0.120
5715.73211 20.348 0.114
5715.77802 20.319 0.108
5715.82191 20.603 0.168
5715.86164 20.733 0.215
5715.91813 20.729 0.318
5716.65264 20.676 0.176
5716.71705 20.713 0.162
5716.75727 20.852 0.218
5716.80101 20.361 0.135
5716.83994 20.879 0.244
5716.88041 20.644 0.210
5721.56127 20.661 0.232
5721.57523 20.408 0.164
5721.65075 20.724 0.224
5721.72749 20.603 0.184
5721.74194 20.190 0.123
5721.79259 20.257 0.137
5721.83169 20.294 0.172
5721.88363 20.993 0.349
5722.55866 20.387 0.143
5722.57200 20.328 0.118
5722.63147 20.252 0.116
5722.68634 20.434 0.150
5722.72799 20.468 0.139
5722.74210 20.757 0.169
5722.79129 20.248 0.118
5722.83277 20.101 0.116
5723.57298 20.277 0.147
5723.62116 20.266 0.129
5723.66876 20.539 0.152
5723.71010 20.570 0.145
5723.75080 20.418 0.134
5723.78922 20.369 0.113
5723.82836 20.446 0.143
5723.86780 20.450 0.204
5724.57217 20.730 0.286
5724.64917 20.190 0.155
5724.70131 20.518 0.200
5724.75123 20.615 0.186
5724.80170 20.791 0.254
5725.54227 20.336 0.169
5725.61839 20.549 0.142
5725.68494 20.345 0.129
5725.72560 20.321 0.121
5725.76479 20.664 0.192
5725.81110 20.221 0.155
5726.56622 20.205 0.199
5726.61330 20.515 0.222
5726.65115 20.254 0.178
5726.69895 20.401 0.151
5726.74023 20.148 0.239
5726.78572 19.906 0.193
5734.59342 20.105 0.155
5734.67496 20.696 0.202
5734.72014 20.150 0.174
5734.76591 20.684 0.255
5734.80935 21.051 0.363
5734.85969 20.389 0.247
5735.64750 20.576 0.226
5735.69300 20.980 0.272
5735.75532 20.090 0.119
5735.80422 20.411 0.163
5735.85100 20.507 0.221
5736.50826 20.531 0.232
5736.55126 20.375 0.154
5736.58923 20.330 0.121
5736.63353 20.524 0.114
5736.67356 20.772 0.164
5736.72654 20.394 0.101
5736.74329 20.980 0.195
5736.79968 20.097 0.103
5736.84678 20.748 0.210
5736.89356 20.051 0.156
5737.53446 20.546 0.163
5737.57444 20.304 0.111
5737.62714 20.254 0.084
5737.66947 20.458 0.095
5737.72400 20.250 0.085
5737.76340 20.339 0.106
5737.80411 20.468 0.124
5737.84969 20.628 0.182
5737.89035 20.270 0.158
5738.60270 20.279 0.109
5738.65582 20.378 0.103
5738.71026 20.705 0.152
5738.74978 20.802 0.160
5739.54087 20.071 0.127
5739.57909 20.163 0.127
5739.61968 20.436 0.120
5739.68684 20.560 0.140
5739.72635 20.355 0.107
5739.76529 20.611 0.145
5739.80777 20.544 0.190
5739.86116 20.853 0.345
5740.51502 20.212 0.149
5740.55971 21.242 0.426
5740.62142 20.693 0.272
5740.66332 20.440 0.145
5740.72404 20.643 0.162
5740.76383 20.360 0.122
5740.80847 21.053 0.293
5740.84670 20.689 0.289
5741.49542 20.537 0.240
5741.53364 20.349 0.136
5741.57896 20.791 0.189
5741.61676 20.466 0.143
5741.65482 20.742 0.157
5741.71602 20.299 0.117
5741.75756 20.588 0.133
5741.79598 20.283 0.114
5741.83399 20.599 0.172
5741.87217 20.002 0.097
5742.50583 19.972 0.121
5742.54879 20.537 0.204
5742.58992 20.313 0.133
5742.63846 20.572 0.123
5742.69027 20.397 0.110
5742.72926 20.229 0.090
5742.76727 20.294 0.095
5742.80559 20.301 0.102
5742.84578 20.077 0.095
5743.60081 21.172 0.390
5743.63954 20.338 0.159
5743.68048 20.864 0.218
5743.74025 20.250 0.150
5743.77845 20.271 0.158
5743.81649 20.471 0.181
5743.85421 21.273 0.500
5744.49807 19.796 0.140
5744.53614 20.617 0.230
5744.57462 20.857 0.287
5744.61279 20.684 0.199
5744.67365 20.394 0.137
5744.74558 20.289 0.122
5744.79165 20.516 0.144
5744.83798 20.826 0.302
5745.52567 20.363 0.186
5745.57241 20.538 0.184
5745.61263 20.541 0.234
5745.66209 20.380 0.126
5745.71173 20.974 0.229
5745.74970 20.626 0.167
5745.78778 20.486 0.198
5745.87616 21.469 0.754
5746.58455 20.565 0.147
5746.62222 20.769 0.220
5746.67789 21.354 0.413
5746.72873 20.428 0.161
5746.76645 20.381 0.166
5746.80879 20.382 0.190
5747.58418 19.984 0.184
5747.62754 20.327 0.180
5747.67387 20.765 0.301
5747.71686 20.284 0.153
5747.76095 20.778 0.289
5748.60470 20.923 0.232
5748.65484 20.370 0.155
5749.50016 20.438 0.254
5749.53798 20.919 0.264
5749.57586 20.222 0.135
5749.61537 20.246 0.111
5749.66542 20.562 0.207
5749.70456 20.865 0.273
5749.74279 20.458 0.199
5749.78129 20.102 0.150
5752.54445 20.407 0.235
5752.58230 20.753 0.322
5753.51931 19.251 0.216
5753.57044 19.622 0.203
5753.62365 19.577 0.171
5753.70959 19.637 0.127
5753.78507 19.460 0.186
5760.45851 21.453 1.664
5760.46500 20.408 0.317
5760.50293 20.620 0.249
5760.55928 20.355 0.181
5760.59739 20.181 0.230
5760.65368 20.370 0.180
5760.69961 21.202 0.411
5760.74844 20.254 0.141
5760.78643 20.494 0.192
5760.82406 20.398 0.243
5761.51936 20.023 0.075
5761.56253 20.500 0.097
5761.63010 20.324 0.197
5762.48360 20.601 0.188
5762.52422 20.412 0.169
5762.56241 20.432 0.154
5762.60424 20.281 0.124
5762.64321 20.274 0.155
5762.71876 20.331 0.173
5763.47451 20.467 0.183
5763.51716 20.383 0.124
5763.55885 20.352 0.096
5763.61290 20.747 0.216
5763.66104 20.422 0.139
5763.74641 20.205 0.148
5763.78440 20.852 0.361
5764.47895 20.539 0.167
5764.52302 20.367 0.118
5764.56273 20.274 0.123
5764.60508 20.276 0.117
5764.65307 20.529 0.132
5764.70121 20.375 0.117
5764.74730 20.143 0.123
5765.48159 20.542 0.170
5765.52438 20.517 0.174
5765.57634 20.638 0.138
5765.63203 20.420 0.133
5765.67545 20.521 0.165
5765.72043 20.353 0.146
5765.76366 20.521 0.224
5766.49399 20.470 0.170
5766.53357 20.287 0.125
5766.59782 20.143 0.077
5766.63726 20.272 0.106
5766.67806 20.447 0.127
5766.72272 20.322 0.156
5767.47112 20.858 0.345
5767.51494 21.134 0.336
5767.55806 20.706 0.199
5767.60217 20.903 0.293
5767.66998 20.379 0.141
5767.72379 20.659 0.197
5767.76586 20.309 0.199
5767.80699 20.170 0.190
5768.50048 20.803 0.198
5768.55175 20.354 0.132
5768.60242 20.385 0.121
5768.64948 20.420 0.123
5768.69724 20.288 0.107
5768.73975 20.372 0.142
5768.78007 20.379 0.143
5769.48527 20.106 0.125
5769.52741 20.519 0.127
5769.58023 20.414 0.129
5769.63597 20.669 0.150
5769.69268 20.212 0.101
5769.78523 21.135 0.388
5770.72504 20.466 0.165
5770.76651 20.186 0.146
5775.60765 20.033 0.115
5776.62101 20.571 0.231
5776.68684 20.296 0.152
5776.73620 20.165 0.180
5777.49243 20.522 0.154
5777.54252 20.522 0.116
5777.58902 20.579 0.177
5777.66923 20.560 0.136
5777.71981 20.785 0.180
5778.47586 20.508 0.265
5778.52744 20.775 0.277
5778.57389 20.464 0.202
5778.62205 19.847 0.124
5779.61145 20.174 0.101
5779.65775 20.451 0.156
5779.71026 20.389 0.149
5784.49663 19.781 0.167
5784.54545 21.343 0.815
5784.60831 20.295 0.137
5784.70108 20.172 0.181
5785.47384 19.955 0.189
5785.53779 20.720 0.353
5785.59027 20.011 0.136
5785.63943 20.648 0.281
5785.68041 20.580 0.248
5785.72222 20.972 0.488
5786.52115 20.943 0.423
5786.58342 20.896 0.310
5786.62754 20.333 0.200
5786.67016 20.277 0.187
5786.72712 19.864 0.175
5787.48927 20.417 0.182
5787.56055 20.262 0.136
5787.60469 20.239 0.124
5787.64732 20.326 0.147
5787.68865 20.396 0.174
5788.50409 20.328 0.163
5788.56840 20.602 0.233
5788.60706 20.293 0.154
5788.64884 20.647 0.216
5788.68975 20.650 0.369
5790.48569 20.376 0.150
5790.53477 20.646 0.211
5790.58746 20.475 0.199
5790.62668 21.263 0.408
5790.66760 20.792 0.215
5790.70789 20.892 0.308
5791.47404 20.039 0.188
5791.52413 20.221 0.147
5793.47420 19.926 0.145
5793.53895 20.342 0.148
5793.58153 20.557 0.166
5793.62235 20.346 0.141
5793.66104 20.394 0.137
5793.70241 20.596 0.201
5794.47622 20.140 0.186
5794.53603 20.451 0.158
5794.58856 20.890 0.282
5794.62721 20.792 0.228
5794.67479 20.662 0.211
5795.52598 20.306 0.184
5795.58403 20.628 0.245
5795.64035 20.516 0.185
5796.50022 20.442 0.166
5796.56565 20.726 0.255
5796.60899 20.637 0.189
5796.64906 20.414 0.157
5796.69215 20.217 0.207
5798.67346 21.572 0.689
5801.47952 20.644 0.206
5801.54418 20.666 0.196
5801.58314 20.134 0.133
5801.62126 20.348 0.180
5801.66262 20.517 0.224
5802.52018 20.631 0.244
5802.57704 20.414 0.183
5803.50785 21.166 0.358
5803.58913 20.357 0.188
5804.50439 20.425 0.143
5804.55544 20.427 0.169
5804.59590 20.256 0.125
5804.63382 20.247 0.136
5804.67795 20.565 0.206
5805.50365 20.617 0.136
5805.55612 20.607 0.133
5805.59399 20.147 0.106
5805.64029 20.628 0.250
5806.49670 21.240 0.391
5806.55325 21.049 0.394
5807.54994 20.322 0.177
5807.59152 20.771 0.340
5807.63380 20.067 0.164
5812.49671 21.306 0.652
5812.53702 20.331 0.226
5812.57626 20.482 0.238
5812.61619 20.233 0.223
5813.50422 20.486 0.177
5813.55033 20.118 0.121
5813.58866 20.902 0.236
5813.62647 20.850 0.266
5815.47667 19.434 0.106
5815.52961 19.699 0.074
5815.56808 19.818 0.077
5815.61529 19.912 0.092
5816.50098 20.069 0.115
5816.54846 20.565 0.209
5816.58677 20.409 0.168
5816.62481 20.395 0.266
5817.50214 20.499 0.169
5817.54946 20.382 0.180
5817.58865 20.267 0.183
5817.62648 20.353 0.212
5818.48136 19.802 0.130
5818.53087 19.849 0.112
5818.56890 19.908 0.128
5818.60921 20.150 0.196
5819.48141 19.502 0.096
5819.53958 19.627 0.088
5819.57718 19.472 0.078
5819.61647 19.375 0.067
5820.50828 19.499 0.099
5820.55524 19.573 0.078
5820.59307 19.599 0.085
5820.63087 19.618 0.123
5822.52189 19.544 0.091
5822.56684 19.743 0.101
5822.61032 19.480 0.071
5823.49845 20.220 0.217
5823.54175 19.732 0.120
5823.58529 20.190 0.150
5824.52235 20.004 0.115
5824.56334 19.800 0.087
5824.60455 20.294 0.162
5825.48163 20.311 0.214
5825.53367 20.436 0.186
5825.57999 20.159 0.135
5826.50315 20.729 0.256
5826.55182 20.591 0.221
5826.59130 20.460 0.248
5827.49155 21.048 0.476
5827.52924 20.668 0.328
5827.57206 20.622 0.264
5827.60965 20.371 0.210
5828.50271 20.194 0.119
5828.54260 20.742 0.189
5828.58024 20.151 0.137
5829.51545 20.288 0.147
5829.55337 20.275 0.131
5829.59123 20.190 0.128
5830.47931 20.241 0.165
5830.52862 20.221 0.108
5830.56628 19.956 0.116
5830.60453 20.009 0.148
5831.52738 20.151 0.120
5831.56494 20.475 0.173
5832.51079 20.193 0.119
5832.55037 20.349 0.182
5832.58999 20.176 0.197
5833.50845 20.212 0.131
5833.54834 20.206 0.127
5833.58617 20.202 0.168
5834.50794 20.212 0.110
5834.54563 20.145 0.115
5834.58498 20.119 0.130
5835.52908 19.798 0.145
5836.48264 20.475 0.358
5839.48206 21.532 0.918
5839.52226 20.280 0.212
5839.56120 19.941 0.198
5840.50866 20.232 0.198
5840.51048 20.172 0.170
5840.56289 20.776 0.280
5841.50829 19.971 0.160
5841.54790 20.977 0.410
5842.50631 21.068 0.498
5842.55449 21.565 0.738
5843.51195 20.503 0.236
5843.55278 20.148 0.180
5844.49626 20.272 0.180
5844.53571 20.223 0.206
5844.57647 20.558 0.331
5845.49662 20.225 0.219
5845.53643 20.818 0.299
5845.57675 20.867 0.386
5846.50048 20.193 0.237
5846.53845 20.371 0.269
5846.57730 19.971 0.239
5850.51119 20.324 0.153
5850.54981 20.346 0.206
5851.50012 20.730 0.228
5851.53846 20.146 0.141
5852.48799 20.242 0.347
5852.52793 19.752 0.173
5854.49151 20.850 0.532
5854.53471 20.739 0.303
5855.51178 20.423 0.230
5856.51023 20.121 0.209
5857.49048 20.092 0.351
5859.49169 20.283 0.391
5860.50520 19.959 0.142
5861.49357 19.809 0.232
5862.50857 20.435 0.230
5866.49816 21.036 0.782
5867.49775 20.258 0.238
5868.50089 20.408 0.408
5960.87561 20.128 0.115
5961.87078 20.421 0.214
5962.87487 20.792 0.250
5963.87611 20.571 0.219
5964.87117 20.700 0.320
5965.87854 20.423 0.193
5967.88361 19.733 0.109
5968.87661 20.130 0.164
5969.88455 20.118 0.177
5971.85889 20.400 0.192
5972.87453 21.015 0.465
5976.86440 20.465 0.150
5977.82246 20.581 0.211
5977.86332 20.760 0.246
5978.83533 21.166 0.342
5978.87375 20.571 0.177
5979.82386 20.914 0.352
5979.86559 20.385 0.162
5980.84671 21.354 0.601
5982.81292 20.434 0.162
5982.85155 20.731 0.176
5982.89880 20.415 0.185
5983.84333 20.160 0.114
5983.89089 20.290 0.093
5984.81207 20.103 0.142
5984.86363 20.401 0.114
5985.80769 19.909 0.118
5985.84763 20.568 0.201
5985.89093 20.269 0.139
5986.80245 20.038 0.136
5986.85615 20.076 0.097
5986.90369 20.360 0.164
5987.83250 20.440 0.166
5987.87094 20.348 0.122
5988.81678 20.406 0.193
5988.85772 20.458 0.171
5988.90449 20.219 0.189
5989.82724 20.796 0.234
5989.86899 20.802 0.224
5990.79255 20.111 0.118
5990.80358 20.202 0.128
5990.81764 20.079 0.107
5990.83179 20.330 0.132
5990.84441 20.390 0.122
5990.85909 20.303 0.122
5990.87321 20.231 0.122
5990.88587 20.226 0.111
5991.79582 20.420 0.231
5991.80546 19.825 0.138
5991.83362 21.094 0.274
5991.86141 20.833 0.187
5991.88525 20.799 0.182
5991.89986 20.165 0.096
5992.79472 20.175 0.165
5992.80310 20.210 0.169
5992.82338 19.971 0.120
5992.83648 20.245 0.129
5992.85075 20.278 0.125
5992.86548 20.495 0.141
5992.87857 20.249 0.109
5992.89784 20.237 0.093
5992.90583 20.527 0.148
5992.91206 20.247 0.175
5993.78583 20.723 0.401
5993.80587 20.673 0.307
5993.82302 20.133 0.184
5993.84505 20.444 0.180
5993.86235 20.394 0.255
5993.88818 20.728 0.202
5993.90697 20.756 0.264
5994.78423 20.879 0.332
5994.79871 20.843 0.270
5994.81690 20.700 0.245
5994.83125 20.109 0.140
5994.86769 20.320 0.152
5994.88355 20.867 0.242
5994.90721 20.546 0.183
5995.77493 20.119 0.151
5995.83450 20.894 0.221
5995.86443 20.109 0.104
5995.88160 21.260 0.387
5996.78519 20.114 0.174
5996.82406 20.095 0.113
5996.87102 20.781 0.172
5996.90845 20.296 0.134
5997.81782 20.570 0.191
5997.86623 20.678 0.184
5997.90410 20.216 0.116
5998.79376 21.007 0.276
5998.84292 20.216 0.107
5998.88421 20.074 0.088
5999.77326 20.190 0.241
5999.81649 20.975 0.280
5999.86490 20.159 0.114
5999.90326 20.295 0.119
6002.77726 20.196 0.299
6002.78014 20.504 0.397
6002.83174 20.344 0.207
6002.87203 20.899 0.310
6002.89863 20.777 0.267
6003.85167 21.106 0.416
6003.89839 20.085 0.109
6004.78350 20.029 0.116
6004.83145 20.477 0.149
6004.87988 20.422 0.121
6004.91784 20.420 0.240
6005.78604 20.392 0.124
6005.82891 20.658 0.189
6005.89295 20.252 0.070
6006.75978 20.508 0.155
6006.80284 20.472 0.119
6006.86248 20.401 0.110
6006.90083 20.494 0.121
6007.76431 20.450 0.140
6007.81172 20.535 0.130
6007.85975 20.363 0.106
6007.89773 20.579 0.110
6008.74553 20.467 0.166
6008.78672 20.741 0.202
6008.83498 20.306 0.134
6008.88319 20.794 0.218
6008.92159 21.298 0.770
6009.77574 20.352 0.125
6009.82402 20.600 0.133
6009.87109 20.248 0.094
6009.90846 20.133 0.102
6010.75157 20.270 0.143
6010.79364 20.101 0.091
6010.85223 20.453 0.132
6010.89075 20.491 0.107
6011.73620 19.920 0.120
6011.78231 20.321 0.134
6011.84845 20.298 0.155
6011.89662 20.539 0.191
6012.73888 20.542 0.175
6012.78421 20.399 0.135
6012.83307 20.664 0.139
6012.88162 19.984 0.059
6012.91994 20.456 0.126
6013.77832 20.111 0.090
6013.81754 20.628 0.136
6013.88051 20.571 0.135
6013.92099 20.539 0.257
6014.75528 20.406 0.131
6014.79368 20.603 0.138
6014.85326 20.643 0.135
6014.89272 20.848 0.201
6015.73244 20.362 0.133
6015.77166 20.395 0.104
6015.81058 20.269 0.082
6015.83879 20.281 0.082
6015.90031 20.374 0.091
6016.75191 20.494 0.123
6016.79171 20.052 0.087
6016.83180 20.617 0.127
6016.89514 20.411 0.098
6017.72701 20.625 0.166
6017.76533 21.135 0.224
6017.80348 20.479 0.100
6017.84294 20.465 0.098
6017.90061 20.184 0.070
6018.75386 20.305 0.187
6018.79228 20.531 0.140
6018.83212 20.471 0.113
6018.87393 20.539 0.099
6019.72067 20.464 0.173
6019.75930 20.386 0.165
6019.81705 20.436 0.109
6019.85575 20.153 0.073
6019.89412 20.336 0.089
6020.71259 20.025 0.108
6020.75140 20.226 0.111
6020.80744 20.231 0.094
6020.84569 20.149 0.072
6020.88491 20.106 0.087
6020.92558 20.026 0.168
6021.73404 19.781 0.101
6021.77308 19.687 0.068
6021.81121 19.895 0.072
6021.85054 19.674 0.055
6021.90860 19.843 0.072
6022.72168 19.926 0.118
6022.75979 20.262 0.111
6022.79811 20.462 0.139
6022.85550 19.980 0.083
6022.89433 20.130 0.091
6023.71349 20.480 0.209
6023.75479 20.165 0.115
6023.79529 20.242 0.113
6023.83641 20.890 0.212
6023.89875 20.569 0.162
6024.70128 20.391 0.230
6024.73986 20.131 0.147
6024.77987 20.599 0.189
6024.84054 20.283 0.109
6024.89100 20.312 0.143
6025.69745 20.442 0.263
6025.73904 20.516 0.225
6025.77703 20.803 0.257
6025.81908 20.905 0.283
6025.88107 21.050 0.326
6026.71241 20.133 0.262
6029.82929 19.907 0.091
6029.86926 20.770 0.615
6031.76802 20.541 0.188
6031.80747 20.325 0.115
6031.84843 20.232 0.107
6031.88936 19.958 0.121
6032.68436 20.133 0.142
6032.72451 20.236 0.117
6032.77220 20.196 0.094
6032.82069 20.538 0.127
6032.86100 20.391 0.125
6032.90475 20.125 0.089
6033.69644 20.179 0.142
6033.74318 20.141 0.120
6033.78480 20.307 0.129
6033.85579 20.132 0.089
6033.89743 20.571 0.175
6034.69224 20.619 0.164
6034.73891 20.286 0.106
6034.78466 20.546 0.119
6034.83879 20.293 0.105
6034.92706 20.305 0.166
6035.87132 20.439 0.143
6036.69865 20.100 0.101
6036.74098 20.319 0.112
6036.79289 20.065 0.074
6036.81796 20.589 0.106
6036.86266 20.310 0.087
6036.91779 20.531 0.138
6037.72554 20.055 0.133
6037.76689 20.896 0.252
6037.82050 20.274 0.113
6037.88122 20.395 0.134
6037.92080 20.886 0.292
6038.73579 20.064 0.108
6038.77600 20.132 0.130
6038.84309 20.309 0.113
6038.88645 20.444 0.139
6039.75675 20.543 0.195
6039.80339 20.285 0.141
6039.86502 20.388 0.142
6039.90818 20.357 0.136
6040.73591 20.186 0.172
6040.77685 20.275 0.133
6040.81698 20.178 0.104
6040.88165 20.263 0.116
6040.92014 20.665 0.173
6041.72362 20.162 0.135
6041.76885 20.130 0.108
6041.82063 20.310 0.122
6041.87342 20.584 0.158
6041.91359 20.556 0.139
6045.90767 19.988 0.095
6046.87801 20.522 0.142
6046.91867 20.491 0.142
6047.69319 20.361 0.149
6047.73082 20.616 0.159
6047.77117 20.257 0.101
6047.82149 20.359 0.100
6047.88428 20.595 0.187
6047.92491 20.824 0.213
6048.69873 20.219 0.128
6048.73902 20.193 0.108
6048.80004 20.182 0.090
6048.84450 20.516 0.132
6048.88786 20.374 0.117
6048.92890 20.300 0.139
6049.70737 20.324 0.125
6049.76102 20.191 0.082
6049.81958 20.448 0.097
6049.86027 20.217 0.113
6049.90143 20.658 0.162
6050.65492 20.870 0.310
6050.69667 19.982 0.114
6050.73580 20.533 0.173
6050.80619 20.127 0.111
6050.84609 20.048 0.111
6050.88499 20.692 0.185
6050.92371 20.871 0.256
6051.66586 20.304 0.158
6051.75519 20.231 0.113
6052.68106 20.324 0.197
6052.72901 20.338 0.184
6052.77722 20.293 0.133
6052.81686 20.600 0.207
6052.85724 20.211 0.137
6052.89607 20.473 0.155
6052.93461 20.202 0.161
6053.67266 20.044 0.146
6053.71269 20.462 0.187
6053.76016 20.721 0.214
6053.80843 20.349 0.128
6053.86352 20.498 0.190
6053.90447 20.764 0.273
6057.67136 20.986 0.375
6057.70327 20.543 0.256
6057.73336 20.606 0.233
6057.76445 20.095 0.230
6057.80347 20.451 0.150
6057.83157 20.018 0.190
6057.86259 20.480 0.151
6057.86456 20.143 0.118
6057.89600 20.636 0.289
6057.91063 20.399 0.199
6057.92929 20.866 0.322
6058.68921 20.240 0.139
6058.73045 20.891 0.319
6058.76812 20.342 0.122
6058.81766 20.333 0.141
6058.86092 20.666 0.197
6058.90056 21.020 0.262
6058.94050 20.152 0.242
6059.69762 20.221 0.124
6059.73546 20.447 0.152
6059.77389 20.177 0.102
6059.83407 20.214 0.100
6059.87286 20.331 0.116
6059.91174 20.637 0.156
6060.77993 20.350 0.121
6061.67329 20.162 0.129
6061.71218 20.394 0.163
6061.76227 20.230 0.097
6061.81276 20.108 0.119
6061.85175 20.530 0.154
6061.88997 20.459 0.181
6061.92850 20.183 0.140
6062.68135 20.279 0.142
6062.72060 20.686 0.229
6062.75944 20.537 0.181
6062.82081 20.678 0.189
6062.86036 20.232 0.142
6062.89840 20.282 0.157
6062.93626 20.175 0.183
6063.78929 19.957 0.147
6063.82922 20.781 0.312
6063.87796 20.645 0.185
6063.92557 20.615 0.233
6064.71352 20.164 0.089
6064.75203 20.349 0.093
6064.81644 20.339 0.102
6064.85611 20.343 0.134
6064.89782 20.259 0.124
6064.93633 20.825 0.278
6065.64674 20.297 0.139
6065.68521 20.082 0.088
6065.73315 20.335 0.101
6065.78504 20.283 0.119
6065.82568 20.147 0.120
6066.60950 20.094 0.120
6066.64906 20.586 0.163
6066.68714 20.413 0.119
6066.72521 20.470 0.136
6066.79019 20.287 0.101
6066.82985 20.611 0.138
6066.87222 20.690 0.160
6066.91051 20.334 0.122
6067.59417 20.288 0.128
6067.63335 20.597 0.142
6067.67414 20.205 0.109
6067.71247 20.179 0.089
6067.76147 20.393 0.103
6067.81291 20.524 0.124
6067.85220 20.290 0.098
6067.89006 20.173 0.111
6067.92789 20.706 0.237
6068.62956 20.296 0.125
6068.68020 20.306 0.121
6068.72710 20.256 0.095
6068.79512 20.229 0.097
6068.85348 20.555 0.125
6068.89822 20.160 0.092
6069.61767 20.425 0.138
6069.67626 20.071 0.094
6069.71798 20.720 0.156
6069.76882 20.505 0.120
6069.82467 20.386 0.105
6069.86719 20.476 0.108
6069.90538 20.451 0.110
6070.58710 21.015 0.317
6070.62566 20.146 0.150
6070.66380 20.623 0.167
6070.70364 20.257 0.104
6070.74159 20.660 0.147
6070.80213 20.864 0.200
6070.84038 20.369 0.129
6070.88059 20.644 0.160
6070.92002 20.740 0.222
6071.58583 20.387 0.186
6071.62566 20.666 0.153
6071.66660 20.584 0.145
6071.70433 20.220 0.095
6071.75213 20.667 0.150
6071.80671 20.288 0.124
6071.84621 20.353 0.129
6071.88440 20.482 0.144
6071.92218 20.144 0.204
6075.60992 20.562 0.120
6075.64802 20.286 0.085
6075.68628 20.219 0.109
6075.73977 20.557 0.126
6075.79190 20.617 0.116
6075.83141 20.273 0.098
6075.87589 20.059 0.092
6076.60103 20.380 0.143
6076.64266 20.642 0.174
6076.68944 20.795 0.172
6076.73661 20.632 0.141
6076.78571 20.625 0.163
6076.82443 20.349 0.147
6076.87371 20.422 0.165
6076.91944 19.948 0.123
6077.70154 20.263 0.130
6077.76097 20.352 0.140
6077.81964 20.969 0.227
6077.86064 20.407 0.126
6077.90202 19.917 0.094
6077.94066 20.338 0.202
6078.62252 20.641 0.187
6078.66066 20.085 0.108
6078.69912 20.667 0.163
6078.76249 21.233 0.259
6078.80311 20.375 0.099
6078.84132 20.513 0.131
6078.88546 20.669 0.170
6079.55957 20.241 0.166
6079.59883 20.314 0.129
6079.63655 20.364 0.125
6079.67752 20.285 0.118
6079.73728 20.280 0.110
6079.78879 20.891 0.224
6079.83996 20.682 0.174
6079.87799 20.432 0.111
6079.91780 20.162 0.125
6080.56901 20.728 0.267
6080.60700 20.183 0.145
6080.64528 20.203 0.136
6080.69194 20.441 0.130
6080.73368 20.231 0.121
6080.77442 20.403 0.167
6080.82264 20.428 0.155
6080.87036 20.889 0.275
6080.91509 20.296 0.118
6081.56274 20.211 0.234
6081.60259 20.337 0.204
6081.64201 20.193 0.164
6081.68144 20.360 0.174
6081.72694 20.387 0.164
6081.77596 20.548 0.175
6081.82435 20.155 0.132
6081.86453 20.471 0.198
6081.91264 20.414 0.277
6085.55906 20.319 0.217
6085.59806 21.244 0.422
6085.64769 20.372 0.149
6085.68252 20.877 0.248
6085.73208 21.089 0.306
6085.77150 20.555 0.180
6085.80992 20.491 0.201
6085.84869 20.271 0.203
6085.88829 20.880 0.398
6086.58336 20.286 0.133
6086.62170 20.018 0.104
6086.66469 20.600 0.141
6086.71357 20.330 0.106
6086.76707 20.593 0.161
6086.80698 20.915 0.251
6086.85550 20.185 0.134
6086.89692 20.164 0.196
6087.60064 20.225 0.119
6087.74366 20.276 0.136
6087.80540 20.847 0.222
6087.84509 20.099 0.156
6088.57288 20.317 0.127
6088.61057 20.714 0.136
6088.64902 20.299 0.102
6088.68713 20.612 0.128
6089.65333 20.162 0.097
6089.69159 20.888 0.195
6089.76222 20.154 0.108
6089.80322 19.890 0.096
6089.86467 20.758 0.249
6092.57120 20.306 0.135
6092.60924 20.346 0.118
6092.64937 20.052 0.120
6092.76682 20.177 0.098
6092.84251 20.301 0.136
6092.89407 20.141 0.180
6093.56163 20.496 0.158
6093.60345 20.192 0.102
6093.64132 20.844 0.214
6093.68927 20.378 0.116
6093.76419 20.553 0.146
6093.80188 20.358 0.166
6093.84170 20.762 0.267
6094.55297 20.642 0.265
6094.61509 21.005 0.316
6094.65268 20.621 0.200
6094.69047 20.318 0.141
6094.74967 20.615 0.193
6094.78726 21.135 0.281
6094.82728 20.081 0.123
6094.86581 20.403 0.210
6096.57320 20.624 0.202
6096.61452 20.351 0.137
6096.65967 20.466 0.147
6096.70401 20.389 0.181
6096.72146 21.006 0.282
6096.73425 20.534 0.203
6096.77355 20.732 0.193
6096.81283 20.487 0.199
6096.85366 20.100 0.161
6097.67812 20.486 0.160
6097.75081 20.734 0.270
6097.78956 20.599 0.180
6097.82716 20.993 0.270
6097.86687 20.206 0.157
6098.54735 20.302 0.163
6098.59614 20.300 0.159
6098.63367 20.157 0.129
6098.67209 20.479 0.169
6098.73513 20.514 0.166
6098.77331 20.091 0.098
6098.81439 20.814 0.237
6098.85243 19.986 0.121
6099.64118 20.415 0.219
6099.75166 20.805 0.265
6100.51552 20.529 0.221
6100.57149 20.365 0.150
6100.61141 20.566 0.175
6100.64908 20.339 0.123
6100.70900 20.378 0.117
6100.74825 20.189 0.118
6100.79586 20.543 0.208
6100.83650 20.671 0.236
6100.87421 20.240 0.172
6101.51246 20.341 0.164
6101.55049 20.522 0.180
6101.58808 20.771 0.206
6101.62621 20.456 0.130
6101.66584 20.272 0.096
6101.72762 20.447 0.127
6101.76656 20.610 0.156
6101.80556 20.232 0.134
6101.85307 19.977 0.149
6102.51342 20.015 0.205
6102.55233 20.222 0.159
6102.60078 20.604 0.186
6102.64802 20.152 0.105
6102.68811 20.243 0.107
6102.72768 20.428 0.119
6102.76662 20.569 0.143
6102.80638 20.165 0.107
6102.84635 20.251 0.155
6103.48414 21.309 0.492
6103.52863 20.125 0.117
6103.56873 20.451 0.149
6103.60885 20.533 0.133
6103.66721 20.174 0.090
6103.70757 20.225 0.105
6103.74776 20.296 0.119
6103.81387 20.241 0.122
6104.48497 20.072 0.140
6104.52927 20.290 0.124
6104.56733 20.246 0.094
6104.65167 20.556 0.132
6104.69216 20.520 0.112
6104.73239 20.329 0.093
6104.77100 20.554 0.126
6104.81232 20.287 0.119
6104.86099 20.195 0.134
6105.48053 19.909 0.164
6105.53019 19.929 0.098
6105.56780 21.038 0.253
6105.62592 20.612 0.141
6105.68146 20.607 0.148
6105.72000 20.131 0.087
6105.75984 19.822 0.104
6106.62577 20.747 0.229
6106.69600 19.752 0.126
6108.52989 20.420 0.196
6108.56878 20.285 0.131
6108.62143 20.362 0.195
6108.67294 20.649 0.181
6108.71504 20.508 0.189
6108.75462 20.435 0.143
6108.79348 20.122 0.133
6108.83541 20.347 0.155
6113.54640 20.027 0.155
6113.58875 20.263 0.167
6113.62659 20.915 0.289
6113.66860 20.585 0.242
6113.70849 20.214 0.145
6113.74704 20.295 0.190
6113.78477 20.366 0.173
6113.82383 20.232 0.166
6114.55926 19.826 0.122
6114.59688 20.024 0.133
6114.63390 20.641 0.189
6114.68327 20.109 0.145
6114.73081 20.477 0.158
6114.76850 20.533 0.188
6114.80741 20.062 0.140
6114.84885 20.465 0.281
6115.49487 20.273 0.133
6115.53327 20.379 0.144
6115.57092 20.829 0.215
6115.63065 20.506 0.171
6115.68342 20.855 0.286
6115.74860 20.875 0.250
6115.80061 20.480 0.231
6116.49240 20.467 0.129
6116.53385 20.256 0.101
6116.57475 20.187 0.084
6116.62200 20.546 0.122
6116.67112 20.224 0.103
6116.71273 20.416 0.140
6116.75578 20.623 0.187
6116.79529 20.678 0.189
6117.51405 21.103 0.264
6117.55163 20.094 0.103
6117.59008 20.174 0.087
6117.65233 20.853 0.197
6117.69194 20.448 0.140
6117.73039 20.368 0.132
6117.76960 19.926 0.089
6117.80720 21.151 0.336
6118.50429 20.441 0.148
6118.54332 20.270 0.096
6118.58300 20.754 0.148
6118.63835 20.244 0.114
6118.69287 20.229 0.092
6118.73190 20.446 0.106
6118.76925 20.376 0.114
6118.80673 21.121 0.292
6119.49244 20.433 0.200
6119.53382 20.806 0.220
6119.57261 20.530 0.138
6119.62872 20.500 0.125
6119.67198 20.192 0.098
6119.70998 20.337 0.111
6119.73716 20.509 0.133
6119.77680 20.184 0.152
6119.81238 20.516 0.196
6120.56003 20.661 0.198
6120.62598 20.417 0.122
6120.67638 20.192 0.089
6120.71545 20.801 0.217
6120.75785 20.344 0.153
6120.80254 20.270 0.151
6121.47498 20.565 0.151
6121.51234 20.105 0.076
6121.55010 20.462 0.100
6121.60236 20.799 0.133
6121.65516 20.890 0.164
6121.71925 20.189 0.078
6121.75740 20.609 0.115
6123.52493 20.984 0.295
6123.56337 20.786 0.189
6123.61066 20.549 0.156
6123.66232 20.612 0.136
6123.70123 20.662 0.196
6123.73946 20.936 0.222
6123.78000 20.564 0.146
6124.49944 20.800 0.232
6124.53917 20.161 0.108
6124.60014 20.684 0.162
6124.67011 20.174 0.103
6124.70984 20.188 0.113
6124.75044 20.443 0.144
6124.79074 20.766 0.263
6124.83067 20.378 0.206
6125.55463 20.038 0.108
6125.61637 20.181 0.112
6125.71401 20.517 0.147
6125.75929 20.249 0.117
6125.79995 20.636 0.176
6126.49218 20.423 0.156
6126.54357 20.297 0.117
6126.58892 20.388 0.159
6126.64810 20.059 0.086
6126.70677 20.294 0.113
6126.75112 20.411 0.132
6127.49248 20.542 0.188
6127.53442 20.310 0.136
6127.61965 20.333 0.152
6127.72129 20.743 0.206
6128.51120 20.379 0.107
6128.55389 20.594 0.136
6128.59770 20.422 0.134
6128.64366 20.758 0.169
6128.69956 20.238 0.125
6130.54869 20.707 0.190
6130.72970 19.680 0.080
6130.73949 21.137 0.335
6131.51852 20.570 0.168
6131.56627 20.371 0.119
6131.63244 21.181 0.256
6131.67770 20.008 0.078
6131.74718 20.357 0.149
6132.49911 20.937 0.281
6132.56882 19.700 0.111
6132.65540 20.617 0.186
6132.74186 20.515 0.149
6132.77835 20.730 0.202
6133.55247 20.527 0.173
6133.60154 20.620 0.205
6133.66302 20.299 0.121
6133.70617 19.950 0.100
6133.75480 20.266 0.144
6134.52254 20.427 0.198
6134.56414 20.483 0.256
6134.60840 20.302 0.179
6134.67451 20.368 0.165
6135.50490 20.903 0.283
6135.54659 20.514 0.222
6135.60692 20.381 0.162
6135.67388 20.017 0.121
6135.72644 20.467 0.150
6135.76837 20.068 0.116
6135.80992 20.143 0.160
6136.59706 20.135 0.186
6136.62416 20.604 0.281
6136.65459 19.972 0.124
6136.75663 20.208 0.215
6140.50717 19.993 0.145
6140.55547 21.423 0.525
6140.60851 21.028 0.413
6140.64637 20.565 0.254
6140.68553 20.121 0.176
6140.72866 20.683 0.411
6141.49478 20.105 0.139
6141.53244 20.375 0.170
6141.58124 20.720 0.276
6141.63030 20.392 0.179
6141.66795 20.200 0.141
6141.70887 20.874 0.280
6141.74741 20.910 0.351
6142.48567 20.980 0.479
6142.54568 20.347 0.233
6143.53264 21.148 0.341
6147.52459 21.118 0.266
6147.57671 20.314 0.156
6147.61797 20.723 0.229
6147.67535 20.168 0.151
6147.71331 21.359 0.481
6148.50742 20.225 0.097
6148.55603 20.357 0.096
6148.60986 20.852 0.165
6148.64934 20.284 0.110
6148.69474 20.354 0.138
6149.57397 20.358 0.132
6149.61601 20.575 0.195
6150.49752 20.399 0.222
6150.54677 20.386 0.142
6150.59907 20.556 0.193
6150.64952 20.592 0.141
6151.48347 20.516 0.203
6151.55223 20.459 0.197
6151.59334 20.149 0.130
6151.63222 20.891 0.245
6151.67309 20.032 0.120
6151.71309 20.507 0.206
6152.48276 20.271 0.127
6152.52234 20.420 0.130
6152.56282 21.149 0.313
6152.62724 20.238 0.124
6152.66666 20.992 0.219
6154.51091 20.396 0.152
6154.55206 20.725 0.228
6154.63148 20.947 0.261
6154.70351 20.599 0.224
6157.65956 20.108 0.125
6157.70194 20.516 0.244
6158.50009 20.262 0.105
6158.55018 20.176 0.113
6158.60183 20.028 0.098
6158.64240 20.297 0.138
6158.68218 20.058 0.112
6159.50634 21.120 0.379
6159.56136 20.768 0.217
6159.61366 20.299 0.129
6160.48790 20.371 0.132
6160.54366 20.349 0.129
6160.55764 20.516 0.140
6160.60329 20.537 0.149
6160.64482 20.294 0.135
6160.69605 20.575 0.153
6161.48700 20.141 0.142
6161.52731 20.663 0.200
6161.56709 21.093 0.321
6161.62696 20.184 0.102
6161.69035 20.867 0.248
6164.61347 20.206 0.146
6166.62865 20.499 0.168
6167.53808 20.245 0.142
6167.58782 20.601 0.192
6167.64029 20.833 0.259
6167.68274 21.664 1.215
6168.53979 20.445 0.156
6168.60441 20.162 0.124
6168.66076 20.479 0.169
6169.49056 20.374 0.190
6169.54152 20.586 0.227
6169.59214 20.043 0.110
6169.63228 20.282 0.157
6169.66762 21.118 0.374
6171.49321 20.496 0.123
6171.54720 20.487 0.156
6171.59660 20.121 0.112
6171.63650 20.496 0.326
6171.67871 20.105 0.160
6172.50545 20.549 0.116
6172.55595 20.289 0.113
6172.60640 20.426 0.133
6172.64482 20.344 0.129
6174.57809 21.063 0.411
6174.64450 21.664 0.818
6175.51805 20.499 0.169
6175.55615 20.274 0.158
6175.59478 20.257 0.141
6175.63610 20.044 0.124
6179.52316 20.048 0.142
6179.56935 20.311 0.175
6179.61275 20.345 0.196
6179.65177 20.539 0.246
6180.48839 20.776 0.345
6180.54783 20.049 0.121
6180.58566 20.394 0.223
6180.62685 20.225 0.200
6181.49283 20.500 0.177
6181.54682 20.397 0.139
6181.58851 20.318 0.118
6181.62757 20.458 0.166
6182.49316 20.536 0.160
6182.54803 20.234 0.120
6182.59624 20.995 0.244
6182.64137 19.999 0.143
6183.59332 20.459 0.130
6183.63233 20.148 0.113
6184.52818 20.251 0.110
6184.58660 20.694 0.154
6184.63244 20.577 0.158
6185.49505 20.663 0.181
6185.55385 20.424 0.115
6185.59318 20.391 0.121
6186.47898 21.701 0.821
6186.53596 20.451 0.140
6186.57466 20.733 0.213
6187.53540 20.710 0.280
6190.51467 20.811 0.224
6190.57225 20.262 0.128
6190.61215 21.064 0.311
6191.51570 20.031 0.153
6191.56761 20.557 0.257
6191.60981 20.876 0.326
6195.49172 20.959 0.258
6195.54397 20.137 0.124
6195.58210 20.602 0.214
6196.49249 20.514 0.197
6196.54082 21.119 0.515
6196.57975 20.700 0.238
6197.49432 20.023 0.151
6197.54249 20.591 0.248
6197.58252 19.911 0.138
6198.54864 20.638 0.309
6199.51279 20.615 0.296
6200.58404 20.132 0.172
6201.52384 20.235 0.201
6202.56129 20.126 0.215
6203.50016 20.152 0.177
6203.55225 20.653 0.313
6203.59091 20.076 0.223
6204.49899 20.207 0.140
6204.51307 20.549 0.179
6204.54424 20.060 0.127
6204.58237 20.470 0.223
6205.48545 20.084 0.161
6205.52853 20.715 0.195
6205.56660 20.380 0.144
6209.54745 20.692 0.331
6210.49953 21.197 0.398
6210.53788 20.541 0.194
6210.57673 20.417 0.207
6211.50130 20.337 0.142
6211.54365 20.913 0.246
6211.58211 20.636 0.222
6212.50076 20.207 0.135
6212.53915 20.166 0.126
6213.50720 21.505 0.566
6213.54563 20.932 0.297
6214.49430 20.711 0.236
6216.51140 21.823 0.653
6216.55039 20.683 0.241
6217.50621 20.572 0.158
6217.54408 20.889 0.229
6218.51911 20.340 0.181
6218.55766 20.166 0.160
6221.51242 20.166 0.259
6221.54138 20.329 0.327
6223.53230 20.448 0.251
6226.51453 20.355 0.287
6227.53583 21.100 0.557
6231.49947 21.323 0.852
6232.50063 20.462 0.388
6233.51898 20.369 0.243
6326.86922 20.212 0.183
6330.87089 20.675 0.223
6334.87081 20.556 0.164
6335.84123 20.330 0.158
6337.86223 20.075 0.119
6338.83956 21.036 0.281
6338.88254 20.203 0.117
6339.85862 20.347 0.114
6340.83830 20.555 0.150
6341.87583 20.316 0.159
6343.87930 20.471 0.151
6344.83237 20.329 0.116
6344.87144 20.553 0.128
6345.84653 20.098 0.096
6345.89407 20.419 0.172
6347.85304 20.228 0.117
6347.89141 20.555 0.130
6348.83575 20.250 0.127
6348.87768 20.957 0.207
6349.84791 20.488 0.211
6349.88536 20.632 0.257
6350.83557 20.354 0.151
6350.88249 20.172 0.126
6351.83564 20.013 0.141
6352.83497 20.189 0.117
6352.88022 20.272 0.110
6353.80847 20.417 0.168
6353.85584 20.308 0.130
6354.84210 20.447 0.124
6354.88766 20.733 0.194
6358.84308 20.513 0.110
6360.80835 20.302 0.105
6360.84582 20.603 0.140
6360.89472 20.956 0.208
6361.83135 20.355 0.124
6361.86894 20.507 0.147
6362.79168 20.177 0.135
6362.82922 20.306 0.126
6362.85524 20.396 0.140
6362.90687 20.012 0.122
6363.82506 20.308 0.152
6363.88136 20.289 0.107
6367.84384 20.770 0.140
6367.88216 20.183 0.077
6368.77996 20.617 0.151
6368.83295 20.222 0.097
6368.87226 20.566 0.140
6369.79983 20.406 0.128
6369.84149 20.349 0.110
6369.89764 20.438 0.110
6370.78213 20.245 0.108
6370.82983 20.300 0.107
6370.87265 20.453 0.115
6370.91298 20.472 0.146
6371.79399 20.531 0.133
6371.84299 21.518 0.364
6371.88179 20.517 0.119
6372.78668 20.282 0.118
6372.83546 20.381 0.111
6372.87553 20.360 0.106
6373.75536 20.287 0.142
6373.80040 20.414 0.143
6373.84954 20.633 0.154
6373.88932 20.324 0.132
6374.75378 20.404 0.180
6374.79336 20.247 0.135
6374.84474 20.404 0.129
6374.88434 20.332 0.123
6375.75282 20.158 0.113
6375.79174 20.487 0.127
6375.85943 20.563 0.122
6375.90006 20.489 0.093
6376.76362 20.064 0.121
6376.81539 20.700 0.169
6376.85534 20.399 0.132
6376.89741 20.775 0.137
6377.77758 20.295 0.112
6377.82766 20.055 0.079
6377.86741 20.338 0.092
6377.90990 20.502 0.111
6378.77402 20.377 0.155
6378.82309 20.335 0.114
6378.86426 20.320 0.096
6378.90372 20.325 0.102
6379.75919 20.109 0.120
6379.80769 20.324 0.139
6379.84740 20.295 0.125
6379.89372 20.301 0.120
6380.74832 20.111 0.117
6380.78734 20.204 0.103
6380.85032 20.241 0.111
6380.89121 20.476 0.134
6381.74735 20.161 0.125
6381.75070 19.986 0.100
6381.79581 20.111 0.093
6381.84446 20.164 0.088
6381.88369 20.621 0.130
6382.74846 19.818 0.177
6382.78946 20.712 0.279
6382.82868 20.388 0.223
6382.86898 20.556 0.240
6386.74410 20.568 0.211
6386.78248 20.482 0.131
6386.83894 20.034 0.093
6386.88757 20.911 0.256
6387.71342 21.006 0.288
6387.75704 20.499 0.123
6387.79880 20.628 0.150
6387.84002 20.650 0.135
6387.87786 20.153 0.109
6388.71681 21.249 0.318
6388.75543 20.409 0.129
6388.81855 20.832 0.174
6388.88671 20.779 0.194
6389.70460 20.571 0.239
6389.74692 20.499 0.142
6389.79921 20.594 0.133
6389.83600 20.551 0.168
6389.87462 20.633 0.159
6389.91880 20.379 0.159
6390.74021 20.512 0.141
6390.78220 20.494 0.138
6390.82319 20.885 0.199
6390.86666 20.600 0.149
6390.91353 20.629 0.174
6391.70170 20.098 0.152
6391.74237 20.384 0.162
6391.79333 20.329 0.146
6391.84539 20.773 0.255
6391.88737 19.825 0.132
6393.69958 20.205 0.146
6393.76678 20.235 0.128
6393.80607 20.383 0.129
6393.85844 20.150 0.115
6394.72126 20.395 0.175
6394.77387 20.471 0.171
6394.82135 20.369 0.141
6394.86043 20.390 0.148
6394.92512 20.376 0.147
6395.72494 20.250 0.117
6395.77356 20.344 0.114
6395.82324 20.136 0.090
6395.86226 20.457 0.105
6395.90631 20.243 0.099
6396.71040 20.175 0.101
6396.75732 20.238 0.085
6396.80706 20.398 0.095
6396.84981 20.529 0.101
6396.89075 20.124 0.095
6396.93036 20.534 0.282
6397.72343 20.240 0.092
6397.77425 20.176 0.078
6397.82317 20.254 0.086
6397.86100 20.528 0.127
6397.89974 20.493 0.125
6398.69191 19.921 0.097
6398.73084 20.324 0.106
6398.79264 20.210 0.088
6398.83066 20.616 0.136
6398.87161 20.458 0.142
6398.91167 20.230 0.103
6399.69770 21.154 0.237
6399.73653 20.502 0.163
6399.78538 20.483 0.133
6399.83321 20.322 0.110
6399.87243 20.422 0.147
6400.70116 20.440 0.110
6400.74573 20.572 0.158
6400.81189 20.557 0.157
6400.86730 20.581 0.165
6400.91232 20.548 0.153
6401.70823 20.273 0.127
6401.75529 20.469 0.106
6401.80627 20.396 0.119
6401.84476 20.908 0.163
6401.88658 20.342 0.101
6401.92447 20.372 0.126
6402.71765 20.226 0.106
6402.76490 20.144 0.109
6402.81183 21.047 0.215
6402.85197 20.126 0.119
6402.89314 20.942 0.305
6403.68346 20.626 0.159
6403.72104 20.337 0.092
6403.75857 20.206 0.087
6403.80709 20.121 0.079
6403.84539 20.518 0.133
6403.90073 20.431 0.134
6404.69275 20.305 0.152
6404.74211 20.230 0.138
6404.79098 20.897 0.216
6404.82982 20.583 0.147
6404.86936 20.947 0.224
6404.92168 20.236 0.125
6405.84733 20.512 0.146
6405.87351 20.253 0.081
6405.91458 19.992 0.072
6406.77452 19.696 0.175
6406.89299 20.192 0.151
6406.93451 20.274 0.164
6407.71190 20.241 0.164
6407.74982 20.093 0.104
6407.78789 20.467 0.154
6407.83691 20.441 0.153
6407.87747 20.622 0.188
6407.92562 20.662 0.244
6408.74238 20.406 0.368
6408.78174 20.344 0.200
6408.82229 21.096 0.385
6409.79558 20.072 0.203
6409.89542 20.342 0.207
6409.93332 20.865 0.424
6415.72253 20.683 0.223
6415.77383 20.107 0.136
6415.81432 20.220 0.121
6415.86670 20.805 0.268
6415.91552 20.454 0.153
6416.65591 20.297 0.136
6416.70103 20.366 0.142
6416.76416 20.611 0.136
6416.81158 20.231 0.096
6416.86782 20.071 0.094
6416.91748 19.850 0.083
6417.68877 20.659 0.240
6417.72685 20.225 0.115
6417.76435 20.771 0.185
6417.81201 20.428 0.117
6417.85255 20.525 0.169
6417.90141 20.013 0.111
6417.93987 20.943 0.580
6418.66249 20.715 0.195
6418.70006 20.462 0.156
6418.73755 20.345 0.119
6418.77514 20.732 0.167
6418.82446 20.357 0.101
6418.86419 20.473 0.123
6418.91154 20.595 0.143
6419.66108 20.275 0.170
6419.71135 20.344 0.112
6419.74941 20.409 0.114
6419.78826 20.338 0.133
6419.83950 20.362 0.130
6419.88713 20.816 0.186
6419.92515 20.785 0.180
6420.61608 20.124 0.121
6420.65354 20.539 0.131
6420.69112 20.363 0.097
6420.72894 20.381 0.085
6420.76485 20.243 0.087
6420.82460 20.500 0.107
6420.86335 20.524 0.117
6420.91230 20.286 0.092
6421.79272 20.370 0.106
6421.83344 20.523 0.151
6421.89201 20.440 0.178
6422.68485 20.342 0.108
6422.73711 20.939 0.178
6422.77494 20.312 0.107
6422.89724 20.983 0.434
6423.64705 19.761 0.088
6423.75200 20.914 0.251
6423.81604 20.337 0.135
6423.85462 20.437 0.131
6423.89328 20.386 0.134
6423.93133 20.216 0.130
6424.65490 20.492 0.144
6424.69537 20.323 0.115
6424.75472 20.254 0.097
6424.80564 20.364 0.104
6424.84906 20.474 0.142
6424.89054 20.389 0.136
6426.61233 20.499 0.143
6426.65302 20.342 0.122
6426.72914 20.454 0.103
6426.80072 20.379 0.136
6426.85241 20.242 0.094
6426.89352 20.425 0.126
6426.93417 20.709 0.223
6427.77903 20.694 0.196
6427.89503 20.681 0.202
6428.64515 20.598 0.222
6428.69463 20.044 0.118
6428.73611 21.450 0.391
6428.78665 20.744 0.176
6428.84062 20.586 0.208
6428.88319 20.431 0.155
6428.92354 20.493 0.219
6429.94810 19.415 0.149
6431.63719 20.975 0.333
6431.68365 20.267 0.138
6431.73421 20.549 0.129
6431.78637 20.475 0.142
6431.82799 20.487 0.137
6431.86829 20.797 0.208
6431.90896 20.434 0.183
6432.58958 21.454 0.648
6432.66534 21.071 0.278
6432.70828 20.301 0.126
6432.76764 20.637 0.175
6432.80952 20.306 0.118
6432.84956 20.518 0.158
6432.89028 20.151 0.148
6432.93079 20.632 0.247
6433.61379 20.280 0.170
6433.65424 20.149 0.120
6433.69488 20.265 0.120
6433.74475 20.355 0.176
6433.79641 20.649 0.221
6433.84986 20.138 0.109
6434.61405 20.323 0.188
6434.65430 20.769 0.219
6434.69655 20.612 0.169
6434.74604 20.464 0.136
6434.79768 20.460 0.146
6434.83896 20.277 0.141
6434.88689 20.452 0.174
6434.93251 20.021 0.152
6435.58318 19.771 0.133
6435.64468 20.559 0.178
6435.68468 20.479 0.173
6435.73710 20.610 0.168
6435.78804 20.231 0.132
6435.83024 20.156 0.123
6435.87402 20.492 0.182
6435.91597 20.418 0.148
6436.58403 20.124 0.168
6436.63068 20.215 0.142
6436.67370 20.615 0.186
6436.71539 20.723 0.217
6436.77908 20.475 0.168
6436.81987 20.198 0.151
6436.86164 19.859 0.113
6436.90308 20.130 0.142
6436.94504 19.672 0.163
6441.64459 20.293 0.270
6441.72625 20.824 0.285
6441.77826 21.718 0.718
6441.87464 20.513 0.252
6441.91640 20.246 0.229
6442.56576 20.745 0.205
6442.61118 20.304 0.115
6442.65119 20.419 0.123
6442.69125 20.649 0.148
6442.75339 20.453 0.119
6442.79511 20.377 0.105
6442.83549 20.271 0.108
6442.87531 20.210 0.105
6442.91513 20.346 0.173
6443.59447 20.107 0.157
6443.67409 20.493 0.155
6443.75567 21.628 0.611
6443.82416 20.671 0.310
6444.76114 20.342 0.140
6444.81436 20.502 0.172
6444.85525 20.837 0.208
6444.89700 20.212 0.143
6445.57054 21.307 0.464
6445.62587 20.106 0.104
6445.68420 20.579 0.139
6445.72914 20.360 0.131
6445.78802 20.209 0.117
6445.83362 20.146 0.120
6445.87878 20.550 0.186
6445.92632 20.419 0.196
6446.57104 20.345 0.114
6446.61669 20.390 0.108
6446.65801 20.471 0.113
6446.70972 20.602 0.126
6446.76520 20.491 0.126
6446.80553 20.400 0.101
6446.84811 20.639 0.147
6446.91543 20.612 0.188
6447.54516 20.574 0.196
6447.59286 20.786 0.183
6447.63195 20.211 0.100
6447.67265 20.179 0.094
6447.73246 20.127 0.090
6447.77740 20.375 0.123
6447.81911 20.665 0.148
6447.85923 20.734 0.169
6447.89981 20.225 0.126
6448.58170 20.462 0.162
6448.62187 20.440 0.146
6448.66230 20.411 0.128
6448.71297 20.469 0.136
6448.76535 20.507 0.123
6448.80691 20.502 0.123
6448.84832 20.188 0.110
6448.88887 21.234 0.436
6448.92465 20.348 0.307
6449.58094 20.401 0.141
6449.62192 20.976 0.245
6449.66516 20.722 0.180
6449.70549 20.468 0.123
6449.76705 20.345 0.126
6449.80816 20.660 0.179
6449.84901 20.548 0.175
6449.88948 20.551 0.237
6450.57249 20.199 0.125
6450.61524 20.153 0.107
6450.65825 20.644 0.134
6450.70732 20.362 0.094
6450.75793 20.555 0.127
6450.79960 20.608 0.139
6450.84038 20.367 0.134
6450.88562 20.100 0.122
6451.57521 20.520 0.188
6451.62052 20.181 0.130
6451.66093 20.652 0.183
6451.71290 20.162 0.105
6451.76532 20.391 0.118
6451.80561 20.528 0.196
6451.84652 20.822 0.240
6451.88925 20.076 0.138
6452.53601 20.754 0.182
6452.57613 20.651 0.158
6452.62508 20.299 0.081
6452.66577 20.219 0.090
6452.75698 20.514 0.107
6452.81789 20.299 0.098
6452.86056 20.671 0.159
6452.90353 20.113 0.128
6454.54439 20.668 0.228
6454.59217 20.484 0.144
6454.63466 20.410 0.123
6454.67536 20.390 0.111
6454.73708 20.334 0.110
6454.77850 20.509 0.126
6454.81963 20.431 0.145
6454.86025 20.121 0.117
6454.90109 20.015 0.104
6455.53188 20.778 0.260
6455.59495 20.239 0.121
6455.70173 20.549 0.148
6455.80201 20.709 0.191
6456.55840 20.724 0.138
6456.60079 20.173 0.069
6456.64196 20.229 0.070
6456.69363 20.427 0.088
6456.74591 20.439 0.104
6456.78718 20.258 0.108
6456.82819 20.290 0.106
6456.89879 20.794 0.175
6457.68506 20.300 0.102
6457.72208 20.210 0.084
6457.77424 20.182 0.086
6457.81564 20.238 0.111
6457.85663 20.379 0.134
6457.89229 20.789 0.237
6458.55773 20.195 0.157
6458.59897 20.235 0.128
6458.64018 20.741 0.164
6458.68078 20.697 0.170
6458.73341 20.332 0.129
6458.78405 20.632 0.155
6458.82490 20.073 0.095
6458.86590 20.198 0.139
6459.55105 21.141 0.323
6459.59201 20.160 0.110
6459.63488 20.317 0.110
6459.68670 20.449 0.113
6459.74311 20.588 0.114
6459.78394 20.570 0.148
6459.82469 20.171 0.107
6459.86558 20.457 0.150
6460.60961 20.565 0.192
6460.66501 20.267 0.113
6460.75079 20.748 0.233
6460.83650 20.368 0.138
6461.53504 20.365 0.199
6461.58085 20.746 0.203
6461.62228 20.110 0.114
6461.66706 20.633 0.179
6461.72391 20.290 0.157
6461.78525 20.931 0.210
6461.83680 20.272 0.105
6461.88717 20.298 0.144
6462.61061 20.308 0.193
6462.65222 20.686 0.176
6462.70435 20.519 0.222
6462.83127 20.050 0.111
6462.87221 20.353 0.180
6463.50553 21.016 0.540
6463.56615 20.468 0.190
6463.60531 21.209 0.407
6463.64651 20.416 0.184
6463.70180 20.182 0.156
6463.75532 20.133 0.120
6463.79661 20.664 0.214
6463.83779 20.252 0.138
6463.87211 20.195 0.145
6464.53135 20.404 0.338
6464.61404 19.951 0.139
6464.65445 20.757 0.311
6464.70212 20.934 0.306
6464.75431 20.314 0.179
6464.80517 20.404 0.203
6464.84682 20.230 0.180
6468.52949 20.035 0.161
6468.57186 20.494 0.176
6468.61198 20.563 0.194
6468.65314 19.994 0.115
6468.68233 20.702 0.231
6468.72524 20.743 0.253
6468.77572 20.208 0.151
6469.50444 20.390 0.196
6469.55389 20.027 0.124
6469.59410 19.996 0.110
6469.63426 20.563 0.147
6469.69963 20.377 0.161
6469.74124 20.508 0.182
6469.78171 20.512 0.215
6469.85437 21.677 1.352
6471.60802 19.938 0.115
6471.64969 20.027 0.135
6471.78589 20.105 0.247
6472.61926 20.632 0.243
6472.65573 20.537 0.172
6472.70854 20.897 0.218
6472.76019 20.421 0.148
6472.80075 20.297 0.134
6472.84136 20.056 0.160
6473.55079 19.867 0.115
6473.59304 20.292 0.120
6473.63338 20.483 0.104
6473.68549 20.462 0.132
6473.73632 20.515 0.143
6473.77740 20.651 0.184
6473.81778 20.199 0.139
6473.85842 20.836 0.353
6474.49539 19.682 0.101
6474.53991 20.391 0.188
6474.58007 20.330 0.127
6474.62540 20.381 0.149
6474.66676 20.593 0.172
6474.72098 20.656 0.202
6474.77078 20.508 0.167
6474.81112 21.003 0.466
6474.85134 20.413 0.229
6475.48702 20.039 0.141
6475.50725 20.061 0.119
6475.52984 21.274 0.461
6475.55037 20.369 0.151
6475.57196 19.854 0.095
6475.59936 20.831 0.192
6475.63318 20.469 0.118
6475.65846 20.834 0.180
6475.68428 20.165 0.099
6475.71164 20.393 0.151
6475.73341 20.422 0.137
6475.77371 20.698 0.205
6475.79413 20.497 0.153
6475.81583 20.416 0.185
6475.85531 21.043 0.378
6476.49989 20.528 0.222
6476.54062 20.441 0.176
6476.58147 20.550 0.172
6476.62284 20.302 0.114
6476.68829 20.563 0.160
6476.72917 19.961 0.097
6476.76995 20.047 0.095
6476.81048 19.906 0.098
6477.49018 20.209 0.138
6477.53396 20.345 0.131
6477.57513 20.470 0.130
6477.61581 20.735 0.186
6477.68165 19.954 0.094
6477.72244 20.209 0.121
6477.76298 20.020 0.123
6477.80408 20.769 0.308
6478.53144 20.752 0.230
6478.57175 20.713 0.206
6478.61194 20.434 0.132
6478.66772 20.751 0.257
6479.56620 21.266 0.301
6479.60714 20.222 0.106
6479.64942 20.055 0.089
6479.70396 20.980 0.312
6479.72529 21.013 0.295
6479.76121 20.389 0.164
6479.79461 20.530 0.183
6479.82624 20.354 0.194
6480.53016 20.302 0.178
6480.57357 20.318 0.138
6480.61415 20.485 0.207
6480.67664 20.169 0.104
6480.71681 20.515 0.213
6480.75753 20.575 0.157
6480.79905 20.427 0.159
6481.47023 21.549 0.551
6481.51131 20.204 0.170
6481.55436 21.235 0.322
6481.59594 20.258 0.131
6481.61056 20.617 0.184
6481.71349 20.514 0.199
6481.75453 20.090 0.131
6481.79825 19.983 0.121
6482.73878 20.993 0.344
6482.76071 20.152 0.153
6482.77157 20.496 0.218
6483.58267 20.649 0.174
6483.63563 20.104 0.097
6483.78363 20.052 0.151
6483.82531 19.819 0.133
6484.49497 20.364 0.166
6484.53542 20.133 0.117
6485.47009 20.606 0.222
6485.51412 20.171 0.126
6485.56138 20.475 0.160
6485.64022 20.401 0.096
6485.70275 20.660 0.144
6485.74558 20.178 0.092
6485.79162 20.740 0.242
6486.47200 20.260 0.141
6486.51449 20.300 0.136
6486.56083 20.569 0.141
6486.61107 20.180 0.095
6486.67198 20.552 0.137
6486.72485 20.583 0.174
6486.76992 20.715 0.166
6486.81360 20.289 0.133
6487.47019 20.351 0.137
6487.51440 20.524 0.151
6487.56046 20.502 0.113
6487.60166 20.635 0.117
6487.67440 20.260 0.103
6487.71571 20.228 0.082
6487.75888 20.459 0.131
6487.80421 19.981 0.086
6489.52223 20.173 0.126
6489.56444 20.502 0.166
6489.61098 20.173 0.086
6489.67645 20.612 0.229
6489.71866 19.858 0.103
6489.76535 19.812 0.103
6490.49392 19.403 0.062
6490.53470 19.453 0.063
6490.57591 19.339 0.053
6490.63584 19.241 0.046
6490.68103 19.394 0.051
6490.72167 19.589 0.066
6490.76567 19.581 0.062
6491.46154 19.328 0.136
6491.48185 19.552 0.093
6491.50420 19.218 0.063
6491.52479 19.433 0.079
6491.54954 19.143 0.052
6491.58651 19.522 0.070
6491.60953 19.392 0.056
6491.64381 19.473 0.073
6491.67565 19.506 0.070
6491.68115 19.474 0.072
6491.70153 19.335 0.054
6491.72341 19.398 0.055
6491.74341 19.569 0.067
6491.76574 19.393 0.060
6491.78586 19.471 0.072
6492.46333 19.990 0.225
6492.47763 19.667 0.112
6492.49355 19.531 0.110
6492.51058 19.595 0.094
6492.52477 19.558 0.093
6492.54008 19.661 0.093
6492.55537 19.485 0.075
6492.57089 19.437 0.061
6492.59032 19.399 0.064
6492.60553 19.432 0.062
6492.65526 19.369 0.085
6492.68360 19.339 0.066
6492.69894 19.402 0.068
6492.72717 19.376 0.077
6492.77090 19.909 0.177
6496.49888 20.267 0.196
6496.53897 19.979 0.160
6496.57932 20.051 0.197
6496.76947 20.005 0.226
6496.78424 19.694 0.169
6497.58355 19.978 0.130
6497.63598 19.994 0.131
6497.68658 20.145 0.159
6497.72771 20.211 0.184
6497.76846 19.988 0.154
6498.46937 20.168 0.109
6498.51291 20.184 0.087
6498.55802 20.395 0.099
6498.60261 20.169 0.098
6498.64957 20.471 0.146
6498.69238 20.415 0.149
6498.73568 20.052 0.105
6498.78122 20.395 0.189
6499.48354 19.941 0.102
6499.52733 20.159 0.093
6499.57003 20.448 0.143
6500.53935 19.961 0.140
6500.60852 20.287 0.211
6500.73220 20.078 0.165
6501.55932 20.133 0.143
6501.62000 20.397 0.126
6501.66541 20.191 0.109
6501.70782 20.266 0.123
6501.75074 20.349 0.191
6504.60877 20.323 0.168
6504.63079 20.744 0.218
6504.64955 20.563 0.189
6504.69301 20.259 0.130
6504.73576 20.546 0.211
6505.48710 20.139 0.126
6505.54815 20.462 0.153
6505.62201 20.844 0.224
6505.66287 20.359 0.134
6505.70459 19.928 0.107
6505.74670 20.311 0.187
6506.47749 21.091 0.383
6506.58519 20.471 0.199
6506.66086 20.303 0.151
6506.72250 20.352 0.187
6506.76362 20.514 0.315
6507.66432 20.595 0.247
6507.72138 20.224 0.192
6508.48015 20.242 0.162
6508.53908 20.742 0.172
6508.58303 20.520 0.162
6508.63011 20.269 0.098
6508.67208 20.573 0.145
6508.73150 20.292 0.125
6509.54375 20.352 0.108
6509.59559 20.414 0.096
6509.63768 20.224 0.092
6509.67899 20.184 0.101
6509.72152 20.343 0.125
6510.51321 20.240 0.099
6510.56576 20.508 0.111
6510.61162 20.164 0.088
6510.65367 20.428 0.111
6510.72386 20.320 0.151
6511.47536 20.039 0.123
6511.54329 20.739 0.186
6511.61374 20.112 0.126
6511.66873 20.160 0.110
6511.71815 20.398 0.138
6512.72057 20.063 0.132
6514.47645 20.255 0.164
6514.53770 20.329 0.138
6514.62222 20.563 0.137
6514.67321 20.515 0.118
6514.72826 20.643 0.158
6515.49087 20.232 0.105
6515.56195 20.091 0.088
6515.62460 20.251 0.090
6515.71341 20.157 0.083
6516.47843 20.414 0.200
6516.54837 20.478 0.172
6516.61624 20.414 0.114
6516.67062 20.894 0.273
6518.51373 20.309 0.114
6518.57661 20.031 0.085
6518.62882 20.302 0.111
6518.67604 20.194 0.105
6518.72220 20.452 0.148
6519.50966 20.151 0.096
6519.58165 20.503 0.150
6519.62970 20.555 0.152
6519.68208 20.298 0.124
6519.72903 20.083 0.136
6523.51411 20.454 0.155
6523.55257 20.380 0.149
6523.58987 20.186 0.116
6523.62896 19.955 0.118
6523.66954 20.408 0.225
6524.48735 20.236 0.156
6524.53609 20.486 0.233
6524.58363 20.227 0.134
6524.63198 20.246 0.142
6525.48801 20.146 0.182
6525.53797 20.515 0.243
6525.58522 20.509 0.249
6525.64087 21.154 0.533
6526.63147 21.136 0.360
6527.57326 20.467 0.281
6528.56660 20.079 0.156
6529.56724 20.285 0.177
6529.60869 20.621 0.253
6529.65156 20.143 0.174
6531.47563 21.043 0.386
6531.53481 20.704 0.211
6531.59652 20.779 0.213
6531.64401 19.978 0.108
6532.47737 20.415 0.160
6532.53315 20.364 0.117
6532.57648 20.211 0.105
6532.63605 19.845 0.091
6533.48837 20.247 0.146
6533.54732 20.537 0.193
6533.60785 20.379 0.130
6534.50601 20.432 0.196
6534.56812 20.450 0.159
6534.60954 20.662 0.182
6534.65245 20.018 0.122
6535.58543 20.215 0.179
6536.49036 20.319 0.137
6536.59009 20.296 0.101
6536.63260 20.302 0.119
6538.48919 19.810 0.074
6538.52728 20.790 0.184
6538.57499 20.603 0.178
6538.58196 20.341 0.148
6539.47819 20.198 0.131
6539.52958 20.339 0.107
6539.57876 20.670 0.166
6539.63830 20.440 0.148
6541.47563 20.980 0.262
6541.52541 20.978 0.248
6541.58911 20.384 0.121
6543.53269 20.860 0.211
6543.58419 20.591 0.159
6543.62853 21.187 0.319
6544.52006 19.810 0.100
6544.57063 20.408 0.133
6545.48259 20.831 0.213
6545.52805 20.267 0.093
6545.57312 20.419 0.145
6545.61902 20.453 0.167
6546.49045 21.639 0.761
6546.55862 20.413 0.243
6546.61285 20.601 0.255
6547.58559 20.248 0.340
6551.48418 21.023 0.484
6551.57389 20.079 0.176
6552.57760 20.288 0.211
6555.54540 20.418 0.256
6555.59713 20.460 0.196
6556.61540 20.267 0.211
6558.49349 20.390 0.115
6558.53758 20.718 0.169
6558.58133 20.410 0.145
6559.53688 20.327 0.127
6559.57704 20.125 0.121
6560.48453 21.383 0.523
6560.53787 20.414 0.150
6560.58671 20.219 0.197
6561.54179 20.286 0.142
6562.49695 20.327 0.149
6562.54411 20.241 0.140
6562.59102 20.583 0.155
6563.57012 20.477 0.205
6564.50841 21.241 0.486
6564.54945 20.511 0.166
6564.59415 19.979 0.126
6565.52091 20.170 0.136
6565.57172 21.376 0.425
6567.49848 21.217 0.551
6567.55988 20.127 0.159
6568.49974 20.636 0.332
6568.54622 20.600 0.289
6568.59015 20.121 0.152
6569.50525 20.738 0.184
6569.54633 20.235 0.111
6569.58738 20.128 0.109
6570.50102 20.377 0.201
6570.56517 20.279 0.189
6571.53075 20.957 0.348
6571.57762 20.057 0.146
6572.49901 21.470 0.548
6572.55920 20.918 0.288
6573.47963 20.935 0.500
6573.52487 20.314 0.163
6573.56966 20.609 0.218
6573.57832 20.954 0.301
6577.50782 20.540 0.312
6577.54921 19.943 0.187
6578.48440 20.711 0.457
6578.53342 19.672 0.107
6579.51037 20.372 0.188
6579.56009 20.921 0.440
6581.48588 20.180 0.306
6581.53207 20.078 0.157
6582.49710 20.051 0.174
6582.55157 20.810 0.278
6583.54815 20.911 0.523
6584.50399 19.826 0.148
6584.55002 20.109 0.247
6585.50608 19.978 0.158
6585.55070 19.732 0.162
6586.51800 21.242 0.478
6590.50000 20.348 0.212
6593.52398 20.773 0.335
6595.50186 20.252 0.291
