2125.62800 19.386 0.228
2129.70367 19.679 0.137
2132.64521 19.268 0.098
2136.55029 19.423 0.164
2141.56105 19.647 0.141
2144.65011 19.458 0.120
2160.61881 19.076 0.100
2169.53258 19.663 0.261
2175.65680 20.278 0.616
2188.50814 20.059 0.329
2211.51254 19.536 0.258
2332.88065 19.810 0.261
2347.84450 19.212 0.089
2357.87202 19.587 0.139
2372.85993 19.414 0.118
2383.88568 19.500 0.132
2388.80265 19.648 0.180
2390.83199 19.584 0.132
2397.71224 19.618 0.141
2401.84141 19.585 0.138
2403.91842 19.635 0.148
2405.90580 19.580 0.147
2411.74608 19.231 0.095
2414.91620 19.709 0.256
2416.86321 19.648 0.183
2424.83426 19.224 0.127
2428.85918 19.423 0.153
2432.87264 19.511 0.251
2434.75753 19.556 0.113
2436.80630 19.638 0.161
2438.76703 19.630 0.135
2441.74477 19.599 0.129
2445.65007 19.523 0.115
2448.67532 19.583 0.160
2455.70900 19.246 0.123
2459.65509 19.905 0.196
2463.56042 19.628 0.145
2466.66251 19.482 0.131
2468.69265 19.463 0.108
2470.67523 19.417 0.111
2472.70336 18.829 0.062
2481.57686 18.945 0.119
2484.63939 19.073 0.095
2486.73146 19.192 0.139
2490.69967 19.480 0.135
2493.66121 19.110 0.124
2495.76526 19.455 0.173
2498.52666 19.516 0.096
2500.57119 19.618 0.129
2502.58236 19.672 0.151
2508.68279 19.552 0.200
2512.62916 19.758 0.220
2517.58296 19.691 0.189
2520.59835 19.650 0.157
2528.50366 19.703 0.203
2538.51007 19.749 0.196
2542.53735 19.454 0.176
2552.51128 19.733 0.225
2556.59539 19.851 0.284
2563.50980 19.371 0.128
2575.53749 19.967 0.320
2707.88242 19.561 0.121
2714.91783 19.612 0.227
2729.85165 19.350 0.161
2734.79211 19.045 0.073
2744.92949 19.625 0.212
2753.90337 19.575 0.185
2757.81578 19.508 0.148
2761.83289 19.384 0.133
2767.81101 19.617 0.203
2775.73737 19.529 0.296
2783.84139 19.565 0.132
2785.77991 19.664 0.164
2787.61733 19.540 0.160
2789.77407 19.545 0.125
2791.73050 19.508 0.125
2794.94448 19.532 0.196
2796.84427 19.599 0.123
2797.90550 19.549 0.159
2809.73342 19.534 0.173
2811.66053 20.484 0.579
2812.73226 19.503 0.161
2813.84584 19.820 0.203
2814.76511 19.682 0.167
2816.62984 19.550 0.125
2818.60107 19.587 0.119
2820.81503 19.539 0.127
2826.77125 19.843 0.196
2835.66528 19.720 0.216
2837.65218 19.383 0.242
2839.72473 19.338 0.137
2841.73401 19.354 0.115
2843.67060 19.501 0.132
2845.67118 19.475 0.137
2850.53925 19.587 0.134
2852.55163 19.998 0.352
2854.55536 19.540 0.163
2858.69836 18.750 0.072
2862.61106 18.813 0.112
2865.71465 18.755 0.127
2868.60088 18.993 0.076
2876.59716 19.808 0.199
2879.64744 19.298 0.102
2892.66622 19.617 0.258
2895.63992 19.460 0.117
2900.56814 19.706 0.200
2906.52004 19.278 0.146
2911.54417 19.604 0.160
2918.56820 19.583 0.191
2930.58916 19.328 0.151
3059.82435 18.863 0.079
3064.84114 19.073 0.163
3068.79498 19.007 0.132
3070.87361 19.108 0.098
3073.82972 19.595 0.153
3075.86778 19.606 0.157
3080.77203 19.275 0.121
3082.89569 19.359 0.101
3085.83030 19.567 0.129
3086.90371 19.523 0.117
3088.82286 19.139 0.081
3090.73598 19.439 0.120
3096.89117 19.429 0.157
3098.91828 19.718 0.142
3100.90508 19.335 0.104
3101.76309 19.822 0.235
3103.79608 19.676 0.155
3104.85469 19.565 0.229
3106.86797 19.409 0.165
3108.78849 19.320 0.091
3109.84743 19.389 0.107
3110.85383 19.492 0.134
3112.83912 19.487 0.122
3114.80374 19.655 0.121
3116.89166 19.658 0.168
3122.92971 19.488 0.190
3125.89428 19.652 0.228
3127.83767 19.682 0.185
3128.83964 19.044 0.082
3130.72084 19.354 0.139
3131.68736 19.705 0.231
3134.83496 19.705 0.320
3135.91898 19.565 0.151
3138.67330 19.402 0.130
3139.89849 19.665 0.154
3140.89805 19.600 0.138
3142.78707 19.563 0.123
3144.80714 19.669 0.156
3146.84045 19.537 0.155
3151.77006 19.721 0.180
3151.92600 19.828 0.214
3152.77493 19.531 0.131
3153.77833 19.608 0.169
3154.84261 19.011 0.135
3156.88341 19.443 0.138
3162.59326 19.664 0.229
3163.77421 19.350 0.121
3164.75645 19.608 0.150
3164.88947 19.928 0.250
3165.73005 19.576 0.107
3168.87821 19.498 0.134
3169.74623 19.452 0.130
3170.83119 19.554 0.121
3171.80245 19.590 0.110
3172.77340 19.942 0.196
3173.87141 19.694 0.191
3174.73020 19.652 0.109
3175.73892 19.628 0.130
3177.77943 19.502 0.193
3179.52419 19.525 0.134
3179.90348 19.343 0.137
3180.74521 19.706 0.123
3182.80589 19.518 0.131
3183.76086 19.790 0.194
3184.72193 19.471 0.114
3185.72543 18.972 0.081
3193.55688 19.363 0.116
3194.56851 19.720 0.193
3195.70007 19.641 0.126
3195.82064 19.768 0.143
3196.62153 19.605 0.126
3197.54629 19.533 0.130
3197.84972 19.635 0.203
3199.64342 19.642 0.118
3202.53773 19.658 0.140
3203.68183 19.576 0.108
3204.67376 19.641 0.114
3205.53265 19.395 0.094
3206.73801 19.073 0.083
3209.67250 19.589 0.153
3210.65804 19.610 0.118
3211.62852 19.635 0.144
3217.67272 19.661 0.176
3218.67101 19.711 0.208
3219.63306 19.886 0.284
3223.67222 19.883 0.261
3224.72032 19.742 0.172
3226.64299 19.388 0.130
3228.62153 18.992 0.071
3229.65403 19.252 0.088
3230.68753 19.573 0.116
3231.59152 19.503 0.115
3232.62799 19.856 0.217
3238.63983 19.727 0.193
3239.71884 19.700 0.183
3240.49201 19.781 0.198
3241.67465 19.437 0.153
3246.68153 19.598 0.210
3247.60071 19.517 0.193
3249.54818 19.563 0.160
3250.67919 19.380 0.159
3253.64844 19.833 0.207
3256.65843 19.518 0.175
3260.56817 19.525 0.138
3265.49865 19.477 0.173
3267.55231 19.281 0.118
3272.61026 19.633 0.180
3275.50430 18.948 0.244
3278.62018 19.442 0.155
3282.49964 19.528 0.140
3288.56600 19.800 0.160
3293.53661 18.686 0.049
3295.54511 18.447 0.031
3300.53041 19.017 0.115
3312.53123 19.420 0.185
3417.86531 19.774 0.132
3422.89162 19.781 0.147
3426.88269 19.076 0.086
3429.86773 19.667 0.155
3432.90801 19.534 0.205
3442.91056 19.354 0.117
3445.82359 19.558 0.098
3447.87389 19.935 0.175
3449.89078 19.348 0.087
3452.90793 19.404 0.087
3453.77979 19.443 0.156
3455.85042 19.478 0.183
3456.86151 19.643 0.116
3457.77917 19.440 0.135
3458.82274 19.525 0.127
3459.79735 19.595 0.139
3467.90011 19.623 0.117
3469.80975 19.436 0.095
3470.84995 19.491 0.085
3472.78113 19.631 0.117
3473.87615 19.886 0.198
3474.84857 19.510 0.110
3477.78513 19.579 0.114
3478.89939 18.767 0.061
3480.85135 18.752 0.060
3481.85537 18.658 0.044
3483.79567 18.828 0.063
3496.74953 19.211 0.099
3497.81734 19.484 0.132
3498.93853 19.710 0.204
3499.74601 19.398 0.101
3500.75059 19.709 0.133
3501.86412 19.421 0.115
3502.69691 19.479 0.091
3503.70973 19.208 0.079
3504.72410 19.448 0.123
3506.81302 19.644 0.167
3508.80597 19.872 0.185
3509.70934 19.598 0.114
3511.69609 19.593 0.185
3512.76506 19.468 0.131
3517.80551 19.461 0.154
3520.84069 19.655 0.139
3521.65983 19.719 0.122
3522.77010 19.723 0.141
3523.80477 19.416 0.095
3524.79247 19.732 0.185
3525.77213 19.564 0.114
3526.85747 19.496 0.115
3528.57607 19.643 0.152
3530.80152 18.911 0.057
3537.76936 19.449 0.108
3538.69885 19.510 0.100
3540.67277 19.584 0.136
3544.75285 19.421 0.136
3546.87375 20.001 0.291
3547.83120 19.478 0.153
3550.65763 19.523 0.104
3551.66163 19.464 0.075
3552.69450 19.727 0.134
3553.69720 19.718 0.178
3554.68929 19.785 0.183
3555.71586 19.633 0.124
3556.74414 19.435 0.123
3558.57995 19.581 0.128
3558.85727 19.576 0.151
3559.67585 19.608 0.129
3560.62896 19.467 0.096
3561.56926 19.797 0.156
3561.83638 19.445 0.106
3562.61343 19.724 0.152
3562.83624 19.346 0.106
3563.66287 19.390 0.092
3564.55644 19.545 0.135
3569.61517 19.853 0.208
3573.68384 19.708 0.194
3573.71078 19.637 0.163
3574.71177 19.655 0.168
3575.65066 19.630 0.111
3575.79584 19.496 0.134
3576.71308 19.325 0.102
3577.76143 19.469 0.104
3578.69808 18.835 0.055
3579.64340 19.144 0.078
3580.67997 19.250 0.091
3581.69632 19.097 0.068
3582.62210 19.522 0.100
3583.65870 19.519 0.113
3584.66747 19.932 0.161
3585.66555 19.646 0.103
3586.68993 19.560 0.095
3588.74804 19.623 0.124
3589.70935 19.668 0.116
3590.70547 19.600 0.126
3592.67789 19.672 0.110
3597.66387 19.692 0.185
3601.68181 19.453 0.122
3602.68200 19.341 0.137
3603.66213 19.535 0.145
3607.66058 19.630 0.119
3608.67661 20.178 0.243
3615.60384 19.706 0.134
3618.60742 19.710 0.140
3620.57066 19.364 0.087
3628.57270 19.078 0.111
3630.58672 19.353 0.130
3632.61419 20.165 0.326
3634.51759 19.928 0.165
3639.52342 19.496 0.096
3641.57012 19.745 0.195
3644.53494 19.543 0.118
3649.51556 19.583 0.137
3651.57643 19.603 0.177
3655.54162 19.306 0.122
3657.53479 19.478 0.149
3659.53656 19.273 0.160
3662.54108 19.099 0.160
3665.51151 19.056 0.105
3671.51444 18.722 0.098
3777.84586 19.255 0.145
3782.88185 19.267 0.097
3785.84348 19.486 0.137
3788.87989 19.412 0.140
3791.89011 19.589 0.163
3794.86754 19.525 0.117
3796.85629 18.840 0.067
3797.85919 19.190 0.077
3798.90713 19.531 0.208
3801.83077 19.668 0.167
3803.81976 19.493 0.125
3804.86702 19.682 0.133
3805.90758 19.517 0.141
3807.89891 19.382 0.095
3809.81028 19.503 0.117
3811.88879 19.461 0.117
3813.76912 19.259 0.114
3817.90828 19.567 0.185
3819.76971 19.680 0.107
3820.87390 19.525 0.102
3821.88393 19.591 0.106
3822.78296 19.697 0.177
3823.89590 19.517 0.112
3824.88874 19.816 0.186
3826.89323 19.516 0.128
3828.89563 19.876 0.182
3829.88233 19.584 0.122
3832.88551 19.329 0.107
3833.86020 19.419 0.099
3834.90142 19.590 0.140
3835.84483 19.660 0.106
3836.85727 19.466 0.107
3837.83990 19.453 0.123
3838.84382 19.407 0.118
3839.85586 19.595 0.199
3840.84708 19.684 0.140
3841.82593 19.837 0.168
3845.83188 18.848 0.084
3846.83881 19.110 0.078
3848.85438 19.525 0.126
3849.86765 19.498 0.111
3850.80366 19.575 0.129
3851.81008 19.759 0.164
3852.79855 19.608 0.129
3853.79125 19.516 0.086
3856.78007 19.737 0.160
3858.84399 19.541 0.139
3860.83472 20.033 0.259
3861.84905 19.530 0.108
3862.79304 19.620 0.110
3863.73334 19.588 0.112
3864.79386 19.615 0.097
3865.75826 19.507 0.142
3866.78674 19.408 0.098
3867.72355 19.636 0.146
3868.79030 19.553 0.153
3869.77665 19.335 0.131
3873.77803 19.607 0.125
3874.82163 19.562 0.136
3875.73662 19.524 0.090
3877.76617 19.400 0.094
3880.76342 18.686 0.051
3881.77158 18.577 0.043
3882.70965 18.628 0.057
3883.75114 18.710 0.048
3886.72206 18.897 0.065
3887.70499 18.867 0.056
3889.86652 18.960 0.067
3891.59227 19.227 0.104
3892.86989 19.391 0.103
3893.75185 19.311 0.141
3894.79157 19.187 0.116
3896.74590 19.376 0.126
3900.64277 19.690 0.229
3901.65461 19.106 0.096
3902.67244 19.224 0.104
3903.80518 19.441 0.113
3904.65215 19.388 0.087
3905.65915 19.382 0.083
3906.64081 19.387 0.102
3907.70618 19.608 0.174
3908.64035 19.738 0.113
3909.64476 19.433 0.089
3912.64512 19.571 0.084
3913.64268 19.551 0.090
3914.67589 19.518 0.099
3915.63961 19.600 0.106
3916.72128 19.632 0.141
3917.73413 19.710 0.141
3918.73847 19.403 0.121
3919.66830 19.450 0.164
3920.62049 19.591 0.141
3921.63399 19.525 0.168
3930.69615 20.053 0.213
3931.61537 19.393 0.128
3931.80381 19.295 0.147
3932.64301 19.456 0.103
3933.62250 19.476 0.081
3934.59310 19.608 0.111
3935.67037 19.552 0.153
3936.62196 19.277 0.092
3936.81025 19.482 0.170
3937.73873 19.955 0.260
3938.59962 19.495 0.126
3940.74422 19.580 0.097
3944.68462 19.737 0.118
3945.63309 19.958 0.181
3946.62672 19.618 0.127
3950.64317 19.820 0.134
3951.65952 19.702 0.162
3957.63808 19.948 0.240
3958.68640 19.533 0.195
3959.61666 19.546 0.143
3960.60989 19.537 0.094
3963.57794 19.627 0.136
3964.64116 19.542 0.102
3965.62296 19.291 0.079
3966.61784 19.058 0.071
3967.64424 19.335 0.092
3968.60047 19.630 0.141
3969.60806 19.619 0.116
3970.62095 19.509 0.112
3971.65092 19.477 0.116
3973.68053 19.662 0.142
3974.61519 19.873 0.169
3975.61059 19.651 0.122
3976.60458 19.935 0.182
3979.63766 19.656 0.220
3982.66181 19.283 0.137
3987.60083 19.699 0.122
3988.63411 19.545 0.099
3990.60196 19.597 0.141
3994.55191 19.992 0.252
3996.52768 19.435 0.144
4000.61328 19.961 0.266
4002.60722 19.582 0.106
4003.56169 19.569 0.114
4005.65750 19.291 0.122
4011.54049 19.652 0.158
4015.56980 19.308 0.144
4017.54754 19.942 0.220
4019.54924 19.489 0.144
4021.55200 19.410 0.154
4024.58147 19.581 0.154
4027.49770 19.051 0.121
4029.53570 19.138 0.110
4150.87211 19.574 0.167
4155.84441 19.417 0.128
4158.80631 19.413 0.143
4159.90968 20.367 0.628
4160.83429 19.569 0.184
4162.85690 19.349 0.163
4164.89676 19.599 0.144
4166.91275 19.594 0.287
4167.82436 19.687 0.200
4169.83144 19.456 0.127
4174.84600 19.582 0.144
4176.82768 19.451 0.119
4177.88134 19.397 0.113
4179.77913 18.960 0.082
4180.82585 19.174 0.127
4181.91402 19.352 0.125
4183.79303 19.565 0.150
4184.86106 19.452 0.106
4185.84041 19.498 0.136
4190.85879 19.410 0.130
4192.87111 19.502 0.128
4193.88206 19.574 0.148
4194.90361 19.752 0.146
4196.92399 19.525 0.145
4202.87341 19.575 0.122
4203.86155 19.505 0.101
4204.86070 19.592 0.120
4205.85722 19.414 0.101
4207.86088 19.580 0.106
4208.89053 19.460 0.117
4213.85862 19.363 0.091
4215.89617 19.570 0.147
4216.81703 19.654 0.138
4217.83936 19.502 0.095
4218.88012 19.346 0.102
4219.92110 19.787 0.219
4220.86137 19.513 0.176
4222.82788 19.690 0.146
4228.81587 19.620 0.206
4229.79471 19.522 0.128
4230.78167 19.534 0.100
4231.80376 19.516 0.110
4232.81200 19.887 0.252
4234.75620 19.564 0.141
4235.78106 19.410 0.114
4238.80414 19.649 0.180
4239.90306 19.597 0.200
4243.69866 19.763 0.171
4244.86050 19.694 0.170
4245.85374 19.630 0.155
4246.90847 19.570 0.199
4250.87430 19.730 0.242
4256.71937 19.714 0.219
4258.71664 19.577 0.138
4268.62013 19.504 0.176
4269.66029 19.613 0.129
4272.71091 19.478 0.102
4273.67100 19.526 0.144
4274.65466 19.690 0.155
4275.71153 19.452 0.141
4277.61063 19.677 0.180
4278.68490 19.605 0.172
4283.63032 19.051 0.087
4284.61415 18.513 0.065
4285.62092 18.598 0.087
4286.71477 18.724 0.097
4289.66024 18.755 0.081
4290.74474 18.841 0.093
4291.73844 18.823 0.076
4292.59952 18.866 0.063
4293.62699 19.002 0.068
4294.59876 19.015 0.090
4295.62811 18.921 0.068
4296.60760 18.889 0.058
4297.60140 18.942 0.060
4298.71093 19.010 0.083
4299.67788 19.162 0.083
4300.80272 19.117 0.120
4301.48023 19.032 0.097
4302.75933 19.416 0.115
4307.59441 19.320 0.114
4310.74414 19.646 0.249
4312.64019 19.575 0.137
4315.67405 19.643 0.245
4317.62753 19.472 0.122
4319.63529 19.611 0.149
4320.73671 19.752 0.221
4326.64626 19.671 0.184
4327.67421 19.785 0.214
4328.61525 19.777 0.181
4328.74767 19.523 0.218
4329.60642 19.765 0.207
4330.58881 19.415 0.131
4331.61524 19.641 0.158
4332.62035 19.617 0.151
4333.61572 19.490 0.146
4334.60998 19.425 0.200
4338.64991 18.847 0.105
4339.61892 19.047 0.104
4340.53050 19.548 0.213
4341.61733 19.623 0.207
4342.65358 19.638 0.172
4343.63292 19.416 0.135
4344.68236 19.429 0.152
4345.63277 19.618 0.160
4346.63806 19.524 0.160
4347.65208 19.472 0.132
4349.62385 19.590 0.129
4351.62252 19.674 0.198
4357.63398 19.701 0.191
4359.60509 19.613 0.186
4367.60420 19.912 0.341
4370.60315 19.568 0.178
4372.57519 19.645 0.150
4380.58494 19.513 0.145
4515.88009 19.539 0.169
4519.85163 19.419 0.180
4520.84403 19.712 0.270
4523.84240 19.368 0.149
4524.89345 19.388 0.121
4530.88296 19.497 0.106
4534.82968 19.652 0.171
4536.83881 19.946 0.225
4538.84773 19.394 0.117
4540.87756 19.519 0.124
4542.90394 19.601 0.143
4543.86535 19.614 0.128
4544.86216 19.639 0.129
4545.87972 19.336 0.115
4546.91461 19.298 0.148
4550.85346 19.577 0.133
4551.91124 19.749 0.193
4552.90820 19.759 0.171
4556.87254 19.650 0.139
4557.89858 19.541 0.112
4558.83364 19.772 0.139
4559.86281 19.553 0.116
4560.86327 19.642 0.105
4561.85216 19.492 0.097
4564.85632 19.452 0.108
4565.84525 19.499 0.082
4566.84730 18.901 0.058
4567.85157 19.116 0.076
4568.88160 19.272 0.112
4569.86751 19.569 0.117
4570.87280 19.682 0.139
4571.83827 19.663 0.133
4572.87607 19.525 0.185
4573.85184 19.480 0.090
4574.85399 19.649 0.173
4575.86569 19.609 0.131
4579.91798 19.639 0.173
4583.83781 19.667 0.187
4586.81829 19.498 0.155
4587.85605 19.513 0.128
4588.74440 19.485 0.121
4589.77814 19.704 0.157
4590.79254 19.590 0.155
4591.76978 19.528 0.117
4592.78193 19.578 0.151
4593.76735 19.690 0.151
4594.79566 19.579 0.118
4595.78618 19.570 0.125
4596.80672 19.554 0.114
4597.80399 19.616 0.136
4598.77331 19.619 0.100
4599.75277 19.565 0.112
4600.75830 19.550 0.097
4601.76297 18.952 0.058
4602.76052 19.007 0.066
4606.75764 19.425 0.103
4606.78122 19.652 0.118
4610.88344 19.563 0.145
4611.74464 19.465 0.120
4611.93115 19.657 0.182
4616.73345 19.494 0.101
4617.90431 19.402 0.178
4622.71325 19.689 0.187
4623.79309 19.435 0.159
4624.73191 19.526 0.127
4625.71323 19.629 0.198
4626.76816 19.608 0.178
4627.69256 19.691 0.113
4628.68273 19.530 0.103
4629.74842 19.432 0.107
4630.68823 19.479 0.116
4631.70657 19.539 0.090
4632.72924 19.497 0.111
4633.86912 19.603 0.180
4639.80967 20.037 0.322
4640.78519 19.534 0.135
4641.87042 20.054 0.342
4642.70811 19.865 0.189
4643.67422 19.538 0.126
4644.75726 19.542 0.143
4645.67600 19.423 0.112
4646.64370 19.601 0.097
4647.66487 18.775 0.058
4648.65877 18.674 0.054
4648.76819 18.715 0.069
4649.64900 18.644 0.054
4650.68046 18.738 0.061
4651.69178 18.727 0.067
4652.62020 18.784 0.073
4653.61409 18.752 0.069
4654.65323 18.857 0.068
4655.61754 18.848 0.063
4656.62075 18.872 0.069
4658.77797 18.987 0.112
4660.72764 19.222 0.144
4661.61011 19.014 0.066
4666.54290 19.604 0.189
4671.66678 19.076 0.074
4672.62629 19.269 0.119
4674.65445 19.499 0.141
4677.67914 19.590 0.179
4681.68246 19.494 0.138
4682.63813 19.573 0.140
4683.63602 19.601 0.150
4684.65455 19.786 0.184
4685.68068 19.478 0.114
4686.75322 19.550 0.144
4687.66871 19.649 0.161
4688.61490 19.540 0.129
4694.69897 19.772 0.307
4697.62023 19.483 0.149
4698.64181 18.951 0.077
4700.63703 19.512 0.140
4701.61992 19.535 0.127
4702.63474 19.932 0.193
4704.69600 19.445 0.148
4708.65637 19.545 0.132
4710.67432 19.541 0.166
4720.58745 19.402 0.145
4721.62210 19.941 0.307
4724.63977 19.463 0.219
4725.65571 19.524 0.227
4726.61594 19.611 0.235
4733.58015 19.483 0.169
4738.54028 19.519 0.163
4741.62235 19.414 0.135
4755.56140 19.816 0.301
4763.50359 19.091 0.129
4876.87634 19.495 0.157
4883.86214 19.775 0.219
4885.90237 19.336 0.232
4886.82252 19.346 0.135
4886.82908 19.677 0.184
4888.85659 19.499 0.137
4892.85067 19.513 0.135
4898.82092 18.532 0.069
4901.82378 18.669 0.066
4902.91266 18.669 0.076
4903.87116 18.660 0.055
4905.86757 18.829 0.089
4912.85234 19.045 0.060
4914.89840 19.340 0.100
4924.74816 19.663 0.142
4925.86588 19.467 0.091
4928.75614 19.484 0.134
4930.80021 19.565 0.168
4931.84466 19.473 0.131
4932.85319 19.415 0.102
4933.84807 19.476 0.136
4934.70637 19.188 0.214
4934.90390 19.464 0.232
4938.82799 19.408 0.157
4940.76950 19.595 0.133
4941.80524 19.106 0.083
4942.74830 19.116 0.075
4944.75063 19.453 0.123
4945.80373 19.452 0.088
4950.86352 19.380 0.091
4953.84291 19.412 0.123
4954.81257 19.732 0.134
4955.80397 20.027 0.215
5260.89178 19.552 0.083
5261.82270 19.531 0.080
5262.86030 19.475 0.255
5265.87881 19.654 0.101
5266.82506 19.546 0.093
5267.85232 19.470 0.087
5268.85473 19.594 0.081
5269.81840 19.491 0.064
5270.82406 19.680 0.088
5271.81959 19.665 0.087
5272.82474 19.840 0.111
5273.80973 19.648 0.088
5274.82830 19.588 0.083
5275.81457 19.612 0.093
5276.79275 19.657 0.092
5277.84878 19.573 0.085
5278.82485 19.532 0.104
5279.82612 19.552 0.110
5280.83272 19.529 0.067
5281.81267 19.563 0.077
5282.83541 19.620 0.080
5283.79542 19.713 0.115
5283.88687 19.647 0.074
5284.80111 19.546 0.104
5285.79190 19.521 0.101
5285.92239 19.499 0.164
5286.80759 19.624 0.138
5287.86076 19.592 0.082
5288.78611 19.608 0.113
5289.83801 19.581 0.103
5293.86595 19.569 0.085
5294.83609 19.678 0.069
5295.83951 19.579 0.064
5296.87892 19.674 0.061
5297.91485 19.105 0.055
5299.74763 18.675 0.031
5300.85639 18.759 0.032
5301.86528 18.871 0.054
5306.85041 18.890 0.035
5307.85077 19.112 0.044
5308.83991 19.065 0.043
5309.89483 18.973 0.043
5310.89361 19.164 0.048
5312.75019 19.155 0.068
5313.78658 19.301 0.097
5314.71471 19.440 0.140
5314.92633 19.518 0.114
5315.85513 19.637 0.111
5316.81044 19.636 0.157
5320.64523 19.513 0.109
5320.85189 19.711 0.111
5321.79516 19.473 0.081
5322.81556 19.166 0.057
5323.68147 19.275 0.074
5323.90585 19.501 0.105
5324.83927 19.475 0.079
5325.75264 19.689 0.087
5326.63837 19.752 0.140
5326.87925 19.562 0.095
5327.82712 19.716 0.097
5328.75635 19.708 0.073
5329.71124 19.613 0.081
5334.87820 19.570 0.094
5335.85346 19.570 0.080
5336.93915 19.539 0.111
5337.94039 19.486 0.159
5339.69871 19.601 0.110
5340.65739 19.918 0.185
5340.91582 19.350 0.157
5341.84704 19.756 0.114
5342.67445 19.613 0.127
5342.87059 19.777 0.152
5343.70419 19.577 0.117
5343.91061 19.710 0.140
5348.84499 19.557 0.103
5349.78221 19.897 0.148
5350.73412 19.378 0.094
5351.89274 19.677 0.150
5352.88913 19.514 0.098
5353.82162 19.847 0.123
5354.83308 19.672 0.100
5355.77697 19.629 0.090
5357.77819 19.601 0.095
5359.74029 19.591 0.084
5361.68487 18.981 0.065
5364.52756 19.504 0.119
5365.58985 19.497 0.095
5368.63185 19.666 0.149
5376.64797 19.383 0.127
5376.84234 19.688 0.157
5377.53703 19.544 0.132
5377.77983 19.611 0.102
5378.70016 19.466 0.073
5379.50663 19.613 0.095
5379.81038 19.688 0.109
5380.51804 19.681 0.101
5380.70250 19.729 0.086
5381.55437 19.534 0.118
5381.76814 19.364 0.121
5382.64278 19.543 0.093
5383.74221 19.771 0.138
5383.75477 19.724 0.146
5385.85269 19.603 0.094
5386.54744 19.514 0.100
5386.62897 19.643 0.085
5386.71340 19.605 0.086
5387.50864 19.582 0.079
5388.47245 19.684 0.135
5388.81235 19.467 0.096
5389.76187 19.812 0.148
5390.68812 19.692 0.120
5391.54783 19.501 0.105
5392.48507 19.432 0.101
5392.81500 19.562 0.080
5393.79168 19.591 0.120
5396.77434 19.502 0.089
5403.52317 19.623 0.092
5403.71898 19.554 0.105
5404.58701 19.636 0.108
5404.79182 19.693 0.150
5405.79936 19.645 0.141
5407.65618 18.993 0.067
5408.58390 19.339 0.091
5408.77624 19.330 0.117
5409.77838 19.617 0.110
5410.78274 19.528 0.103
5412.51639 19.618 0.103
5412.73858 19.756 0.141
5414.47792 19.570 0.087
5416.63546 19.591 0.098
5418.70231 19.563 0.091
5421.71847 19.580 0.092
5423.53130 19.597 0.059
5426.59733 19.646 0.131
5430.62759 19.680 0.139
5431.62501 19.435 0.105
5432.64208 19.642 0.150
5434.59309 19.736 0.114
5435.58639 19.770 0.117
5436.66385 19.536 0.090
5438.65481 19.573 0.088
5439.65884 19.590 0.106
5443.67871 19.701 0.097
5445.50125 19.698 0.079
5446.59086 19.549 0.081
5447.62525 19.707 0.098
5449.53358 19.682 0.105
5450.62138 19.328 0.082
5453.58538 18.940 0.054
5458.48140 19.753 0.144
5459.52744 19.831 0.130
5460.54266 19.415 0.123
5461.56967 19.945 0.222
5463.49251 19.636 0.108
5464.48480 19.792 0.131
5466.54263 19.454 0.151
5469.61072 19.647 0.101
5471.60234 19.468 0.078
5473.53352 19.343 0.081
5478.53331 19.494 0.092
5480.57377 19.538 0.128
5485.56471 19.377 0.105
5487.55638 19.506 0.109
5494.53044 19.791 0.193
5620.88064 19.776 0.132
5621.90294 19.922 0.202
5624.89408 19.597 0.077
5626.86532 19.648 0.103
5628.82475 19.832 0.139
5629.85143 19.740 0.125
5631.88075 19.627 0.089
5633.83467 19.549 0.085
5635.86756 19.757 0.134
5637.91032 19.735 0.137
5638.86838 19.524 0.092
5639.82344 19.793 0.146
5640.82863 19.687 0.139
5640.91720 19.333 0.152
5641.82699 19.546 0.093
5641.86516 19.474 0.086
5642.78692 19.478 0.100
5642.90898 19.329 0.089
5643.81093 19.607 0.101
5643.91192 19.597 0.098
5644.82109 19.572 0.143
5647.75163 19.249 0.080
5647.79592 19.129 0.088
5647.83251 19.394 0.142
5647.86434 19.308 0.080
5647.91575 19.533 0.187
5648.82769 19.462 0.067
5648.91522 19.529 0.118
5649.81067 19.671 0.077
5649.91340 19.507 0.084
5650.82303 19.772 0.076
5650.91595 19.466 0.089
5651.82412 19.505 0.074
5652.76117 19.589 0.088
5652.86635 19.468 0.064
5653.92168 19.864 0.125
5654.84273 19.511 0.078
5655.75682 19.884 0.146
5655.83312 19.581 0.066
5656.78774 19.757 0.102
5656.87571 19.558 0.062
5657.83266 19.644 0.060
5657.92256 19.586 0.119
5658.84559 19.632 0.077
5658.92512 19.300 0.179
5659.77787 19.661 0.086
5659.86086 19.596 0.097
5660.74722 19.428 0.082
5660.83598 19.525 0.063
5660.83746 19.600 0.067
5662.74230 19.754 0.122
5662.84377 19.723 0.093
5662.92386 19.698 0.098
5664.78907 19.622 0.103
5664.89197 19.499 0.087
5665.76890 19.826 0.184
5665.88660 19.688 0.070
5667.81344 19.593 0.076
5668.81554 19.365 0.079
5669.80290 19.588 0.093
5670.77807 19.489 0.095
5671.76069 19.740 0.111
5675.85862 19.482 0.119
5676.76597 19.622 0.063
5677.72089 19.694 0.093
5677.90771 19.806 0.084
5679.81980 19.471 0.083
5680.71123 18.982 0.067
5680.89692 18.954 0.043
5681.79197 18.894 0.048
5682.69040 19.234 0.077
5682.91136 19.222 0.076
5683.86354 19.538 0.087
5684.76753 19.578 0.073
5685.74605 19.603 0.075
5685.94073 19.066 0.201
5686.84873 19.678 0.110
5687.73043 19.421 0.077
5688.91534 19.527 0.119
5690.64349 19.339 0.078
5690.84117 19.848 0.159
5691.77734 19.687 0.101
5692.66623 19.594 0.098
5692.84760 19.636 0.081
5693.68525 19.486 0.074
5693.86930 19.622 0.092
5694.68666 19.786 0.101
5694.87726 19.568 0.093
5695.74140 19.252 0.087
5695.91692 19.597 0.081
5696.74402 19.737 0.092
5696.92741 19.696 0.116
5697.75050 19.770 0.101
5697.91407 19.695 0.121
5698.75009 19.650 0.123
5698.91071 19.416 0.128
5705.71276 19.441 0.109
5705.90354 19.733 0.157
5706.85932 19.525 0.149
5707.72445 19.607 0.093
5707.88323 19.578 0.117
5708.71709 19.538 0.077
5708.90162 20.052 0.272
5712.57685 19.918 0.238
5712.79285 19.517 0.074
5713.79584 19.445 0.075
5713.80829 19.818 0.103
5714.87461 19.368 0.109
5715.74681 19.573 0.071
5716.58192 19.765 0.135
5716.81534 19.639 0.087
5721.67423 18.877 0.051
5721.68681 18.843 0.047
5721.69998 18.871 0.044
5721.89773 18.834 0.064
5722.73003 18.682 0.035
5722.74351 18.725 0.037
5723.62259 18.660 0.040
5723.79066 18.726 0.036
5724.65063 18.581 0.045
5725.54372 18.693 0.052
5725.76627 18.667 0.038
5726.67465 18.800 0.052
5734.61459 19.138 0.079
5734.83297 19.200 0.087
5735.77580 19.118 0.061
5736.52398 19.137 0.082
5736.69142 19.292 0.047
5737.52488 19.721 0.119
5737.71296 19.506 0.068
5737.88090 19.509 0.095
5738.73998 19.475 0.068
5739.61000 19.564 0.079
5739.79375 19.690 0.100
5740.59015 19.593 0.141
5740.79800 19.485 0.088
5741.56316 19.514 0.083
5741.74533 19.544 0.070
5742.49544 19.376 0.112
5742.68022 19.614 0.064
5742.83387 19.443 0.067
5743.73082 19.570 0.084
5743.88259 18.983 0.077
5744.66228 19.236 0.059
5744.86695 19.041 0.083
5745.64148 19.328 0.078
5745.81618 19.553 0.110
5746.67957 19.474 0.078
5746.85892 19.336 0.112
5747.75109 19.436 0.104
5749.52857 19.433 0.123
5749.69490 19.694 0.108
5752.57298 19.525 0.148
5760.46841 19.423 0.150
5760.66167 19.327 0.107
5760.82745 19.497 0.120
5762.52766 19.529 0.095
5763.56381 19.604 0.064
5763.74984 19.554 0.093
5764.56620 19.526 0.079
5764.75076 19.617 0.086
5765.63549 19.619 0.078
5766.49746 19.585 0.097
5766.68153 19.589 0.078
5767.56155 19.473 0.081
5767.76935 19.502 0.107
5768.61876 19.648 0.072
5768.79458 19.537 0.104
5769.66439 19.588 0.068
5770.74150 19.684 0.114
5776.59085 19.693 0.143
5777.50985 19.563 0.075
5777.76094 19.502 0.074
5779.58590 19.437 0.066
5785.61331 19.527 0.111
5786.55722 19.766 0.161
5786.74556 19.485 0.166
5787.59297 19.611 0.090
5788.49488 19.659 0.117
5788.67966 19.683 0.146
5790.57604 19.606 0.107
5790.73680 19.499 0.110
5793.58524 19.845 0.102
5793.74228 19.645 0.155
5794.65994 19.590 0.093
5795.71334 19.687 0.108
5796.46994 19.479 0.126
5796.57652 19.630 0.103
5796.63872 19.859 0.115
5796.68554 19.478 0.100
5801.56070 19.666 0.101
5802.54970 19.779 0.125
5804.54489 19.688 0.111
5805.49383 19.700 0.067
5805.68420 19.742 0.157
5807.62484 19.896 0.149
5812.60705 19.541 0.144
5813.59096 19.524 0.081
5815.55913 19.583 0.087
5816.53932 19.161 0.073
5817.54056 19.136 0.068
5818.52201 19.525 0.103
5819.52160 19.478 0.082
5820.49934 19.297 0.116
5820.65828 19.404 0.132
5822.58793 19.783 0.109
5823.51966 19.661 0.162
5823.60658 19.376 0.089
5824.54354 19.694 0.099
5824.62405 19.657 0.116
5825.56156 19.413 0.087
5826.48447 19.741 0.148
5826.57182 19.778 0.132
5827.51080 19.323 0.128
5827.59129 19.468 0.109
5828.52404 19.657 0.093
5828.59957 19.734 0.117
5829.53497 19.571 0.083
5829.61094 19.376 0.081
5830.54807 19.654 0.091
5831.52012 19.501 0.071
5831.59506 19.532 0.096
5832.54118 19.454 0.077
5833.48757 19.554 0.126
5833.57881 19.788 0.117
5834.53830 19.748 0.096
5836.52186 19.748 0.142
5836.58542 19.579 0.137
5839.54277 19.696 0.200
5840.50281 19.615 0.151
5840.58862 19.470 0.103
5841.51517 19.660 0.140
5841.59779 19.460 0.134
5842.56132 19.396 0.121
5843.51873 19.617 0.114
5843.60004 19.516 0.141
5844.54251 19.622 0.125
5845.50339 19.581 0.131
5845.58358 19.767 0.175
5846.54529 19.518 0.153
5850.56928 19.364 0.085
5851.53243 19.219 0.080
5851.57921 19.500 0.114
5852.56216 18.952 0.083
5855.54161 19.530 0.120
5856.54849 19.707 0.153
5858.51455 19.235 0.120
5860.49746 19.657 0.162
5861.52968 19.388 0.106
5862.53095 19.649 0.120
5969.87566 19.551 0.119
5972.88004 19.539 0.099
5977.85686 19.909 0.148
5978.85556 19.554 0.103
5979.84526 19.702 0.138
5980.86548 19.577 0.125
5982.86970 19.534 0.082
5983.88186 19.590 0.070
5984.86599 19.574 0.075
5985.85001 19.842 0.147
5986.83127 19.836 0.140
5987.82417 19.549 0.103
5987.89600 19.363 0.069
5988.88349 19.319 0.066
5989.85853 19.226 0.092
5990.82302 19.428 0.084
5991.81690 19.565 0.122
5991.89111 19.446 0.078
5992.85660 19.238 0.068
5993.83627 19.649 0.132
5994.81126 19.832 0.133
5994.89547 19.441 0.076
5995.82423 19.654 0.103
5995.90799 19.680 0.132
5996.85004 19.449 0.073
5997.80584 19.607 0.111
5997.89218 19.539 0.070
5998.84376 19.584 0.086
5999.78475 19.263 0.091
5999.86574 19.743 0.097
6003.85404 19.220 0.096
6004.78587 19.604 0.115
6004.88225 19.726 0.085
6005.80351 19.565 0.084
6005.90884 19.539 0.060
6006.82856 19.574 0.073
6006.91719 19.491 0.082
6007.82994 19.636 0.088
6007.91582 19.499 0.093
6008.82375 19.758 0.101
6008.91137 19.410 0.100
6009.82639 19.545 0.078
6009.91082 19.537 0.081
6010.81808 19.721 0.089
6010.90566 19.673 0.068
6011.79814 19.520 0.087
6011.91181 19.706 0.124
6012.81303 19.492 0.071
6012.90925 19.697 0.059
6013.80693 19.408 0.073
6013.90970 19.750 0.075
6014.78327 19.671 0.082
6014.88204 19.523 0.086
6015.76123 19.604 0.079
6016.74105 19.549 0.077
6016.82139 19.629 0.076
6017.73088 19.527 0.102
6017.80737 19.483 0.055
6017.90485 19.563 0.051
6018.79614 19.330 0.060
6018.87782 19.513 0.055
6019.77435 19.467 0.077
6019.87084 19.763 0.072
6020.72929 19.536 0.088
6020.82393 19.449 0.062
6020.90239 19.280 0.068
6021.76248 18.874 0.054
6021.84022 19.008 0.042
6022.71077 19.401 0.144
6022.78748 19.432 0.074
6022.88360 19.285 0.049
6023.74345 19.495 0.098
6023.82370 19.606 0.078
6024.70214 19.258 0.120
6024.78076 19.619 0.097
6024.89248 19.889 0.121
6025.75585 19.494 0.107
6025.84890 19.705 0.123
6026.72966 19.058 0.180
6031.87727 19.762 0.142
6032.82160 19.640 0.072
6033.74408 19.486 0.098
6034.69314 19.446 0.084
6034.92800 19.694 0.126
6036.79534 19.507 0.059
6036.82041 19.671 0.062
6037.76935 19.573 0.100
6038.73825 19.354 0.083
6039.73293 19.608 0.122
6039.92315 19.852 0.107
6040.91000 19.667 0.087
6041.86254 19.518 0.075
6046.90863 19.594 0.075
6047.79988 19.530 0.075
6048.74003 19.533 0.074
6048.92993 19.893 0.137
6049.86132 19.599 0.085
6050.73682 19.507 0.078
6050.92476 19.504 0.092
6052.75239 19.057 0.060
6052.90991 18.957 0.050
6053.78311 19.256 0.064
6054.88036 19.463 0.081
6058.80218 19.466 0.074
6059.69873 19.848 0.117
6059.87398 19.493 0.073
6061.76337 19.643 0.075
6061.93007 19.500 0.086
6062.82349 19.520 0.084
6063.79266 19.850 0.160
6064.71620 19.566 0.071
6064.90052 19.651 0.085
6065.73585 19.484 0.064
6066.66437 19.606 0.084
6066.84747 19.423 0.065
6067.65116 19.331 0.060
6067.82847 19.496 0.063
6068.65165 19.145 0.057
6068.87059 19.110 0.045
6069.60593 19.024 0.056
6069.81298 19.201 0.050
6070.61557 19.379 0.108
6070.78053 19.413 0.069
6071.58859 19.352 0.097
6071.75492 19.451 0.068
6071.92495 19.894 0.173
6075.74105 19.628 0.071
6076.60232 19.686 0.109
6076.78702 19.401 0.067
6077.70285 19.586 0.089
6077.90334 19.759 0.116
6078.70045 19.734 0.092
6078.88679 19.379 0.067
6079.68035 19.674 0.079
6079.88086 19.660 0.071
6080.64811 19.530 0.091
6080.82551 19.644 0.082
6081.60545 19.526 0.118
6081.77883 19.655 0.086
6082.59751 19.312 0.147
6082.80336 19.166 0.109
6082.88147 19.310 0.167
6085.60098 19.384 0.115
6085.77444 19.536 0.102
6085.93218 19.684 0.167
6086.71713 19.476 0.063
6086.89986 19.509 0.124
6087.80837 19.576 0.098
6088.65196 19.678 0.076
6089.76571 19.700 0.084
6092.61224 19.758 0.102
6092.89711 19.642 0.125
6093.69229 19.512 0.075
6094.55598 19.341 0.105
6094.75270 19.638 0.076
6094.91439 19.669 0.138
6096.76392 19.447 0.082
6097.66680 19.707 0.104
6097.85385 19.422 0.084
6098.64926 19.356 0.081
6098.83001 19.244 0.077
6099.83939 19.538 0.128
6100.68598 19.558 0.067
6100.86319 19.522 0.123
6101.62782 19.628 0.077
6101.80717 19.566 0.091
6102.60239 19.620 0.099
6102.76824 19.595 0.076
6103.51849 19.758 0.123
6103.69736 19.745 0.088
6104.51985 19.456 0.086
6104.68087 19.620 0.058
6104.84735 19.536 0.084
6105.60533 19.682 0.084
6106.56838 19.602 0.097
6108.60827 19.670 0.112
6108.78256 19.420 0.080
6109.55556 19.903 0.279
6109.76869 19.184 0.122
6109.85478 19.625 0.124
6113.57931 19.095 0.078
6113.73778 19.133 0.073
6114.58760 19.431 0.120
6114.75903 19.453 0.091
6115.52406 19.362 0.075
6115.71200 19.502 0.098
6116.56461 19.698 0.078
6116.74663 19.749 0.095
6117.54232 19.562 0.082
6117.72120 19.443 0.077
6118.49491 19.796 0.113
6118.67939 19.681 0.077
6118.83503 19.411 0.075
6119.63205 19.530 0.066
6119.78017 19.513 0.095
6120.66684 19.601 0.074
6120.83444 19.583 0.117
6121.64575 19.579 0.065
6121.78753 19.642 0.073
6123.67911 19.723 0.077
6123.83220 19.579 0.084
6124.68536 19.609 0.085
6125.51410 19.677 0.100
6125.68758 19.775 0.099
6126.51138 19.559 0.098
6126.72248 19.442 0.080
6127.63740 19.481 0.090
6128.61714 19.526 0.086
6130.79905 19.475 0.146
6131.69658 19.521 0.073
6131.76987 19.358 0.071
6132.72021 19.544 0.076
6133.67973 19.611 0.084
6134.57923 19.260 0.087
6135.54860 18.932 0.078
6135.77038 18.850 0.046
6136.75864 18.779 0.072
6140.55752 19.014 0.081
6140.73073 18.814 0.121
6141.58390 18.933 0.077
6141.74949 18.944 0.070
6142.68561 18.977 0.092
6147.63619 19.246 0.075
6148.57389 19.151 0.042
6149.59406 19.343 0.069
6150.47454 19.566 0.128
6150.61541 19.597 0.101
6151.51906 19.387 0.105
6151.60982 19.776 0.118
6151.68200 19.457 0.094
6152.48637 19.620 0.095
6152.55699 19.517 0.089
6152.67032 19.437 0.065
6153.66898 19.440 0.092
6154.47825 19.625 0.099
6154.63516 19.671 0.098
6154.71241 19.945 0.131
6157.63770 19.519 0.101
6157.68352 19.547 0.096
6158.50378 19.337 0.052
6158.58126 19.219 0.063
6158.68588 19.160 0.056
6159.51539 19.259 0.093
6159.56983 19.471 0.079
6159.61737 19.285 0.068
6160.49617 19.435 0.075
6160.60700 19.699 0.091
6160.71758 19.448 0.077
6161.50356 19.575 0.107
6161.67115 19.667 0.090
6161.70326 19.300 0.086
6163.65247 19.395 0.118
6164.50543 19.450 0.078
6164.56917 19.357 0.101
6164.63923 19.792 0.147
6164.69316 19.319 0.109
6164.69466 19.979 0.189
6165.58280 19.783 0.143
6165.62452 19.371 0.087
6165.66771 19.572 0.107
6165.70020 19.400 0.112
6166.69601 19.543 0.156
6167.52885 19.815 0.227
6167.62066 19.497 0.179
6167.67090 19.776 0.202
6168.54791 19.569 0.075
6168.63856 19.519 0.089
6168.69013 19.488 0.076
6169.51129 19.483 0.093
6169.59897 19.592 0.093
6169.66325 19.595 0.104
6171.53979 19.652 0.089
6171.62746 19.320 0.082
6172.52641 19.511 0.068
6172.59606 19.653 0.081
6172.67952 19.492 0.103
6174.57576 19.853 0.141
6175.54721 19.459 0.085
6179.49049 19.398 0.094
6179.52696 19.677 0.116
6179.57815 19.696 0.131
6179.62163 19.491 0.121
6180.50894 19.750 0.115
6180.53771 19.476 0.098
6180.59289 19.498 0.112
6180.67368 19.396 0.141
6181.51269 19.652 0.085
6181.57953 19.713 0.081
6181.64239 19.469 0.088
6182.49598 19.721 0.100
6182.57500 19.537 0.079
6182.65614 19.778 0.134
6183.58464 19.626 0.070
6184.53575 19.661 0.077
6184.57435 19.585 0.065
6184.65453 19.512 0.099
6185.52709 19.637 0.077
6185.63471 19.389 0.079
6186.48282 19.330 0.084
6186.52727 19.289 0.077
6190.51849 19.695 0.103
6190.55086 19.501 0.078
6191.57143 19.500 0.077
6191.58943 19.722 0.114
6191.63286 19.621 0.086
6195.53374 19.463 0.081
6195.61173 19.660 0.106
6196.53163 19.400 0.112
6196.61339 19.269 0.097
6197.53301 19.346 0.092
6198.50116 19.155 0.109
6199.55360 19.508 0.150
6200.58110 19.568 0.126
6201.51205 19.556 0.149
6202.51726 19.734 0.201
6202.59281 19.381 0.153
6203.49819 19.555 0.142
6203.58444 19.890 0.170
6204.53805 19.567 0.094
6204.61480 19.334 0.102
6205.48379 19.821 0.172
6205.56089 19.955 0.126
6207.56037 19.382 0.132
6207.56238 19.528 0.148
6208.50924 19.656 0.120
6209.54611 19.866 0.194
6209.56845 19.071 0.076
6210.48596 18.885 0.095
6210.53181 19.183 0.069
6210.60463 19.128 0.088
6211.48661 19.188 0.100
6211.56296 19.514 0.083
6211.60135 19.196 0.076
6212.48363 19.521 0.159
6212.55895 19.484 0.086
6213.48848 19.584 0.142
6213.51098 19.449 0.096
6213.57923 19.607 0.125
6214.48994 19.627 0.120
6214.56535 19.306 0.091
6215.52276 19.624 0.137
6216.48733 19.519 0.176
6216.56825 19.648 0.110
6217.48887 19.652 0.113
6217.52396 19.717 0.090
6218.49892 19.532 0.094
6218.57557 19.318 0.104
6219.50337 19.612 0.130
6223.52400 19.894 0.208
6223.56329 19.339 0.112
6224.50952 19.260 0.115
6225.55288 19.663 0.178
6226.49601 19.780 0.171
6227.51034 19.573 0.126
6230.52161 19.509 0.193
6231.49593 19.576 0.234
6232.49393 19.591 0.351
6232.49761 19.763 0.287
6233.49624 19.457 0.255
6233.52263 19.563 0.135
6234.50051 19.165 0.123
6235.50303 19.608 0.162
6237.50123 19.305 0.165
6238.50500 19.307 0.126
6334.86374 19.401 0.091
6335.84818 19.637 0.114
6337.89331 19.769 0.146
6338.87309 19.471 0.082
6340.84376 19.573 0.100
6341.88129 19.549 0.106
6343.84614 18.678 0.059
6344.85917 18.850 0.037
6345.87842 18.778 0.041
6347.88117 18.816 0.042
6348.87857 18.895 0.044
6349.88626 18.878 0.071
6350.89791 18.799 0.053
6351.90406 18.974 0.091
6352.89526 18.897 0.044
6353.88390 18.963 0.044
6354.88854 19.000 0.046
6360.79818 19.511 0.078
6360.88315 19.414 0.060
6361.85854 19.638 0.082
6362.80658 19.460 0.081
6362.89534 19.435 0.066
6363.86793 19.505 0.073
6367.87166 19.690 0.063
6368.80913 19.612 0.075
6368.90155 19.507 0.071
6369.84236 19.699 0.080
6370.79453 19.569 0.072
6370.88656 19.677 0.079
6371.80807 19.601 0.074
6371.89908 19.509 0.052
6372.81034 19.546 0.070
6372.89260 19.641 0.070
6373.82726 19.556 0.080
6373.90628 19.383 0.070
6374.83350 19.704 0.093
6374.91454 19.650 0.089
6375.84850 19.622 0.066
6376.75611 19.658 0.122
6376.84460 19.494 0.060
6377.75454 19.641 0.107
6377.85636 19.680 0.067
6378.76367 19.680 0.116
6378.85142 19.566 0.073
6379.75134 19.631 0.114
6379.83828 19.836 0.101
6380.75111 19.544 0.093
6380.85274 19.572 0.065
6381.77181 19.599 0.090
6381.85969 19.691 0.072
6382.76624 19.424 0.111
6382.84383 19.613 0.098
6386.75934 19.420 0.079
6386.85865 19.456 0.076
6387.74819 19.687 0.085
6387.83099 19.516 0.065
6387.91453 19.567 0.094
6388.74807 19.621 0.094
6388.85920 19.565 0.069
6388.87530 19.617 0.076
6389.75092 19.463 0.081
6389.84000 19.445 0.059
6389.92297 19.825 0.146
6390.78776 19.786 0.095
6390.87228 19.661 0.080
6391.79580 19.588 0.095
6393.79364 19.811 0.116
6394.74812 19.514 0.094
6395.71309 19.518 0.109
6395.89102 19.487 0.056
6396.85072 19.634 0.058
6397.78782 19.696 0.069
6398.70586 19.424 0.069
6398.88654 19.572 0.072
6399.80797 19.576 0.067
6400.76088 19.693 0.079
6401.72333 19.636 0.075
6401.90169 19.419 0.065
6402.82692 19.477 0.072
6403.73599 19.588 0.069
6403.91738 19.539 0.070
6404.84521 19.562 0.064
6405.82581 19.561 0.101
6405.86214 19.576 0.065
6406.87843 19.355 0.114
6407.79034 19.572 0.082
6408.74488 19.667 0.149
6409.84370 19.228 0.083
6415.80417 19.502 0.092
6416.69054 19.557 0.103
6416.90746 19.688 0.080
6417.80131 19.484 0.066
6418.66356 19.587 0.092
6418.82613 19.521 0.064
6419.71240 19.438 0.062
6419.88821 19.823 0.109
6420.73003 19.616 0.057
6420.91339 19.691 0.074
6422.68595 19.503 0.073
6423.64813 19.604 0.117
6423.85574 19.758 0.100
6424.69659 19.548 0.074
6424.89178 19.386 0.066
6426.80420 19.454 0.064
6427.93271 19.393 0.091
6428.78790 19.733 0.114
6429.94974 20.068 0.399
6431.78827 19.817 0.089
6432.64272 19.471 0.084
6432.81083 19.371 0.071
6433.61510 19.537 0.134
6433.79773 19.925 0.131
6434.69950 19.584 0.095
6434.88987 19.531 0.092
6435.74006 19.553 0.082
6435.91894 19.501 0.080
6436.71837 19.475 0.089
6436.90605 19.655 0.115
6437.84188 19.753 0.215
6441.70195 19.112 0.073
6441.76507 18.991 0.062
6441.94776 18.971 0.133
6442.72888 19.359 0.057
6442.90320 19.177 0.063
6443.65658 19.174 0.070
6444.72584 19.395 0.071
6444.73579 19.429 0.085
6444.93405 19.586 0.106
6445.74778 19.641 0.082
6445.94802 19.946 0.272
6446.72664 19.497 0.062
6446.93183 19.675 0.102
6447.69854 19.548 0.064
6447.87594 19.673 0.078
6448.63845 19.587 0.083
6448.82408 19.610 0.080
6449.59753 19.536 0.084
6449.78362 19.710 0.099
6450.56368 19.386 0.100
6450.73308 19.624 0.064
6450.90233 19.609 0.097
6451.66409 19.595 0.080
6451.84971 19.698 0.107
6452.62823 19.540 0.059
6452.86373 19.504 0.065
6454.63786 19.527 0.075
6454.82284 19.561 0.088
6455.60232 19.574 0.100
6456.60399 19.639 0.060
6456.79037 19.584 0.070
6457.76368 19.603 0.065
6458.54882 19.764 0.150
6458.72256 19.681 0.104
6458.89962 19.400 0.089
6459.66649 19.777 0.083
6459.85535 19.714 0.084
6460.72169 19.602 0.077
6461.61202 19.619 0.095
6461.82380 19.551 0.083
6462.69129 19.513 0.072
6463.55381 19.720 0.153
6463.74323 19.660 0.096
6464.56229 19.411 0.139
6464.74169 19.553 0.105
6468.54713 19.635 0.132
6468.74242 19.651 0.113
6469.61086 19.483 0.084
6469.83102 19.794 0.145
6472.79051 19.676 0.114
6473.56615 19.648 0.101
6473.75176 19.715 0.083
6474.51067 19.490 0.125
6474.68463 19.651 0.090
6474.86671 19.534 0.131
6475.67081 19.670 0.069
6475.84439 19.468 0.116
6476.61058 19.538 0.080
6477.60392 19.591 0.089
6477.79191 19.594 0.127
6478.65369 19.812 0.123
6480.61769 19.634 0.099
6480.80259 19.551 0.110
6481.62878 19.456 0.076
6482.78857 19.585 0.141
6484.52378 19.454 0.090
6485.60319 19.495 0.078
6485.82351 19.508 0.090
6486.56278 19.228 0.051
6486.77188 18.872 0.043
6487.56244 18.933 0.043
6487.76086 18.916 0.037
6490.63942 19.623 0.086
6492.71493 19.623 0.102
6496.54264 19.395 0.118
6498.47149 19.765 0.092
6498.65175 19.681 0.090
6499.48575 19.500 0.091
6500.61062 19.704 0.142
6501.78955 19.505 0.141
6505.53704 19.795 0.114
6505.73679 19.477 0.094
6506.66466 19.783 0.117
6507.72520 19.638 0.141
6508.63394 19.657 0.078
6509.54758 19.512 0.060
6509.72536 19.823 0.110
6510.61546 19.751 0.083
6511.54711 19.942 0.132
6512.72443 19.682 0.114
6514.67708 19.690 0.082
6515.62847 19.578 0.066
6516.62012 19.617 0.082
6518.63272 19.533 0.074
6519.58555 19.555 0.077
6524.61947 18.798 0.049
6525.62548 18.711 0.060
6527.63021 18.885 0.087
6530.67493 18.729 0.055
6531.68007 18.920 0.056
6532.67550 18.867 0.055
6534.54927 19.028 0.049
6536.47948 18.888 0.058
6538.57044 19.152 0.057
6539.62410 19.204 0.063
6541.62119 19.541 0.060
6545.57553 19.748 0.093
6546.61816 19.695 0.123
6552.58166 19.765 0.158
6556.64090 19.336 0.114
6559.51384 19.500 0.098
6560.57194 19.567 0.090
6562.53119 19.546 0.081
6563.57418 19.465 0.092
6564.51247 19.497 0.113
6564.59821 19.527 0.100
6567.55212 19.462 0.101
6568.54866 19.457 0.122
6569.50932 19.600 0.079
6569.59146 19.775 0.087
6570.56921 20.018 0.185
6571.58168 19.444 0.110
6572.54186 19.558 0.093
6573.59242 19.805 0.123
6577.57110 18.864 0.095
6579.52138 19.411 0.099
6581.57696 19.412 0.107
6583.57154 19.522 0.182
6585.56823 19.555 0.141
6590.53994 19.373 0.113
6592.54805 19.565 0.136
6593.53071 19.640 0.133
