2127.52182 18.495 0.073
2130.55443 18.337 0.045
2133.56410 18.512 0.048
2136.68533 18.387 0.046
2141.67533 18.443 0.078
2165.60452 18.410 0.060
2166.50345 18.342 0.053
2172.56565 18.363 0.061
2189.55020 18.454 0.071
2214.53339 18.378 0.087
2337.86234 18.366 0.041
2352.88458 18.423 0.059
2361.87832 18.326 0.043
2373.82921 18.415 0.052
2464.79999 18.383 0.046
2816.69606 18.386 0.044
2852.65132 18.383 0.071
2859.66533 18.322 0.068
3059.88273 18.403 0.042
3064.89401 18.503 0.052
3068.84704 18.387 0.044
3071.89957 18.370 0.045
3073.90873 18.375 0.054
3077.80037 18.382 0.111
3080.84805 18.490 0.052
3083.79500 18.434 0.041
3085.90613 18.443 0.041
3087.84074 18.422 0.045
3089.85753 18.383 0.038
3091.86242 18.396 0.045
3097.84116 18.332 0.041
3099.86715 18.417 0.054
3101.84023 18.406 0.062
3102.86879 18.374 0.048
3104.78440 18.208 0.097
3107.79145 18.432 0.046
3108.82111 18.353 0.039
3110.91092 18.284 0.041
3112.86799 18.341 0.043
3114.86289 18.343 0.044
3116.85055 18.422 0.051
3122.86636 18.397 0.059
3125.92712 18.387 0.056
3126.81995 18.361 0.041
3127.90602 18.517 0.051
3128.89537 18.406 0.055
3130.77287 18.500 0.058
3131.63822 18.421 0.098
3134.90835 18.684 0.168
3135.79321 18.437 0.044
3137.84562 18.361 0.054
3138.73034 18.465 0.049
3140.70207 18.374 0.040
3140.93590 18.379 0.055
3141.76716 18.402 0.037
3142.84147 18.263 0.039
3144.85940 18.393 0.045
3146.92915 18.362 0.043
3151.83470 18.421 0.052
3152.83310 18.374 0.047
3153.83164 18.414 0.055
3154.92653 18.385 0.058
3157.93734 18.413 0.080
3158.72241 18.436 0.057
3162.86946 18.418 0.052
3163.83177 18.399 0.043
3164.81749 18.376 0.046
3165.67370 18.384 0.035
3167.68030 18.433 0.051
3168.83060 18.472 0.045
3169.86063 18.599 0.061
3170.88606 18.378 0.041
3171.73343 18.414 0.038
3173.81779 18.462 0.048
3174.78504 18.412 0.043
3175.86597 18.403 0.050
3177.84162 18.496 0.075
3179.58450 18.459 0.047
3179.88632 18.407 0.058
3180.80288 18.356 0.036
3180.85898 18.421 0.041
3180.88101 18.409 0.042
3180.89619 18.357 0.052
3182.50331 18.315 0.070
3182.59802 18.339 0.052
3182.67912 18.402 0.042
3182.78838 18.488 0.048
3182.86314 18.346 0.043
3183.57103 18.394 0.038
3183.72349 18.455 0.058
3183.81892 18.464 0.076
3184.49165 18.393 0.054
3184.62951 18.467 0.039
3184.77758 18.368 0.043
3185.63240 18.371 0.039
3191.79440 18.379 0.049
3193.62767 18.377 0.041
3194.52737 18.401 0.056
3194.81811 18.398 0.048
3195.75129 18.457 0.041
3196.60414 18.432 0.070
3196.84693 18.457 0.055
3197.79266 18.384 0.049
3199.79290 18.467 0.072
3201.83993 18.497 0.074
3202.78375 18.403 0.044
3203.61283 18.402 0.033
3204.76092 18.406 0.044
3205.69122 18.364 0.036
3210.58845 18.433 0.043
3211.75469 18.396 0.053
3217.73062 18.425 0.061
3218.74159 18.450 0.074
3226.72528 18.520 0.067
3228.69611 18.462 0.055
3229.72686 18.373 0.049
3230.74273 18.365 0.054
3231.67002 18.361 0.054
3238.69456 18.448 0.070
3240.54449 18.428 0.051
3245.65639 18.411 0.059
3247.51848 18.417 0.043
3249.63773 18.475 0.058
3251.53321 18.518 0.067
3254.61474 18.405 0.058
3257.55265 18.371 0.037
3260.61225 18.579 0.080
3265.55109 18.391 0.051
3267.60931 18.480 0.055
3273.50830 18.678 0.100
3277.52772 18.490 0.063
3280.52958 18.458 0.061
3282.59931 18.413 0.040
3289.53343 18.259 0.052
3294.52868 18.490 0.048
3296.52783 18.619 0.069
3302.52498 18.320 0.066
3418.86777 18.309 0.039
3424.85146 18.490 0.065
3427.85336 18.373 0.050
3430.83493 18.418 0.043
3436.88159 18.516 0.058
3443.85270 18.342 0.034
3445.88115 18.425 0.034
3448.78776 18.335 0.048
3450.80511 18.334 0.032
3453.84854 18.390 0.046
3455.91831 18.344 0.051
3458.88378 18.416 0.044
3459.89900 18.368 0.042
3468.88247 18.414 0.037
3469.88515 18.348 0.032
3472.87002 18.376 0.035
3474.80369 18.454 0.045
3476.78031 18.399 0.034
3478.87566 18.383 0.037
3480.89151 18.366 0.041
3483.82614 18.356 0.038
3496.93322 18.512 0.063
3497.90647 18.274 0.041
3500.91549 18.438 0.043
3502.89973 18.445 0.043
3503.88058 18.389 0.035
3506.94002 18.535 0.060
3508.91733 18.433 0.059
3509.90012 18.328 0.034
3511.92367 18.373 0.039
3512.91683 18.443 0.056
3520.67585 18.390 0.044
3521.80657 18.499 0.049
3522.87424 18.285 0.043
3524.86545 18.457 0.053
3527.64873 18.413 0.039
3527.73418 18.403 0.033
3528.89310 18.318 0.047
3530.87138 18.402 0.032
3530.90277 18.395 0.036
3538.86092 18.357 0.041
3541.89505 18.489 0.064
3544.89247 18.348 0.066
3547.85984 18.279 0.046
3550.83667 18.336 0.044
3551.84870 18.401 0.042
3552.84403 18.368 0.048
3554.84705 18.266 0.043
3558.63203 18.416 0.039
3559.64047 18.406 0.034
3560.71679 18.450 0.041
3561.63836 18.467 0.039
3562.67165 18.414 0.041
3563.73612 18.435 0.046
3569.66407 18.322 0.097
3573.79447 18.550 0.067
3574.76667 18.262 0.052
3575.70861 18.364 0.036
3576.77526 18.438 0.056
3578.74971 17.857 0.034
3579.69826 18.332 0.037
3580.75993 18.393 0.071
3581.74778 18.401 0.049
3582.69669 18.426 0.042
3583.71489 18.430 0.048
3584.71888 18.407 0.041
3585.71741 18.418 0.038
3586.77145 18.442 0.040
3590.75717 18.405 0.050
3591.74225 18.366 0.039
3592.71651 18.371 0.036
3602.73370 18.568 0.100
3603.72869 18.470 0.059
3608.70528 18.345 0.042
3615.66297 18.522 0.053
3617.62458 18.378 0.050
3619.62173 18.517 0.052
3621.66338 18.370 0.052
3629.54765 18.316 0.038
3631.57650 18.512 0.063
3634.53225 18.355 0.041
3640.53543 18.430 0.061
3644.61073 18.404 0.052
3649.58665 18.540 0.057
3652.56061 18.439 0.076
3656.55338 18.318 0.061
3660.55757 18.479 0.074
3665.54385 18.501 0.063
3671.49676 18.363 0.077
3778.85032 18.343 0.057
3783.88926 18.386 0.039
3786.87495 18.562 0.083
3792.89437 18.430 0.046
3794.89347 18.414 0.041
3796.88530 18.452 0.046
3797.88493 18.380 0.038
3800.86598 18.389 0.052
3802.81287 18.432 0.043
3803.84552 18.442 0.043
3804.89270 18.464 0.051
3806.90517 18.358 0.040
3808.89013 18.473 0.046
3810.80619 18.370 0.051
3812.79231 18.492 0.061
3814.78326 18.302 0.041
3818.84811 18.463 0.046
3819.90755 18.387 0.034
3820.89981 18.407 0.037
3821.91117 18.368 0.035
3823.90806 18.432 0.038
3824.91808 18.589 0.077
3825.91011 18.231 0.040
3826.90922 18.145 0.034
3827.90931 18.116 0.035
3829.91741 18.098 0.029
3830.88663 18.140 0.030
3832.91154 18.224 0.039
3833.90804 18.274 0.037
3834.82511 18.319 0.033
3835.88440 18.347 0.033
3836.88699 18.321 0.036
3837.86577 18.489 0.042
3838.86992 18.431 0.047
3839.88894 18.423 0.056
3840.87294 18.337 0.039
3841.85633 18.357 0.040
3842.77018 18.408 0.050
3845.86269 18.428 0.115
3846.86459 18.406 0.036
3847.91074 18.447 0.052
3848.88045 18.479 0.058
3849.90939 18.561 0.051
3850.82945 18.350 0.041
3851.83578 18.367 0.051
3852.82788 18.340 0.042
3853.81716 18.369 0.033
3856.80578 18.465 0.045
3860.86121 18.467 0.057
3861.87649 18.427 0.040
3862.82008 18.448 0.043
3863.79787 18.353 0.036
3864.82178 18.367 0.032
3865.78417 18.375 0.042
3866.74984 18.395 0.037
3867.76071 18.368 0.043
3868.75197 18.439 0.054
3869.73452 18.405 0.050
3873.73716 18.490 0.041
3874.78400 18.432 0.049
3875.76728 18.311 0.032
3877.72559 18.505 0.041
3880.79298 18.368 0.037
3881.80089 18.364 0.036
3882.73586 18.499 0.049
3883.78784 18.418 0.044
3886.75118 18.429 0.040
3887.73100 18.419 0.042
3889.89272 18.450 0.044
3891.62434 18.461 0.064
3892.76004 18.458 0.048
3893.79382 18.406 0.054
3894.82780 18.406 0.057
3896.78128 18.543 0.075
3900.67503 18.370 0.062
3901.68052 18.428 0.042
3902.69809 18.401 0.039
3903.84613 18.325 0.040
3904.67786 18.551 0.035
3905.68865 18.357 0.037
3906.66641 18.431 0.046
3907.73244 18.543 0.069
3908.67241 18.352 0.035
3909.67045 18.337 0.030
3912.67453 18.499 0.032
3913.67477 18.519 0.040
3914.73421 18.281 0.034
3915.67164 18.447 0.034
3916.75335 18.446 0.056
3917.77057 18.421 0.053
3918.77084 18.302 0.043
3919.70105 18.447 0.038
3920.65468 18.467 0.050
3921.66318 18.559 0.068
3930.52131 18.343 0.044
3930.72483 18.408 0.054
3931.64099 18.380 0.043
3932.60484 18.404 0.034
3933.65231 18.360 0.031
3934.61876 18.402 0.037
3934.82768 18.500 0.051
3935.59977 18.376 0.041
3936.58482 18.418 0.047
3937.66362 18.434 0.043
3938.62981 18.469 0.047
3940.77386 18.406 0.040
3944.72213 18.423 0.036
3945.66621 18.307 0.035
3946.65699 18.440 0.042
3950.67233 18.374 0.035
3951.69471 18.428 0.050
3959.64400 18.429 0.046
3960.63510 18.402 0.036
3963.64047 18.390 0.041
3964.67666 18.333 0.037
3965.65142 18.382 0.037
3966.64587 18.471 0.042
3967.66934 18.335 0.036
3968.62889 18.366 0.042
3969.63931 18.442 0.045
3970.64609 18.469 0.045
3971.67739 18.413 0.041
3974.64321 18.404 0.045
3975.63575 18.462 0.046
3976.62969 18.395 0.044
3979.66664 18.657 0.102
3986.67824 18.459 0.079
3987.62702 18.440 0.049
3988.66084 18.298 0.049
3989.57726 18.506 0.061
3991.57871 18.464 0.051
3995.52653 18.420 0.047
4001.59684 18.338 0.040
4002.63245 18.380 0.045
4003.58689 18.390 0.042
4011.57021 18.501 0.060
4016.54005 18.500 0.076
4017.57291 18.405 0.053
4019.58104 18.335 0.067
4023.56382 18.336 0.060
4025.51537 18.280 0.045
4027.52311 18.394 0.055
4030.51518 18.570 0.079
4152.88992 18.329 0.074
4155.86980 18.349 0.050
4158.83154 18.423 0.054
4160.89856 18.425 0.073
4162.88231 18.430 0.056
4165.86663 18.431 0.062
4167.85959 18.363 0.052
4169.86200 18.360 0.047
4174.87598 18.391 0.046
4176.85329 18.429 0.049
4177.91022 18.352 0.054
4179.80447 18.398 0.044
4180.87303 18.338 0.057
4182.78140 18.370 0.042
4183.81835 18.372 0.044
4185.79415 18.412 0.047
4190.89215 18.399 0.045
4192.89635 18.391 0.044
4193.90738 18.404 0.046
4196.88698 18.398 0.046
4202.89862 18.395 0.044
4203.88678 18.357 0.039
4204.89358 18.386 0.039
4205.88243 18.411 0.043
4207.90632 18.469 0.045
4208.91580 18.405 0.044
4213.88730 18.440 0.048
4216.84595 18.363 0.043
4217.86884 18.345 0.034
4218.91254 18.412 0.045
4220.89947 18.572 0.077
4222.85946 18.403 0.050
4228.86038 18.331 0.056
4229.82629 18.331 0.040
4230.80696 18.338 0.037
4231.84926 18.433 0.046
4232.87020 18.493 0.073
4234.80764 18.377 0.041
4234.84510 18.362 0.044
4235.82872 18.416 0.040
4237.64561 18.388 0.055
4238.83326 18.409 0.068
4240.62703 18.410 0.069
4243.87962 18.409 0.060
4244.89029 18.454 0.062
4245.92940 18.445 0.049
4246.93370 18.394 0.067
4247.59078 18.318 0.041
4250.91999 18.582 0.087
4256.81834 18.452 0.076
4257.70224 18.484 0.056
4258.80476 18.448 0.060
4268.58579 18.444 0.054
4269.72620 18.413 0.041
4272.64743 18.417 0.046
4273.69485 18.363 0.047
4274.67869 18.385 0.047
4275.73547 18.372 0.050
4277.57635 18.426 0.060
4278.70971 18.300 0.057
4283.65653 18.389 0.048
4284.63794 18.463 0.054
4285.64491 18.462 0.064
4286.73863 18.312 0.055
4289.68844 18.367 0.054
4291.57820 18.423 0.064
4292.62331 18.370 0.040
4293.65171 18.445 0.040
4294.69227 18.391 0.046
4295.65292 18.427 0.038
4296.63575 18.376 0.038
4297.56297 18.429 0.040
4299.76468 18.405 0.039
4300.70081 18.424 0.045
4301.56393 18.410 0.042
4302.79789 18.431 0.057
4306.55494 18.474 0.067
4311.59744 18.306 0.070
4312.66472 18.694 0.053
4317.65179 18.474 0.054
4319.66074 18.415 0.055
4326.66991 18.434 0.047
4327.70554 18.375 0.059
4328.64031 18.418 0.046
4329.63111 18.355 0.055
4330.64494 18.397 0.042
4331.64036 18.372 0.046
4332.69499 18.427 0.056
4333.64414 18.525 0.070
4334.65762 18.379 0.111
4338.67722 18.445 0.075
4339.64716 18.432 0.063
4340.71036 18.409 0.071
4341.69183 18.344 0.076
4342.68828 18.450 0.066
4343.65807 18.441 0.060
4345.65794 18.469 0.073
4346.66311 18.424 0.065
4347.67724 18.451 0.056
4349.65228 18.417 0.051
4350.67685 18.418 0.052
4351.64773 18.471 0.056
4354.65648 18.425 0.058
4357.59450 18.446 0.062
4359.56800 18.366 0.046
4365.61294 18.513 0.077
4368.61248 18.605 0.098
4370.56810 18.392 0.044
4372.60092 18.432 0.056
4377.56164 18.503 0.068
4381.60405 18.487 0.098
4517.89550 18.400 0.069
4520.88763 18.438 0.060
4523.86779 18.420 0.058
4525.86249 18.275 0.071
4532.89069 18.436 0.051
4535.85285 18.419 0.061
4537.80281 18.418 0.046
4539.80762 18.383 0.043
4541.83948 18.363 0.046
4543.82921 18.352 0.039
4544.82605 18.412 0.051
4545.84363 18.397 0.045
4547.81744 18.339 0.044
4547.83714 18.346 0.045
4547.90204 18.337 0.046
4548.79001 18.610 0.086
4548.88075 18.544 0.082
4550.75693 18.433 0.074
4550.81641 18.359 0.058
4551.72938 18.423 0.059
4552.80650 18.555 0.066
4556.89825 18.423 0.038
4557.92424 18.303 0.053
4558.89331 18.401 0.040
4559.88835 18.363 0.042
4560.88852 18.419 0.039
4561.87757 18.402 0.035
4564.88173 18.429 0.039
4565.87132 18.379 0.031
4566.87257 18.421 0.039
4567.87812 18.406 0.039
4568.91031 18.410 0.043
4569.89638 18.405 0.042
4570.90200 18.374 0.048
4571.86358 18.457 0.041
4572.90217 18.349 0.045
4573.87721 18.333 0.033
4574.88571 18.353 0.046
4575.89699 18.343 0.042
4583.86722 18.396 0.046
4585.85094 18.389 0.041
4586.86973 18.396 0.048
4587.88161 18.389 0.062
4588.77185 18.381 0.043
4589.74117 18.477 0.052
4590.82083 18.411 0.044
4591.73365 18.467 0.047
4592.80719 18.418 0.051
4593.79267 18.430 0.045
4594.82099 18.353 0.042
4594.93730 18.431 0.065
4595.81181 18.393 0.043
4596.76744 18.420 0.039
4596.89127 18.361 0.045
4596.92675 18.356 0.043
4597.75045 18.418 0.045
4597.82933 18.445 0.047
4598.64715 18.360 0.038
4598.79883 18.344 0.033
4599.77802 18.398 0.039
4600.80043 18.371 0.033
4601.78901 18.397 0.038
4602.79266 18.394 0.038
4606.85449 18.408 0.053
4611.77005 18.359 0.060
4616.76221 18.392 0.038
4618.66662 18.311 0.046
4622.74537 18.382 0.046
4623.81842 18.422 0.053
4624.75720 18.328 0.047
4625.56975 18.354 0.062
4625.74018 18.429 0.054
4626.80221 18.405 0.047
4627.71944 18.406 0.035
4628.70829 18.356 0.040
4629.77781 18.354 0.042
4630.71698 18.367 0.037
4631.73283 18.381 0.035
4632.76666 18.352 0.041
4633.90209 18.383 0.074
4639.85479 18.391 0.092
4641.89691 18.375 0.072
4642.54266 18.342 0.053
4643.69970 18.434 0.046
4644.78923 18.372 0.044
4645.70183 18.513 0.056
4646.66875 18.506 0.043
4647.69073 18.414 0.047
4649.67521 18.358 0.041
4650.71337 18.428 0.050
4651.71391 18.441 0.051
4652.64649 18.469 0.048
4653.66030 18.447 0.044
4654.67873 18.405 0.046
4655.67939 18.387 0.038
4656.64578 18.391 0.047
4658.80309 18.440 0.077
4661.63547 18.373 0.042
4666.50668 18.396 0.061
4671.69175 18.367 0.046
4672.65157 18.370 0.052
4674.67948 18.514 0.056
4677.72365 18.453 0.055
4681.70759 18.402 0.052
4682.70520 18.420 0.041
4683.66125 18.473 0.053
4684.68001 18.423 0.053
4684.77316 18.398 0.063
4685.70581 18.366 0.045
4687.69405 18.316 0.054
4688.63997 18.392 0.044
4694.72405 18.473 0.087
4697.64881 18.439 0.063
4698.66695 18.305 0.055
4700.66217 18.533 0.058
4701.64549 18.377 0.051
4702.65994 18.361 0.050
4708.68156 18.457 0.055
4715.64264 18.461 0.066
4720.64829 18.734 0.134
4721.65607 18.284 0.071
4722.64632 18.573 0.072
4725.61922 18.580 0.080
4726.64744 18.571 0.080
4733.60851 18.375 0.058
4739.50125 18.362 0.051
4750.55059 18.519 0.085
4757.55744 18.345 0.049
4763.53378 18.476 0.062
4877.87391 18.326 0.040
4883.88779 18.404 0.066
4886.85451 18.424 0.054
4890.82704 18.403 0.048
4894.87801 18.570 0.074
4898.89003 18.325 0.045
4900.85678 18.419 0.047
4901.90841 18.408 0.048
4902.83400 18.403 0.045
4903.89667 18.353 0.044
4904.86216 18.435 0.048
4911.89737 18.389 0.036
4913.91081 18.451 0.046
4924.90541 18.382 0.040
4928.81216 18.533 0.067
4930.74763 18.306 0.049
4931.88974 18.407 0.049
4932.79759 18.266 0.042
4933.74520 18.416 0.059
4934.84345 18.342 0.045
4938.85195 18.393 0.051
4940.79668 18.514 0.052
4941.84849 18.480 0.053
4942.87453 18.384 0.041
4943.73110 18.445 0.039
4944.79600 18.338 0.037
4949.81047 18.359 0.042
4950.71168 18.303 0.040
4951.79441 18.394 0.045
4951.83544 18.393 0.050
4953.73998 18.390 0.043
5260.87825 18.555 0.028
5261.80922 18.551 0.031
5262.84681 18.617 0.087
5265.86364 18.532 0.029
5266.81005 18.563 0.032
5267.83727 18.539 0.030
5268.83970 18.529 0.027
5269.80339 18.502 0.026
5270.80907 18.475 0.025
5271.80389 18.543 0.030
5272.80975 18.550 0.035
5273.79475 18.523 0.031
5274.81322 18.583 0.031
5275.79957 18.508 0.035
5276.77774 18.505 0.031
5276.90522 18.510 0.026
5277.81428 18.531 0.045
5278.80985 18.573 0.032
5279.81112 18.519 0.043
5280.81773 18.490 0.026
5281.79765 18.451 0.024
5282.82037 18.546 0.027
5283.78049 18.455 0.031
5283.87179 18.536 0.026
5284.78608 18.545 0.041
5285.77693 18.493 0.040
5285.90692 18.501 0.030
5286.79253 18.588 0.049
5287.84571 18.522 0.028
5288.77110 18.586 0.039
5289.82297 18.551 0.034
5293.85091 18.520 0.027
5294.75870 18.549 0.027
5294.79578 18.563 0.022
5294.83317 18.533 0.022
5294.86327 18.592 0.021
5294.90429 18.559 0.024
5295.76018 18.559 0.025
5295.79865 18.579 0.026
5295.83661 18.556 0.026
5295.87476 18.595 0.023
5295.91378 18.537 0.025
5296.80377 18.523 0.022
5296.83824 18.544 0.021
5296.87602 18.524 0.020
5297.75708 18.529 0.025
5297.79708 18.539 0.024
5297.83498 18.540 0.022
5297.87301 18.546 0.022
5297.91195 18.503 0.026
5298.79790 18.560 0.026
5298.83565 18.544 0.026
5298.87386 18.559 0.021
5298.91337 18.519 0.024
5299.74473 18.626 0.027
5299.82008 18.576 0.022
5299.85805 18.588 0.024
5299.89849 18.491 0.024
5300.85350 18.533 0.023
5300.89413 18.444 0.024
5301.74918 18.526 0.028
5301.78685 18.580 0.027
5301.82415 18.526 0.026
5301.86240 18.589 0.033
5301.90261 18.452 0.041
5303.91013 18.555 0.033
5304.74716 18.534 0.037
5306.68279 18.594 0.033
5306.71988 18.559 0.027
5306.78422 18.577 0.024
5306.84748 18.553 0.024
5306.88739 18.497 0.022
5306.92540 18.566 0.027
5307.73328 18.547 0.030
5307.79690 18.544 0.023
5307.83490 18.531 0.027
5307.87610 18.546 0.024
5307.91372 18.521 0.027
5308.72573 18.523 0.030
5308.78701 18.496 0.022
5308.82447 18.539 0.025
5308.86485 18.533 0.026
5309.69919 18.489 0.034
5309.79213 18.498 0.024
5309.83464 18.508 0.023
5309.87935 18.516 0.024
5309.91680 18.540 0.026
5310.68415 18.511 0.035
5310.76801 18.586 0.033
5310.83039 18.630 0.026
5310.87665 18.605 0.025
5310.91415 18.530 0.024
5311.80443 18.610 0.032
5311.86282 18.525 0.027
5311.90765 18.542 0.030
5312.73325 18.579 0.037
5312.77435 18.555 0.037
5312.81348 18.558 0.033
5312.85803 18.572 0.033
5312.89761 18.516 0.030
5313.80703 18.529 0.037
5313.84709 18.524 0.034
5313.88638 18.535 0.038
5313.92390 18.561 0.040
5314.69675 18.530 0.043
5314.73712 18.440 0.036
5314.77711 18.583 0.041
5314.82064 18.611 0.034
5314.87207 18.472 0.036
5314.90946 18.563 0.036
5315.67498 18.532 0.054
5315.71825 18.498 0.050
5315.76025 18.517 0.040
5315.79765 18.523 0.034
5315.83691 18.492 0.043
5315.87855 18.551 0.043
5315.91783 18.563 0.049
5316.71331 18.527 0.047
5316.75640 18.503 0.050
5316.79339 18.556 0.052
5316.83725 18.585 0.053
5319.80938 18.516 0.034
5319.85339 18.498 0.037
5319.89767 18.592 0.054
5319.93507 18.402 0.072
5320.67300 18.535 0.044
5320.71538 18.541 0.036
5320.75407 18.595 0.040
5320.79175 18.626 0.035
5320.83245 18.553 0.032
5320.87328 18.521 0.033
5320.91278 18.529 0.032
5321.67065 18.553 0.048
5321.73852 18.529 0.031
5321.77827 18.524 0.029
5321.81626 18.529 0.034
5321.85799 18.537 0.030
5321.89535 18.535 0.029
5321.93246 18.571 0.041
5322.74715 18.401 0.039
5322.82388 18.580 0.031
5322.86646 18.526 0.030
5322.89169 18.523 0.037
5322.93201 18.589 0.034
5323.71613 18.549 0.036
5323.75617 18.523 0.030
5323.79551 18.566 0.029
5323.83748 18.566 0.032
5323.87638 18.541 0.031
5323.91384 18.588 0.037
5324.65494 18.511 0.040
5324.71982 18.562 0.032
5324.75718 18.566 0.031
5324.79564 18.596 0.041
5324.83633 18.528 0.034
5324.87371 18.522 0.031
5324.91436 18.543 0.028
5325.65024 18.546 0.029
5325.71024 18.572 0.028
5325.74821 18.490 0.025
5325.78541 18.512 0.026
5325.82726 18.554 0.027
5325.87236 18.511 0.029
5325.91116 18.527 0.033
5326.62165 18.634 0.055
5326.68530 18.604 0.032
5326.74613 18.528 0.028
5326.78378 18.539 0.021
5326.82346 18.528 0.026
5326.86115 18.563 0.032
5326.89957 18.540 0.028
5327.62525 18.514 0.025
5327.69963 18.584 0.030
5327.77083 18.513 0.028
5327.80982 18.582 0.031
5327.84800 18.520 0.026
5327.88707 18.531 0.029
5327.92491 18.499 0.028
5328.62151 18.595 0.033
5328.72662 18.584 0.027
5328.76529 18.536 0.024
5328.80275 18.547 0.029
5328.84358 18.537 0.028
5328.88132 18.445 0.026
5328.91896 18.593 0.028
5329.71920 18.522 0.030
5334.67032 18.396 0.042
5334.75038 18.561 0.027
5334.80713 18.527 0.026
5334.84856 18.552 0.030
5334.88901 18.518 0.035
5334.92679 18.556 0.036
5335.73213 18.570 0.022
5335.77139 18.543 0.034
5335.81209 18.618 0.029
5335.85054 18.552 0.029
5335.88816 18.555 0.036
5335.92717 18.529 0.031
5336.80546 18.531 0.028
5336.89712 18.567 0.036
5336.93471 18.534 0.039
5337.78151 18.579 0.028
5337.82130 18.601 0.033
5337.85970 18.569 0.039
5337.89752 18.600 0.038
5337.93594 18.642 0.051
5338.77915 18.576 0.042
5338.82178 18.579 0.045
5338.87848 18.399 0.045
5339.65632 18.510 0.040
5339.69427 18.536 0.038
5339.76089 18.528 0.026
5339.85364 18.539 0.038
5339.89374 18.496 0.052
5339.93168 18.516 0.039
5340.64034 18.583 0.055
5340.67970 18.574 0.047
5340.76598 18.573 0.040
5340.82233 18.608 0.049
5340.86097 18.538 0.041
5340.89877 18.613 0.051
5340.93644 18.659 0.050
5341.61087 18.566 0.038
5341.68407 18.504 0.030
5341.79166 18.504 0.030
5341.83013 18.483 0.029
5341.86791 18.519 0.033
5341.90820 18.543 0.033
5342.58240 18.600 0.065
5342.61980 18.564 0.043
5342.65749 18.604 0.043
5342.69488 18.562 0.036
5342.73306 18.603 0.034
5342.77638 18.495 0.040
5342.81558 18.495 0.040
5342.85370 18.583 0.037
5342.89133 18.516 0.040
5342.92921 18.521 0.051
5343.60063 18.628 0.060
5343.63826 18.650 0.052
5343.67592 18.537 0.044
5343.71371 18.542 0.036
5343.75170 18.526 0.034
5343.79240 18.503 0.039
5343.83137 18.539 0.040
5343.88218 18.536 0.045
5343.92005 18.506 0.041
5348.61837 18.597 0.046
5348.71314 18.596 0.048
5348.77866 18.534 0.034
5348.81659 18.617 0.040
5348.86076 18.524 0.031
5348.89906 18.540 0.043
5348.93874 18.610 0.054
5349.72658 18.527 0.035
5349.79212 18.584 0.037
5349.82969 18.526 0.043
5350.62951 18.566 0.043
5350.66748 18.584 0.044
5350.70485 18.504 0.034
5350.74578 18.571 0.042
5351.61103 18.555 0.037
5351.67626 18.534 0.028
5351.75942 18.592 0.033
5351.84384 18.521 0.031
5351.90218 18.514 0.037
5352.62487 18.483 0.034
5352.68773 18.546 0.025
5352.77368 18.522 0.031
5352.85640 18.595 0.032
5352.89855 18.453 0.032
5353.57903 18.455 0.030
5353.66185 18.545 0.026
5353.74197 18.560 0.025
5353.79341 18.520 0.026
5353.83114 18.552 0.028
5353.88115 18.486 0.032
5354.59705 18.558 0.031
5354.68687 18.546 0.029
5354.78387 18.547 0.029
5354.84291 18.554 0.031
5354.88310 18.494 0.038
5354.92159 18.513 0.038
5355.62738 18.578 0.032
5355.71172 18.546 0.028
5355.79893 18.547 0.032
5355.83956 18.489 0.033
5355.88487 18.592 0.053
5357.62603 18.626 0.035
5357.71100 18.544 0.028
5357.80357 18.591 0.041
5357.88496 18.654 0.040
5358.68008 18.478 0.026
5358.77318 18.571 0.037
5359.59453 18.583 0.044
5359.63563 18.522 0.032
5359.69053 18.569 0.032
5359.73881 18.564 0.035
5359.78751 18.477 0.028
5359.83156 18.562 0.033
5359.87130 18.484 0.040
5361.63738 18.524 0.042
5361.68339 18.385 0.032
5362.59800 18.530 0.037
5362.69729 18.541 0.029
5362.79915 18.616 0.036
5362.89285 18.545 0.043
5364.53669 18.480 0.041
5364.58113 18.593 0.030
5364.66841 18.610 0.030
5364.76383 18.542 0.032
5364.80498 18.534 0.037
5364.84445 18.538 0.037
5364.88441 18.542 0.039
5365.55395 18.520 0.040
5365.60132 18.551 0.033
5365.69181 18.584 0.028
5365.78650 18.635 0.033
5365.84286 18.621 0.037
5365.88146 18.546 0.041
5368.62884 18.499 0.039
5369.71358 18.584 0.051
5369.75935 18.580 0.046
5369.79802 18.511 0.044
5369.83715 18.550 0.041
5376.64342 18.530 0.041
5376.68434 18.544 0.040
5376.72327 18.689 0.048
5376.76164 18.545 0.038
5376.79979 18.533 0.039
5376.83779 18.546 0.050
5376.87570 18.574 0.063
5377.53253 18.560 0.040
5377.61531 18.509 0.037
5377.68338 18.551 0.030
5377.73228 18.546 0.031
5377.77532 18.567 0.034
5377.81304 18.565 0.034
5377.85124 18.455 0.037
5378.50743 18.522 0.031
5378.59115 18.511 0.025
5378.67974 18.455 0.023
5378.73717 18.501 0.023
5378.77521 18.530 0.024
5378.81371 18.513 0.028
5378.85362 18.536 0.036
5379.49253 18.523 0.037
5379.54292 18.531 0.031
5379.62778 18.603 0.029
5379.71475 18.520 0.027
5379.76800 18.518 0.027
5379.80587 18.551 0.034
5379.84395 18.598 0.043
5380.50396 18.634 0.042
5380.54183 18.562 0.030
5380.60997 18.549 0.030
5380.69704 18.553 0.026
5380.73771 18.551 0.028
5380.77570 18.522 0.028
5380.81381 18.557 0.044
5380.85182 18.616 0.059
5381.55133 18.553 0.034
5381.58882 18.536 0.050
5381.64761 18.503 0.042
5381.68883 18.489 0.034
5381.72684 18.522 0.051
5381.76510 18.493 0.046
5381.81191 18.567 0.047
5381.85004 18.547 0.047
5382.54006 18.573 0.046
5382.58445 18.533 0.043
5382.62738 18.558 0.046
5382.66870 18.513 0.037
5382.70870 18.497 0.037
5382.74672 18.499 0.038
5382.79147 18.559 0.045
5382.83524 18.478 0.048
5384.77655 18.593 0.046
5384.83042 18.564 0.057
5385.48601 18.566 0.035
5385.56783 18.496 0.022
5385.82457 18.533 0.024
5386.47137 18.501 0.033
5386.51232 18.562 0.036
5386.59441 18.537 0.031
5386.67881 18.524 0.033
5386.69340 18.600 0.025
5386.75774 18.515 0.023
5386.79717 18.498 0.024
5386.83912 18.505 0.026
5387.54229 18.503 0.024
5387.70166 18.527 0.023
5387.74007 18.520 0.022
5387.78094 18.553 0.026
5387.82430 18.472 0.027
5388.48187 18.584 0.038
5388.51975 18.575 0.031
5388.60697 18.515 0.022
5388.71428 18.480 0.027
5388.77874 18.519 0.029
5388.82186 18.548 0.035
5389.48092 18.538 0.046
5389.51901 18.572 0.032
5389.58280 18.537 0.027
5389.68797 18.529 0.025
5389.76995 18.476 0.029
5389.80914 18.538 0.031
5389.84885 18.570 0.041
5390.55224 18.511 0.035
5390.59805 18.607 0.036
5390.68362 18.455 0.036
5390.73374 18.522 0.026
5390.77159 18.592 0.026
5390.80932 18.512 0.027
5391.50341 18.620 0.044
5391.54329 18.486 0.044
5391.58069 18.567 0.030
5391.68997 18.576 0.028
5391.79519 18.486 0.032
5391.83291 18.526 0.032
5392.48054 18.597 0.041
5392.51842 18.527 0.032
5392.55840 18.593 0.033
5392.66483 18.479 0.028
5392.77277 18.542 0.029
5392.81045 18.520 0.030
5393.62584 18.560 0.039
5393.66530 18.523 0.037
5393.70364 18.575 0.039
5393.74395 18.740 0.054
5393.78714 18.414 0.035
5393.82489 18.577 0.046
5395.81959 18.605 0.041
5396.53925 18.551 0.053
5396.61444 18.491 0.032
5396.67674 18.537 0.030
5396.71132 18.496 0.028
5396.78392 18.474 0.028
5397.58911 18.489 0.050
5397.63894 18.370 0.044
5397.67716 18.490 0.041
5397.75945 18.700 0.052
5402.65377 18.685 0.106
5403.46859 18.611 0.043
5403.50605 18.459 0.029
5403.54329 18.543 0.034
5403.58119 18.568 0.034
5403.62248 18.552 0.034
5403.66107 18.565 0.033
5403.69886 18.546 0.032
5403.73969 18.546 0.037
5403.77763 18.598 0.053
5404.48139 18.476 0.030
5404.51927 18.512 0.031
5404.55706 18.580 0.035
5404.59546 18.628 0.042
5404.63807 18.484 0.031
5404.67763 18.585 0.036
5404.71652 18.488 0.035
5404.75603 18.498 0.033
5405.61518 18.483 0.042
5405.65446 18.634 0.041
5405.69439 18.549 0.036
5405.73214 18.579 0.041
5405.76964 18.600 0.034
5407.46912 18.564 0.053
5407.50893 18.639 0.038
5407.54698 18.626 0.037
5407.58557 18.424 0.038
5407.62598 18.460 0.039
5407.66428 18.642 0.046
5407.70320 18.534 0.040
5407.74127 18.545 0.037
5407.77912 18.652 0.046
5408.53345 18.520 0.041
5408.58081 18.561 0.037
5408.62107 18.525 0.035
5408.65885 18.597 0.041
5408.69756 18.593 0.038
5408.73548 18.586 0.040
5408.77316 18.588 0.053
5409.48339 18.529 0.030
5409.52464 18.509 0.029
5409.63052 18.592 0.026
5409.73753 18.521 0.031
5409.77530 18.529 0.034
5410.48760 18.493 0.032
5410.52575 18.525 0.031
5410.63405 18.556 0.030
5410.74121 18.513 0.034
5410.77966 18.472 0.031
5411.50219 18.569 0.029
5411.56261 18.606 0.024
5411.67075 18.555 0.022
5411.75471 18.517 0.033
5412.52586 18.516 0.034
5412.56424 18.597 0.041
5412.60429 18.511 0.035
5412.64250 18.481 0.036
5412.68572 18.452 0.029
5412.75993 18.524 0.042
5413.50550 18.571 0.031
5413.58947 18.584 0.028
5413.69734 18.573 0.026
5413.75771 18.510 0.032
5414.48593 18.552 0.027
5414.52371 18.534 0.023
5414.63346 18.516 0.021
5414.74428 18.580 0.028
5416.60258 18.573 0.041
5416.64851 18.552 0.033
5416.71133 18.537 0.035
5418.56710 18.535 0.024
5418.61134 18.535 0.026
5418.66636 18.571 0.027
5418.71298 18.524 0.027
5421.51990 18.513 0.031
5421.57924 18.543 0.027
5421.62530 18.481 0.033
5421.66812 18.520 0.031
5421.71387 18.515 0.029
5422.50304 18.515 0.031
5422.54714 18.521 0.024
5422.67101 18.550 0.024
5423.48481 18.535 0.024
5423.52670 18.593 0.025
5423.63145 18.529 0.030
5425.49374 18.523 0.030
5425.53490 18.540 0.027
5426.50217 18.452 0.050
5426.54122 18.579 0.046
5426.69245 18.666 0.075
5430.48809 18.545 0.040
5430.52796 18.517 0.035
5430.57277 18.622 0.044
5430.61196 18.535 0.034
5430.64999 18.530 0.037
5431.48913 18.479 0.034
5431.52859 18.615 0.036
5431.56791 18.562 0.038
5431.60942 18.637 0.037
5431.64702 18.632 0.043
5431.68796 18.508 0.047
5432.62497 18.519 0.043
5432.66786 18.606 0.053
5433.64261 18.592 0.055
5433.68790 18.648 0.050
5434.51978 18.498 0.037
5434.56411 18.474 0.032
5434.60709 18.544 0.032
5434.64957 18.526 0.032
5434.69192 18.527 0.035
5435.49131 18.528 0.035
5435.53426 18.581 0.034
5435.60094 18.491 0.029
5435.65450 18.543 0.029
5435.69515 18.538 0.031
5436.48905 18.506 0.030
5436.58794 18.526 0.035
5436.70222 18.555 0.035
5437.54348 18.566 0.026
5437.67452 18.457 0.029
5438.52437 18.428 0.035
5438.58967 18.490 0.033
5438.66411 18.576 0.028
5438.70172 18.589 0.030
5439.53852 18.553 0.041
5439.57994 18.485 0.035
5439.61773 18.500 0.036
5439.65574 18.512 0.032
5443.51020 18.523 0.035
5443.54815 18.521 0.036
5443.59418 18.519 0.039
5443.63190 18.531 0.032
5443.67557 18.526 0.031
5444.50522 18.546 0.032
5444.55674 18.591 0.032
5444.60840 18.520 0.031
5444.64649 18.479 0.028
5445.47994 18.537 0.030
5445.57781 18.539 0.029
5445.65392 18.542 0.027
5446.48436 18.546 0.032
5446.53549 18.504 0.028
5446.57596 18.533 0.034
5446.61466 18.526 0.026
5446.65451 18.493 0.025
5447.50309 18.533 0.023
5447.54567 18.645 0.033
5447.60957 18.579 0.028
5448.47688 18.499 0.045
5448.52169 18.564 0.034
5448.57578 18.519 0.033
5449.47806 18.537 0.045
5449.51640 18.530 0.036
5449.54740 18.522 0.031
5449.63100 18.567 0.031
5450.51916 18.536 0.043
5450.55667 18.469 0.036
5450.60533 18.580 0.039
5450.64523 18.452 0.039
5451.64653 18.631 0.048
5453.47936 18.574 0.066
5453.57908 18.543 0.033
5457.49756 18.537 0.025
5457.55542 18.522 0.024
5457.60267 18.544 0.031
5458.48793 18.668 0.045
5458.54409 18.545 0.051
5458.58704 18.565 0.035
5459.50555 18.526 0.043
5459.55310 18.552 0.031
5459.60219 18.515 0.028
5460.49357 18.530 0.044
5460.53955 18.600 0.060
5460.58883 18.451 0.064
5461.50030 18.381 0.047
5461.54994 18.342 0.051
5461.59229 18.355 0.034
5462.48145 18.223 0.039
5462.56161 18.172 0.026
5463.51429 18.253 0.027
5463.58864 18.203 0.026
5464.50646 18.234 0.027
5464.54846 18.256 0.030
5465.51157 18.212 0.030
5467.48474 18.296 0.033
5468.55427 18.290 0.034
5469.60908 18.342 0.027
5471.51898 18.498 0.033
5471.58741 18.479 0.029
5472.55311 18.603 0.040
5473.50276 18.451 0.039
5476.49398 18.572 0.036
5477.54097 18.584 0.040
5479.51016 18.525 0.040
5480.50540 18.630 0.042
5480.56912 18.508 0.035
5481.54163 18.540 0.069
5485.52189 18.572 0.040
5486.50831 18.491 0.041
5487.48807 18.480 0.039
5487.55171 18.537 0.035
5488.54165 18.640 0.039
5489.52979 18.470 0.045
5490.52818 18.554 0.056
5492.52986 18.541 0.055
5494.53507 18.421 0.045
5495.53897 18.506 0.036
5497.53649 18.469 0.034
5502.50494 18.574 0.045
5598.86658 18.456 0.030
5599.88228 18.556 0.038
5600.87289 18.599 0.032
5602.86580 18.607 0.050
5604.87399 18.577 0.040
5605.87209 18.536 0.027
5606.86981 18.462 0.031
5607.87413 18.606 0.034
5608.86902 18.538 0.040
5611.85343 18.484 0.052
5612.86865 18.605 0.041
5614.85410 18.509 0.035
5615.86240 18.524 0.032
5616.85545 18.564 0.042
5617.89305 18.607 0.087
5620.84350 18.589 0.038
5621.84632 18.522 0.028
5622.88386 18.631 0.025
5624.83899 18.482 0.026
5625.81814 18.570 0.037
5626.81397 18.513 0.062
5627.84239 18.539 0.029
5628.85312 18.493 0.027
5629.82132 18.626 0.039
5630.79875 18.631 0.036
5631.82599 18.584 0.050
5632.83379 18.502 0.029
5633.79102 18.469 0.027
5634.84588 18.579 0.035
5635.85443 18.559 0.041
5637.81433 18.602 0.062
5638.79322 18.521 0.042
5639.79236 18.577 0.039
5639.86791 18.507 0.028
5640.75719 18.525 0.054
5640.80005 18.549 0.039
5640.83847 18.606 0.044
5640.88704 18.488 0.029
5641.75339 18.570 0.041
5641.79393 18.507 0.035
5641.87350 18.527 0.032
5642.75971 18.556 0.043
5642.79525 18.526 0.032
5642.85426 18.459 0.032
5642.87555 18.538 0.035
5642.91762 18.562 0.072
5643.76977 18.599 0.042
5643.80805 18.479 0.033
5643.90903 18.571 0.034
5644.77750 18.648 0.051
5644.81821 18.493 0.044
5644.88878 18.560 0.036
5647.85410 18.559 0.047
5647.87432 18.563 0.048
5647.89028 18.510 0.056
5647.90867 18.446 0.055
5648.75937 18.616 0.035
5648.82479 18.554 0.028
5648.86693 18.567 0.028
5648.91234 18.516 0.038
5649.76579 18.577 0.030
5649.80777 18.573 0.025
5649.87219 18.578 0.026
5649.91052 18.575 0.030
5650.75758 18.589 0.028
5650.82012 18.588 0.026
5650.86416 18.590 0.028
5650.91305 18.485 0.028
5651.77820 18.526 0.028
5651.82124 18.475 0.027
5651.89761 18.545 0.027
5652.75827 18.547 0.026
5652.82157 18.538 0.023
5652.86347 18.564 0.025
5653.78688 18.557 0.024
5653.91731 18.606 0.026
5654.79207 18.546 0.029
5654.83832 18.487 0.027
5654.88247 18.616 0.028
5655.74053 18.508 0.031
5655.77963 18.470 0.028
5655.81757 18.470 0.027
5655.85848 18.618 0.028
5655.90874 18.706 0.031
5656.80003 18.523 0.027
5656.84090 18.539 0.023
5656.92754 18.604 0.062
5657.78882 18.564 0.026
5657.82978 18.545 0.023
5657.87526 18.592 0.024
5657.91965 18.527 0.029
5658.78567 18.690 0.040
5658.84269 18.584 0.028
5658.88113 18.616 0.034
5658.92222 18.486 0.044
5659.73734 18.565 0.026
5659.77496 18.541 0.028
5659.81425 18.542 0.030
5659.85707 18.607 0.039
5659.90471 18.580 0.027
5660.74125 18.627 0.030
5660.78577 18.584 0.031
5660.82747 18.585 0.027
5660.89911 18.574 0.031
5662.73635 18.567 0.035
5662.77677 18.557 0.035
5662.83783 18.537 0.032
5662.87652 18.584 0.029
5662.91790 18.511 0.027
5664.73775 18.511 0.046
5664.78313 18.567 0.035
5664.84330 18.486 0.032
5664.88352 18.501 0.039
5664.92618 18.538 0.043
5665.75020 18.435 0.032
5665.79590 18.538 0.028
5665.86011 18.579 0.029
5665.90778 18.531 0.026
5667.73539 18.491 0.029
5667.74696 18.439 0.027
5667.78800 18.548 0.028
5667.83973 18.518 0.026
5667.89424 18.537 0.024
5668.72180 18.532 0.038
5668.77893 18.537 0.035
5668.84544 18.569 0.038
5668.90042 18.426 0.037
5669.74088 18.443 0.034
5669.78899 18.556 0.030
5669.83802 18.617 0.029
5669.88983 18.478 0.030
5670.72300 18.539 0.036
5670.76346 18.530 0.033
5670.82667 18.563 0.039
5670.86753 18.588 0.030
5670.90893 18.590 0.035
5671.74492 18.597 0.037
5675.70877 18.493 0.029
5675.74723 18.593 0.035
5675.78510 18.490 0.029
5675.82592 18.573 0.034
5675.89535 18.585 0.035
5676.67328 18.508 0.022
5676.71178 18.636 0.018
5676.75092 18.634 0.021
5676.79053 18.589 0.028
5676.85509 18.577 0.026
5676.90116 18.532 0.022
5677.70266 18.542 0.030
5677.74804 18.568 0.025
5677.78940 18.566 0.029
5677.83956 18.526 0.029
5677.89192 18.558 0.023
5679.67054 18.511 0.034
5679.71117 18.449 0.025
5679.75259 18.546 0.027
5679.80469 18.538 0.031
5679.85574 18.517 0.025
5679.89604 18.513 0.025
5680.65814 18.569 0.043
5680.69716 18.600 0.042
5680.73589 18.514 0.031
5680.78538 18.527 0.032
5680.83828 18.462 0.025
5680.88220 18.506 0.024
5680.92247 18.560 0.030
5681.68763 18.646 0.036
5681.72579 18.517 0.029
5681.76555 18.568 0.027
5681.82818 18.582 0.029
5681.87284 18.578 0.034
5681.91280 18.539 0.028
5682.67483 18.554 0.034
5682.71667 18.597 0.031
5682.76427 18.544 0.027
5682.81605 18.600 0.030
5682.89627 18.563 0.028
5682.93526 18.613 0.047
5683.69740 18.552 0.028
5683.76810 18.508 0.026
5683.81659 18.521 0.022
5683.87736 18.531 0.025
5683.91920 18.490 0.024
5684.67954 18.513 0.027
5684.72990 18.573 0.028
5684.78077 18.584 0.028
5684.83288 18.494 0.026
5684.89143 18.547 0.026
5684.93169 18.609 0.041
5685.76721 18.569 0.024
5685.80617 18.581 0.022
5685.85846 18.558 0.021
5685.90251 18.489 0.022
5686.65493 18.575 0.039
5686.71689 18.615 0.027
5686.76227 18.548 0.024
5686.81312 18.553 0.024
5686.86332 18.470 0.032
5686.90259 18.538 0.033
5687.65627 18.609 0.043
5687.70054 18.527 0.040
5687.75239 18.631 0.032
5687.79439 18.652 0.030
5687.84665 18.562 0.027
5688.87015 18.753 0.032
5688.92715 18.613 0.044
5689.69914 18.671 0.028
5689.77396 18.571 0.026
5689.81392 18.612 0.024
5690.64204 18.594 0.035
5690.69222 18.600 0.028
5690.74899 18.607 0.042
5690.79350 18.532 0.030
5690.83973 18.510 0.039
5690.90565 18.644 0.047
5691.66042 18.518 0.031
5691.73135 18.581 0.027
5691.77440 18.612 0.032
5691.82390 18.588 0.029
5691.86388 18.510 0.029
5691.93170 18.625 0.051
5692.66330 18.538 0.035
5692.71875 18.565 0.030
5692.76599 18.633 0.029
5692.80577 18.575 0.031
5692.84470 18.522 0.027
5692.88312 18.587 0.033
5692.92071 18.561 0.033
5693.63376 18.627 0.038
5693.68232 18.541 0.026
5693.75176 18.516 0.024
5693.78953 18.567 0.023
5693.82878 18.548 0.025
5693.86640 18.524 0.028
5693.90433 18.512 0.030
5694.61526 18.556 0.038
5694.64583 18.548 0.035
5694.68375 18.575 0.031
5694.75001 18.565 0.030
5694.79820 18.589 0.029
5694.83701 18.507 0.025
5694.87435 18.610 0.034
5694.91202 18.506 0.031
5695.61911 18.565 0.039
5695.65752 18.509 0.033
5695.73846 18.602 0.040
5695.79419 18.511 0.025
5695.83846 18.563 0.025
5695.87643 18.546 0.025
5695.91398 18.605 0.026
5696.61066 18.465 0.043
5696.64395 18.548 0.037
5696.69353 18.544 0.034
5696.74110 18.520 0.028
5696.78060 18.655 0.036
5696.82454 18.476 0.027
5696.86597 18.543 0.032
5696.92448 18.491 0.030
5697.61397 18.521 0.041
5697.66135 18.534 0.031
5697.70891 18.564 0.031
5697.74758 18.533 0.033
5697.78979 18.598 0.031
5697.82885 18.527 0.026
5697.86913 18.503 0.029
5697.91112 18.576 0.030
5698.60653 18.610 0.059
5698.64388 18.530 0.047
5698.69456 18.559 0.044
5698.73456 18.587 0.042
5698.77272 18.661 0.048
5698.81504 18.575 0.035
5698.85335 18.544 0.033
5698.89326 18.581 0.046
5698.93771 18.534 0.058
5702.91628 18.593 0.082
5703.68423 18.562 0.050
5703.71540 18.474 0.050
5703.76306 18.549 0.043
5703.83290 18.565 0.047
5705.71109 18.602 0.045
5705.75341 18.546 0.039
5705.79784 18.459 0.046
5705.85517 18.640 0.039
5705.90186 18.562 0.046
5706.64489 18.632 0.053
5706.74042 18.590 0.047
5706.79215 18.503 0.036
5706.85788 18.478 0.040
5707.59019 18.542 0.036
5707.62834 18.582 0.034
5707.68487 18.597 0.033
5707.72301 18.453 0.032
5707.76219 18.549 0.026
5707.80259 18.538 0.027
5707.84201 18.522 0.026
5707.88177 18.604 0.038
5707.92872 18.665 0.045
5708.60774 18.641 0.036
5708.66375 18.500 0.029
5708.71415 18.577 0.035
5708.75227 18.568 0.036
5708.80310 18.613 0.038
5708.84675 18.486 0.043
5708.89773 18.599 0.060
5709.58293 18.462 0.036
5709.63589 18.570 0.036
5709.79148 18.488 0.028
5711.69433 18.613 0.033
5712.59558 18.669 0.054
5712.67030 18.569 0.030
5712.68291 18.519 0.029
5712.72204 18.540 0.026
5712.76370 18.516 0.023
5712.80459 18.563 0.026
5712.84401 18.511 0.027
5712.91972 18.511 0.039
5713.77267 18.629 0.025
5713.81935 18.518 0.026
5713.85994 18.744 0.038
5714.59972 18.590 0.049
5714.61415 18.519 0.037
5714.69041 18.631 0.033
5715.56849 18.629 0.034
5715.61986 18.506 0.026
5715.67189 18.542 0.025
5715.71371 18.586 0.027
5715.76330 18.590 0.028
5715.80490 18.610 0.026
5715.84708 18.579 0.028
5715.90333 18.551 0.037
5716.59011 18.539 0.044
5716.60278 18.577 0.035
5716.61749 18.555 0.035
5716.63012 18.488 0.031
5716.69053 18.499 0.032
5716.74396 18.612 0.028
5716.78764 18.528 0.027
5716.82674 18.567 0.032
5716.86750 18.550 0.033
5716.91458 18.586 0.042
5721.63287 18.567 0.033
5721.71115 18.652 0.037
5721.77948 18.543 0.028
5721.81865 18.541 0.029
5721.87072 18.532 0.035
5721.91186 18.554 0.051
5722.60419 18.488 0.034
5722.61779 18.502 0.028
5722.65860 18.541 0.028
5722.67219 18.566 0.027
5722.71336 18.497 0.028
5722.77840 18.485 0.025
5722.81794 18.626 0.033
5723.56043 18.510 0.038
5723.60845 18.578 0.031
5723.65587 18.596 0.033
5723.69651 18.551 0.032
5723.73755 18.508 0.027
5723.77598 18.584 0.030
5723.81497 18.609 0.026
5723.85464 18.506 0.031
5724.55529 18.395 0.056
5724.55801 18.473 0.057
5724.62411 18.538 0.043
5724.63661 18.700 0.052
5724.67469 18.427 0.032
5724.68875 18.511 0.035
5724.73769 18.572 0.033
5724.78625 18.504 0.033
5724.82695 18.639 0.036
5725.57789 18.529 0.029
5725.59134 18.546 0.026
5725.60480 18.513 0.027
5725.64540 18.509 0.031
5725.65968 18.547 0.029
5725.71214 18.510 0.024
5725.75180 18.556 0.028
5725.79156 18.508 0.028
5726.55577 18.538 0.046
5726.60062 18.516 0.042
5726.63848 18.583 0.037
5726.68598 18.550 0.031
5726.72702 18.604 0.070
5726.76633 18.558 0.055
5726.81124 18.530 0.040
5734.65990 18.567 0.050
5734.70281 18.529 0.050
5734.75098 18.530 0.047
5734.79412 18.557 0.038
5734.84283 18.586 0.048
5734.88749 18.449 0.047
5735.67794 18.601 0.044
5735.74273 18.613 0.033
5735.78952 18.510 0.031
5735.83593 18.552 0.036
5735.88057 18.554 0.047
5736.53867 18.584 0.033
5736.57665 18.547 0.031
5736.61881 18.563 0.022
5736.66244 18.585 0.023
5736.70412 18.556 0.022
5736.78418 18.517 0.024
5736.83121 18.492 0.025
5736.87935 18.602 0.034
5737.52189 18.551 0.038
5737.55998 18.498 0.028
5737.61327 18.521 0.024
5737.65583 18.558 0.025
5737.70995 18.608 0.023
5737.75077 18.554 0.023
5737.78991 18.539 0.025
5737.83704 18.597 0.028
5737.87789 18.496 0.029
5738.58937 18.589 0.030
5738.63018 18.551 0.025
5738.69745 18.544 0.024
5738.73697 18.533 0.024
5739.50291 18.624 0.046
5739.52815 18.487 0.032
5739.56641 18.541 0.035
5739.60700 18.604 0.031
5739.65571 18.588 0.026
5739.71364 18.509 0.028
5739.75201 18.509 0.025
5739.79077 18.605 0.030
5739.84561 18.556 0.032
5740.49851 18.503 0.045
5740.54605 18.639 0.046
5740.58714 18.593 0.042
5740.64695 18.571 0.031
5740.71061 18.500 0.028
5740.75014 18.507 0.026
5740.79500 18.486 0.028
5740.83405 18.612 0.038
5740.88146 18.516 0.041
5741.52090 18.492 0.033
5741.56014 18.519 0.030
5741.60432 18.542 0.027
5741.64217 18.527 0.030
5741.70324 18.544 0.029
5741.74230 18.449 0.025
5741.78325 18.510 0.025
5741.82151 18.543 0.028
5741.85949 18.510 0.025
5742.49241 18.672 0.051
5742.53507 18.525 0.033
5742.57743 18.607 0.032
5742.61541 18.552 0.026
5742.67719 18.617 0.025
5742.71602 18.533 0.023
5742.75457 18.531 0.022
5742.79283 18.555 0.024
5742.83084 18.504 0.022
5742.87111 18.574 0.030
5743.62700 18.481 0.033
5743.66677 18.501 0.028
5743.72777 18.598 0.036
5743.76595 18.539 0.033
5743.80401 18.526 0.033
5743.84162 18.596 0.042
5743.87955 18.502 0.050
5744.52366 18.649 0.049
5744.56204 18.471 0.036
5744.60021 18.657 0.043
5744.64869 18.555 0.027
5744.72702 18.620 0.031
5744.77703 18.564 0.028
5744.81875 18.470 0.030
5744.86393 18.456 0.040
5745.51240 18.580 0.039
5745.55858 18.544 0.033
5745.59933 18.579 0.041
5745.63848 18.535 0.031
5745.69903 18.531 0.024
5745.73706 18.559 0.029
5745.77524 18.581 0.033
5745.81315 18.572 0.036
5745.86620 18.539 0.043
5746.56985 18.597 0.041
5746.60960 18.545 0.031
5746.65031 18.581 0.031
5746.71630 18.513 0.031
5746.75409 18.601 0.035
5746.79646 18.487 0.037
5746.84220 18.594 0.043
5747.61270 18.633 0.048
5747.65754 18.551 0.034
5747.70282 18.525 0.038
5747.74655 18.540 0.040
5747.81288 18.443 0.044
5748.63036 18.534 0.027
5748.68773 18.495 0.035
5749.52556 18.601 0.052
5749.56352 18.525 0.033
5749.60289 18.546 0.031
5749.65221 18.606 0.036
5749.69186 18.517 0.037
5749.73014 18.687 0.039
5749.76853 18.531 0.035
5749.80781 18.492 0.038
5752.56993 18.523 0.052
5753.49917 18.541 0.111
5753.55316 18.684 0.133
5753.60372 18.517 0.045
5753.76804 18.476 0.056
5754.59632 18.474 0.085
5759.83091 18.496 0.047
5760.49079 18.482 0.053
5760.53242 18.640 0.045
5760.58501 18.487 0.034
5760.64122 18.490 0.036
5760.68460 18.494 0.032
5760.73586 18.552 0.034
5760.77413 18.603 0.035
5760.81180 18.509 0.037
5761.50523 18.531 0.025
5761.54847 18.514 0.020
5761.61432 18.614 0.038
5762.51181 18.535 0.032
5762.55010 18.447 0.030
5762.59176 18.488 0.027
5762.63012 18.486 0.033
5762.66987 18.490 0.031
5762.70609 18.554 0.035
5762.74796 18.453 0.044
5762.76747 18.593 0.052
5763.50213 18.514 0.029
5763.54613 18.521 0.023
5763.58777 18.542 0.024
5763.64468 18.581 0.030
5763.68653 18.521 0.033
5763.73411 18.519 0.035
5763.77207 18.549 0.042
5763.81093 18.512 0.041
5764.50997 18.585 0.029
5764.54980 18.580 0.028
5764.59039 18.522 0.026
5764.63860 18.578 0.030
5764.68762 18.517 0.025
5764.73324 18.477 0.023
5765.46895 18.529 0.036
5765.50896 18.658 0.035
5765.55186 18.630 0.030
5765.61589 18.549 0.025
5765.66089 18.571 0.028
5765.70511 18.515 0.028
5765.75102 18.498 0.032
5766.48134 18.578 0.034
5766.52026 18.553 0.030
5766.58469 18.587 0.028
5766.62454 18.529 0.025
5766.66525 18.547 0.024
5766.70645 18.578 0.027
5766.75013 18.548 0.032
5767.49850 18.534 0.038
5767.54409 18.534 0.033
5767.58743 18.538 0.029
5767.65534 18.492 0.029
5767.71128 18.571 0.031
5767.75202 18.523 0.037
5767.79360 18.491 0.038
5768.48818 18.544 0.031
5768.52804 18.573 0.029
5768.58856 18.578 0.027
5768.63540 18.515 0.025
5768.68002 18.489 0.023
5768.72693 18.597 0.026
5768.76770 18.517 0.029
5769.47238 18.527 0.036
5769.51182 18.641 0.032
5769.56577 18.607 0.028
5769.62357 18.500 0.028
5769.67672 18.536 0.025
5769.72564 18.545 0.029
5769.76784 18.593 0.033
5770.66880 18.569 0.036
5770.75276 18.546 0.033
5775.59508 18.458 0.036
5775.63783 18.509 0.036
5776.53895 18.442 0.043
5776.60617 18.465 0.036
5776.64721 18.552 0.033
5776.72187 18.506 0.042
5777.47873 18.453 0.029
5777.52324 18.567 0.025
5777.57529 18.578 0.027
5777.65570 18.524 0.025
5777.70580 18.583 0.025
5777.77061 18.608 0.032
5778.50347 18.704 0.052
5778.55991 18.593 0.040
5778.60823 18.611 0.043
5779.59828 18.572 0.030
5779.64221 18.525 0.026
5779.69674 18.549 0.030
5779.74132 18.499 0.027
5784.51576 18.576 0.053
5784.60166 18.569 0.040
5784.71899 18.641 0.065
5785.51857 18.552 0.046
5785.57893 18.554 0.043
5785.62547 18.594 0.045
5785.66781 18.546 0.037
5785.70968 18.472 0.041
5786.49204 18.577 0.057
5786.56907 18.510 0.044
5786.61350 18.498 0.041
5786.65613 18.625 0.043
5786.71147 18.520 0.038
5787.47664 18.645 0.042
5787.54777 18.543 0.030
5787.58987 18.471 0.027
5787.63530 18.542 0.027
5787.67424 18.506 0.032
5787.71993 18.545 0.037
5788.49178 18.522 0.036
5788.55544 18.608 0.040
5788.59501 18.547 0.033
5788.63580 18.632 0.038
5788.67656 18.603 0.042
5788.72032 18.530 0.047
5790.47339 18.451 0.041
5790.52083 18.526 0.036
5790.57293 18.587 0.041
5790.61463 18.507 0.038
5790.65532 18.512 0.032
5790.69550 18.551 0.034
5790.73371 18.509 0.036
5791.51159 18.551 0.037
5791.61361 18.513 0.030
5793.51488 18.488 0.028
5793.56800 18.644 0.035
5793.61028 18.609 0.032
5793.64884 18.491 0.033
5793.68782 18.480 0.032
5793.73204 18.457 0.041
5794.50655 18.454 0.034
5794.57380 18.498 0.030
5794.61493 18.575 0.037
5794.65684 18.642 0.037
5794.70368 18.545 0.030
5795.56710 18.633 0.047
5795.62848 18.623 0.041
5795.71021 18.616 0.037
5796.47671 18.572 0.034
5796.52798 18.560 0.031
5796.59666 18.676 0.036
5796.63561 18.567 0.029
5796.67693 18.546 0.036
5796.71892 18.527 0.051
5799.49139 18.517 0.035
5801.53186 18.635 0.041
5801.57112 18.514 0.034
5801.60924 18.622 0.040
5801.65050 18.655 0.037
5801.69056 18.480 0.036
5802.56221 18.492 0.035
5802.64196 18.630 0.043
5803.53585 18.463 0.033
5804.47911 18.507 0.030
5804.54326 18.571 0.034
5804.58374 18.490 0.028
5804.62153 18.507 0.028
5804.66078 18.522 0.038
5805.49072 18.544 0.023
5805.54398 18.550 0.027
5805.58197 18.544 0.027
5805.62533 18.551 0.031
5805.68106 18.577 0.040
5806.53929 18.560 0.039
5806.62422 18.468 0.031
5807.57912 18.563 0.042
5807.62172 18.595 0.034
5807.65949 18.564 0.046
5812.52308 18.663 0.055
5812.56324 18.567 0.051
5812.60391 18.770 0.055
5812.64504 18.535 0.046
5813.47445 18.572 0.055
5813.53634 18.591 0.035
5813.57655 18.533 0.029
5813.61442 18.571 0.030
5813.65226 18.482 0.031
5815.51759 18.577 0.030
5815.55600 18.573 0.030
5815.60325 18.505 0.029
5815.64101 18.515 0.027
5816.47785 18.588 0.037
5816.53619 18.608 0.038
5816.57436 18.543 0.036
5816.61271 18.519 0.038
5817.48059 18.580 0.032
5817.53743 18.457 0.028
5817.57537 18.496 0.037
5817.61444 18.488 0.038
5817.65518 18.631 0.048
5818.51889 18.555 0.036
5818.55697 18.562 0.037
5818.59533 18.659 0.044
5818.63702 18.636 0.053
5819.51848 18.575 0.029
5819.56532 18.555 0.035
5819.60302 18.478 0.032
5819.64289 18.526 0.033
5820.49619 18.471 0.049
5820.54329 18.513 0.033
5820.58098 18.605 0.036
5820.61886 18.571 0.039
5820.65515 18.614 0.049
5822.53829 18.624 0.041
5822.58327 18.473 0.031
5822.62693 18.526 0.036
5823.51499 18.594 0.052
5823.55834 18.546 0.043
5823.60195 18.540 0.036
5824.48243 18.641 0.053
5824.53891 18.598 0.031
5824.57947 18.489 0.029
5824.61942 18.491 0.035
5825.49896 18.518 0.041
5825.55693 18.513 0.033
5825.59542 18.654 0.035
5826.47982 18.637 0.055
5826.51969 18.512 0.040
5826.56719 18.572 0.036
5826.60633 18.582 0.046
5827.50616 18.595 0.053
5827.54414 18.567 0.046
5827.58662 18.690 0.046
5827.62418 18.503 0.040
5828.51939 18.622 0.031
5828.55737 18.533 0.028
5828.59493 18.627 0.034
5829.48130 18.535 0.052
5829.53033 18.542 0.030
5829.56802 18.543 0.026
5829.60629 18.565 0.029
5830.50525 18.573 0.029
5830.54340 18.541 0.027
5830.58109 18.648 0.037
5831.48356 18.639 0.036
5831.54210 18.550 0.033
5831.57954 18.635 0.032
5831.61523 18.556 0.039
5832.52553 18.563 0.027
5832.56513 18.476 0.030
5832.60339 18.577 0.039
5833.52341 18.560 0.028
5833.56297 18.582 0.029
5833.60090 18.561 0.036
5834.52262 18.569 0.027
5834.56036 18.522 0.027
5834.59652 18.532 0.029
5835.54378 18.542 0.044
5836.50619 18.561 0.048
5836.53940 18.506 0.042
5836.57125 18.557 0.049
5839.49969 18.549 0.053
5839.53815 18.594 0.059
5839.57593 18.593 0.057
5840.48092 18.585 0.086
5840.52995 18.619 0.040
5840.58240 18.577 0.037
5841.48342 18.511 0.073
5841.52414 18.579 0.050
5841.56745 18.544 0.043
5841.60347 18.513 0.045
5842.57415 18.626 0.055
5843.48343 18.530 0.060
5843.52715 18.587 0.041
5843.56764 18.588 0.048
5843.60866 18.493 0.048
5844.51206 18.540 0.038
5844.55099 18.555 0.043
5844.59057 18.431 0.056
5845.51150 18.622 0.048
5845.55196 18.617 0.050
5845.59220 18.644 0.064
5846.51515 18.617 0.058
5846.55392 18.566 0.055
5847.54211 18.519 0.065
5850.52619 18.510 0.032
5850.56463 18.600 0.034
5851.51518 18.481 0.033
5851.55294 18.578 0.036
5852.50374 18.578 0.052
5852.54627 18.672 0.054
5854.50767 18.563 0.048
5854.54864 18.457 0.042
5855.53542 18.476 0.041
5856.49170 18.730 0.075
5856.53996 18.447 0.047
5857.50897 18.603 0.058
5858.50990 18.489 0.059
5859.50639 18.567 0.049
5859.54236 18.510 0.045
5860.52187 18.540 0.041
5861.51563 18.602 0.041
5862.52305 18.665 0.044
5866.53156 18.569 0.080
5867.50941 18.571 0.040
5868.50891 18.504 0.048
5869.50169 18.492 0.051
5870.50631 18.537 0.035
5872.50546 18.602 0.048
5873.50665 18.676 0.055
5875.50149 18.590 0.099
5970.87416 18.462 0.034
5971.87552 18.543 0.030
5972.89038 18.637 0.039
5976.87959 18.527 0.028
5977.84068 18.555 0.036
5977.87709 18.578 0.033
5978.84281 18.553 0.036
5978.88738 18.495 0.029
5979.84083 18.641 0.047
5979.87930 18.573 0.048
5980.86069 18.556 0.041
5982.86526 18.448 0.035
5983.82663 18.610 0.040
5983.85698 18.514 0.025
5983.90464 18.466 0.034
5984.83918 18.578 0.029
5984.88649 18.560 0.024
5985.82480 18.475 0.037
5985.86141 18.526 0.030
5986.81898 18.660 0.040
5986.83946 18.521 0.031
5986.88739 18.514 0.025
5987.81768 18.696 0.047
5987.85423 18.478 0.028
5987.90420 18.606 0.040
5988.83329 18.575 0.038
5988.88059 18.529 0.024
5989.81080 18.506 0.033
5989.84089 18.493 0.031
5989.88271 18.528 0.034
5990.80914 18.612 0.045
5990.84689 18.512 0.028
5990.88832 18.537 0.026
5991.82197 18.627 0.035
5991.86235 18.565 0.027
5992.81626 18.578 0.035
5992.83896 18.483 0.027
5992.88102 18.649 0.027
5993.80682 18.707 0.049
5993.84601 18.549 0.036
5993.88913 18.485 0.028
5994.80833 18.524 0.038
5994.84009 18.432 0.028
5994.89100 18.545 0.030
5995.80026 18.495 0.030
5995.81978 18.532 0.029
5995.86538 18.578 0.027
5995.90355 18.586 0.033
5996.80799 18.525 0.031
5996.84557 18.591 0.028
5996.89231 18.506 0.022
5997.80140 18.579 0.036
5997.84010 18.473 0.029
5997.88773 18.655 0.030
5998.78829 18.570 0.040
5998.81628 18.515 0.029
5998.86786 18.599 0.029
5998.90558 18.635 0.028
5999.80014 18.567 0.035
5999.84871 18.587 0.031
5999.88691 18.594 0.029
6002.90828 18.467 0.041
6003.86512 18.552 0.036
6004.76562 18.613 0.043
6004.79780 18.583 0.034
6004.85567 18.539 0.030
6004.89329 18.575 0.026
6005.76106 18.599 0.034
6005.80211 18.541 0.028
6005.85067 18.585 0.029
6005.90745 18.465 0.020
6006.77282 18.563 0.029
6006.82567 18.527 0.022
6006.87661 18.509 0.025
6006.91430 18.543 0.028
6007.77865 18.640 0.029
6007.82556 18.523 0.024
6007.87380 18.516 0.024
6007.91142 18.568 0.025
6008.77040 18.578 0.033
6008.81776 18.573 0.029
6008.86704 18.551 0.028
6008.90452 18.465 0.027
6009.76404 18.507 0.029
6009.80647 18.557 0.025
6009.85489 18.496 0.023
6009.89228 18.512 0.023
6010.74766 18.538 0.034
6010.77623 18.566 0.028
6010.82519 18.550 0.026
6010.87442 18.578 0.021
6010.91268 18.509 0.022
6011.76232 18.540 0.033
6011.82280 18.645 0.040
6011.88025 18.500 0.034
6011.91842 18.450 0.039
6012.76641 18.637 0.032
6012.80709 18.524 0.024
6012.86542 18.548 0.021
6012.90328 18.503 0.017
6013.76222 18.548 0.029
6013.80100 18.552 0.024
6013.86247 18.509 0.025
6013.90372 18.507 0.023
6014.73844 18.551 0.033
6014.77731 18.476 0.024
6014.83668 18.552 0.029
6014.87611 18.556 0.031
6014.91577 18.553 0.038
6015.75527 18.523 0.025
6015.79413 18.498 0.020
6015.83258 18.535 0.020
6015.88279 18.555 0.021
6015.92417 18.550 0.052
6016.73174 18.683 0.030
6016.74823 18.566 0.025
6016.76556 18.470 0.023
6016.78801 18.530 0.024
6016.80590 18.554 0.024
6016.82810 18.575 0.023
6016.86864 18.535 0.022
6016.89144 18.578 0.022
6016.90904 18.578 0.022
6017.74087 18.526 0.025
6017.77901 18.559 0.022
6017.81729 18.621 0.022
6017.87575 18.510 0.019
6017.91628 18.586 0.023
6018.76737 18.554 0.034
6018.80623 18.510 0.034
6018.84614 18.558 0.023
6018.91145 18.559 0.020
6019.74293 18.689 0.041
6019.78233 18.559 0.028
6019.83957 18.535 0.023
6019.87738 18.552 0.020
6019.91731 18.573 0.024
6020.72641 18.527 0.030
6020.76493 18.613 0.029
6020.82107 18.569 0.022
6020.85989 18.572 0.022
6020.89950 18.545 0.031
6021.71580 18.704 0.062
6021.74769 18.609 0.034
6021.78668 18.550 0.030
6021.82534 18.517 0.022
6021.88371 18.567 0.025
6021.92413 18.521 0.034
6022.73524 18.542 0.033
6022.77350 18.556 0.027
6022.81176 18.477 0.024
6022.86925 18.595 0.028
6022.91150 18.618 0.030
6023.72925 18.592 0.039
6023.76915 18.477 0.026
6023.80975 18.553 0.029
6023.84988 18.513 0.027
6023.91438 18.478 0.027
6024.72276 18.457 0.037
6024.76373 18.510 0.035
6024.82430 18.564 0.028
6024.86486 18.474 0.025
6024.91513 18.472 0.032
6025.71246 18.607 0.052
6025.75294 18.502 0.038
6025.79276 18.594 0.042
6025.84599 18.489 0.036
6025.89826 18.617 0.035
6029.84336 18.521 0.033
6031.76593 18.548 0.033
6031.80537 18.558 0.027
6031.84633 18.583 0.027
6031.88712 18.516 0.036
6032.68226 18.554 0.042
6032.72227 18.552 0.028
6032.77012 18.624 0.026
6032.81855 18.585 0.026
6032.85888 18.500 0.026
6032.90264 18.554 0.023
6033.69432 18.541 0.037
6033.74105 18.587 0.034
6033.78266 18.618 0.035
6033.85370 18.611 0.025
6033.89528 18.585 0.029
6034.69016 18.570 0.030
6034.73683 18.514 0.024
6034.78258 18.545 0.021
6034.83670 18.659 0.028
6034.92494 18.499 0.032
6035.86873 18.672 0.030
6035.93324 18.552 0.059
6036.72726 18.537 0.024
6036.77127 18.575 0.023
6036.84763 18.548 0.020
6036.90208 18.523 0.024
6037.71314 18.462 0.034
6037.75375 18.561 0.034
6037.79745 18.449 0.025
6037.86857 18.514 0.022
6037.90907 18.518 0.034
6038.72205 18.574 0.037
6038.76365 18.577 0.032
6038.82889 18.504 0.023
6038.87399 18.594 0.025
6038.92461 18.590 0.030
6039.74515 18.490 0.041
6039.79139 18.493 0.033
6039.85155 18.528 0.027
6039.89597 18.526 0.027
6039.93423 18.471 0.049
6040.76246 18.498 0.034
6040.80438 18.488 0.027
6040.86744 18.612 0.030
6040.90860 18.543 0.028
6041.71043 18.595 0.037
6041.75518 18.659 0.042
6041.79937 18.485 0.025
6041.86114 18.557 0.025
6041.90146 18.511 0.025
6045.89599 18.553 0.026
6045.93363 18.603 0.039
6046.90722 18.593 0.028
6047.68024 18.532 0.035
6047.71939 18.550 0.031
6047.75889 18.561 0.024
6047.79846 18.499 0.023
6047.87159 18.568 0.030
6047.91292 18.485 0.028
6048.69668 18.494 0.028
6048.73697 18.488 0.025
6048.79804 18.560 0.025
6048.84251 18.553 0.025
6048.88578 18.608 0.027
6048.92687 18.513 0.025
6049.70535 18.521 0.026
6049.75900 18.549 0.021
6049.81760 18.590 0.021
6049.85826 18.601 0.027
6049.89941 18.449 0.023
6050.65752 18.674 0.048
6050.69470 18.537 0.035
6050.73381 18.592 0.032
6050.80417 18.641 0.030
6050.84407 18.566 0.031
6050.88294 18.639 0.032
6050.92167 18.559 0.033
6051.66384 18.618 0.039
6051.75317 18.550 0.026
6052.67908 18.542 0.041
6052.72702 18.549 0.033
6052.77522 18.529 0.030
6052.81431 18.633 0.034
6052.85526 18.539 0.028
6052.89405 18.574 0.029
6052.93259 18.537 0.033
6053.67070 18.606 0.045
6053.71074 18.558 0.036
6053.75822 18.503 0.029
6053.80613 18.495 0.025
6053.86151 18.497 0.029
6053.90247 18.495 0.034
6054.86568 18.576 0.032
6054.89883 18.607 0.034
6057.87757 18.551 0.030
6057.92556 18.613 0.042
6058.67735 18.586 0.047
6058.71736 18.499 0.032
6058.75670 18.580 0.028
6058.80075 18.587 0.027
6058.84740 18.485 0.029
6058.88903 18.514 0.026
6058.92752 18.644 0.038
6059.69487 18.642 0.036
6059.73350 18.584 0.032
6059.77195 18.556 0.027
6059.83210 18.622 0.027
6059.87092 18.491 0.023
6059.90980 18.531 0.026
6060.77757 18.565 0.027
6061.67136 18.511 0.034
6061.71025 18.573 0.035
6061.76032 18.582 0.025
6061.81087 18.543 0.029
6061.84978 18.570 0.028
6061.88803 18.502 0.032
6061.92659 18.591 0.034
6062.66592 18.521 0.032
6062.70876 18.637 0.037
6062.74778 18.540 0.034
6062.79739 18.539 0.031
6062.84857 18.590 0.029
6062.88687 18.531 0.027
6062.92486 18.525 0.032
6063.81772 18.399 0.028
6063.86631 18.623 0.039
6063.91355 18.512 0.028
6064.66419 18.563 0.029
6064.74033 18.545 0.021
6064.80205 18.577 0.023
6064.84378 18.553 0.026
6064.88627 18.565 0.030
6064.92472 18.455 0.029
6065.63522 18.549 0.031
6065.67336 18.584 0.028
6065.71186 18.517 0.023
6065.77260 18.493 0.022
6065.81399 18.583 0.031
6065.86111 18.650 0.031
6066.63767 18.642 0.033
6066.67561 18.533 0.026
6066.71363 18.488 0.024
6066.76403 18.581 0.022
6066.81805 18.519 0.027
6066.85866 18.543 0.027
6066.89888 18.532 0.026
6066.93706 18.625 0.028
6067.62193 18.554 0.029
6067.66257 18.560 0.027
6067.70065 18.534 0.024
6067.74958 18.518 0.022
6067.80084 18.568 0.027
6067.83976 18.533 0.024
6067.87863 18.526 0.027
6067.91644 18.524 0.024
6068.61679 18.702 0.037
6068.66578 18.528 0.026
6068.71252 18.548 0.025
6068.76468 18.638 0.025
6068.84041 18.630 0.023
6068.88516 18.511 0.022
6068.93185 18.555 0.025
6069.60450 18.514 0.030
6069.66499 18.562 0.027
6069.70489 18.635 0.025
6069.74437 18.515 0.022
6069.81155 18.541 0.025
6069.85323 18.560 0.022
6069.89378 18.542 0.022
6069.93190 18.520 0.024
6070.61413 18.565 0.043
6070.65228 18.575 0.038
6070.69204 18.547 0.025
6070.73029 18.536 0.024
6070.77909 18.571 0.027
6070.82911 18.587 0.026
6070.86901 18.485 0.026
6070.90750 18.476 0.028
6070.94666 18.441 0.054
6071.61412 18.516 0.027
6071.65333 18.536 0.027
6071.69296 18.600 0.026
6071.73170 18.560 0.023
6071.79508 18.628 0.033
6071.83492 18.629 0.028
6071.87300 18.618 0.029
6071.91097 18.570 0.045
6075.60812 18.619 0.027
6075.64625 18.575 0.023
6075.68452 18.574 0.022
6075.73533 18.522 0.023
6075.79012 18.492 0.020
6075.82964 18.538 0.022
6075.87408 18.457 0.022
6076.59924 18.571 0.033
6076.64087 18.557 0.033
6076.68764 18.546 0.031
6076.73487 18.545 0.023
6076.78389 18.517 0.025
6076.82261 18.609 0.029
6076.87193 18.596 0.033
6076.91763 18.568 0.037
6077.69976 18.549 0.028
6077.75887 18.531 0.029
6077.81785 18.609 0.028
6077.85887 18.527 0.023
6077.90025 18.499 0.027
6077.93889 18.646 0.037
6078.62078 18.549 0.028
6078.65888 18.586 0.033
6078.69735 18.566 0.028
6078.76016 18.521 0.025
6078.80130 18.563 0.023
6078.83950 18.489 0.023
6078.88366 18.494 0.025
6079.58600 18.529 0.028
6079.62525 18.641 0.029
6079.66321 18.576 0.026
6079.71658 18.614 0.025
6079.77685 18.589 0.029
6079.81601 18.521 0.027
6079.86665 18.559 0.021
6079.90653 18.597 0.031
6079.94529 18.543 0.042
6080.59570 18.545 0.042
6080.63382 18.613 0.037
6080.67683 18.531 0.028
6080.72215 18.465 0.025
6080.76224 18.486 0.031
6080.80155 18.638 0.029
6080.85886 18.530 0.028
6080.89979 18.597 0.029
6080.94159 18.538 0.032
6081.59143 18.500 0.037
6081.62922 18.623 0.035
6081.67027 18.541 0.032
6081.71565 18.530 0.027
6081.75495 18.559 0.035
6081.80967 18.517 0.026
6081.85291 18.560 0.032
6081.89155 18.608 0.042
6081.93955 18.637 0.050
6082.62322 18.508 0.054
6082.66236 18.457 0.059
6082.71309 18.546 0.051
6082.78439 18.559 0.050
6082.82876 18.658 0.054
6082.86577 18.555 0.049
6082.91045 18.420 0.053
6085.58653 18.505 0.041
6085.63643 18.569 0.036
6085.67270 18.526 0.034
6085.71662 18.482 0.041
6085.75953 18.602 0.035
6085.79833 18.572 0.033
6085.83717 18.538 0.039
6085.87700 18.693 0.074
6085.91735 18.638 0.047
6086.56991 18.572 0.036
6086.61032 18.530 0.035
6086.65345 18.527 0.029
6086.69243 18.606 0.026
6086.75554 18.551 0.025
6086.79383 18.536 0.032
6086.83923 18.534 0.028
6086.88572 18.571 0.036
6086.92710 18.516 0.045
6087.58939 18.493 0.028
6087.72639 18.686 0.040
6087.78275 18.592 0.028
6087.83377 18.484 0.032
6088.56163 18.512 0.035
6088.59946 18.599 0.030
6088.63785 18.479 0.025
6088.67565 18.579 0.021
6089.64169 18.614 0.029
6089.68048 18.700 0.029
6089.74162 18.534 0.028
6089.79200 18.472 0.028
6089.85314 18.483 0.029
6089.92818 18.554 0.040
6092.59782 18.498 0.028
6092.67625 18.581 0.032
6092.80568 18.583 0.027
6092.87525 18.514 0.033
6093.55061 18.623 0.037
6093.59217 18.638 0.033
6093.63023 18.534 0.026
6093.66823 18.533 0.031
6093.72870 18.602 0.025
6093.79067 18.614 0.035
6093.83066 18.550 0.033
6093.87116 18.572 0.041
6094.60416 18.576 0.043
6094.64165 18.534 0.034
6094.67915 18.581 0.034
6094.72897 18.538 0.031
6094.77616 18.522 0.031
6094.81518 18.535 0.030
6094.85444 18.467 0.033
6094.90441 18.515 0.046
6096.60290 18.573 0.034
6096.64848 18.569 0.028
6096.68780 18.487 0.030
6096.76243 18.504 0.031
6096.80176 18.577 0.036
6096.84265 18.637 0.035
6096.88475 18.613 0.048
6097.67659 18.600 0.033
6097.74925 18.618 0.044
6097.78798 18.498 0.032
6097.82562 18.539 0.033
6097.86528 18.441 0.031
6097.90396 18.610 0.044
6098.58302 18.575 0.038
6098.62270 18.532 0.032
6098.66030 18.570 0.035
6098.71191 18.637 0.036
6098.76196 18.585 0.027
6098.80246 18.545 0.029
6098.84120 18.577 0.034
6098.87914 18.596 0.035
6099.63924 18.615 0.048
6099.75012 18.538 0.040
6100.51400 18.486 0.041
6100.56995 18.562 0.041
6100.60988 18.592 0.033
6100.64753 18.496 0.028
6100.70750 18.513 0.023
6100.74675 18.476 0.025
6100.78453 18.513 0.041
6100.83495 18.509 0.030
6100.87266 18.517 0.041
6101.51096 18.502 0.037
6101.54900 18.566 0.034
6101.58656 18.499 0.030
6101.62470 18.563 0.027
6101.66433 18.489 0.022
6101.72609 18.544 0.024
6101.76504 18.483 0.026
6101.80402 18.496 0.028
6101.85156 18.449 0.037
6102.51191 18.636 0.062
6102.55085 18.545 0.039
6102.59929 18.540 0.032
6102.64651 18.580 0.029
6102.68607 18.397 0.026
6102.72615 18.573 0.025
6102.76508 18.461 0.022
6102.80488 18.542 0.027
6102.84482 18.568 0.031
6102.88409 18.483 0.035
6103.51697 18.513 0.036
6103.55631 18.555 0.030
6103.59746 18.617 0.028
6103.64685 18.465 0.022
6103.69586 18.493 0.028
6103.73670 18.527 0.027
6103.80218 18.624 0.028
6103.85038 18.540 0.031
6104.51834 18.628 0.033
6104.55625 18.559 0.024
6104.59384 18.564 0.025
6104.62987 18.471 0.021
6104.67935 18.550 0.019
6104.72140 18.566 0.022
6104.76017 18.618 0.025
6104.79981 18.605 0.026
6104.84583 18.509 0.026
6105.50069 18.562 0.041
6105.52869 18.509 0.034
6105.56633 18.506 0.033
6105.62444 18.672 0.031
6105.67944 18.616 0.027
6105.71847 18.560 0.024
6105.75831 18.569 0.033
6106.62427 18.707 0.041
6108.52845 18.505 0.035
6108.56733 18.623 0.033
6108.61994 18.615 0.039
6108.67096 18.620 0.028
6108.71358 18.580 0.026
6108.75315 18.566 0.026
6108.79201 18.548 0.030
6108.83395 18.476 0.025
6108.87058 18.557 0.032
6109.68201 18.692 0.045
6109.71840 18.513 0.034
6109.75628 18.563 0.040
6109.79913 18.495 0.038
6109.83929 18.518 0.038
6113.53552 18.525 0.047
6113.57778 18.530 0.038
6113.61542 18.631 0.038
6113.65657 18.487 0.036
6113.69733 18.587 0.037
6113.73627 18.568 0.040
6113.77402 18.556 0.032
6113.81188 18.475 0.033
6113.85050 18.662 0.048
6113.86145 18.621 0.068
6114.58608 18.667 0.051
6114.62209 18.604 0.041
6114.67149 18.604 0.041
6114.71989 18.574 0.031
6114.75750 18.576 0.036
6114.79654 18.576 0.034
6114.83805 18.522 0.042
6115.48331 18.485 0.035
6115.52253 18.612 0.034
6115.55983 18.540 0.030
6115.61002 18.559 0.027
6115.66658 18.618 0.036
6115.71047 18.635 0.044
6115.77564 18.545 0.039
6116.48141 18.730 0.038
6116.52300 18.587 0.026
6116.56308 18.536 0.025
6116.61122 18.578 0.024
6116.65983 18.531 0.024
6116.69784 18.543 0.027
6116.74510 18.547 0.028
6116.78385 18.495 0.028
6116.82584 18.474 0.027
6117.50334 18.633 0.036
6117.54079 18.614 0.032
6117.57813 18.556 0.028
6117.63006 18.597 0.026
6117.68082 18.549 0.026
6117.71966 18.563 0.028
6117.75883 18.605 0.029
6117.79633 18.460 0.028
6117.83433 18.546 0.036
6118.49337 18.550 0.033
6118.53162 18.462 0.025
6118.57192 18.567 0.025
6118.62224 18.567 0.024
6118.67785 18.599 0.027
6118.71983 18.585 0.024
6118.75861 18.589 0.027
6118.79583 18.543 0.029
6118.83349 18.569 0.030
6119.48165 18.468 0.036
6119.52083 18.582 0.033
6119.56103 18.590 0.033
6119.60836 18.554 0.032
6119.66038 18.496 0.025
6119.69914 18.488 0.022
6119.72650 18.511 0.025
6119.76605 18.505 0.030
6119.80433 18.487 0.034
6120.50974 18.331 0.031
6120.54925 18.318 0.029
6120.60424 18.289 0.021
6120.66531 18.338 0.021
6120.70451 18.258 0.024
6120.74593 18.363 0.022
6120.79165 18.254 0.023
6120.83139 18.322 0.033
6121.50157 18.126 0.018
6121.53931 18.152 0.019
6121.57688 18.173 0.015
6121.64419 18.179 0.017
6121.68224 18.183 0.015
6121.70841 18.175 0.016
6121.74648 18.168 0.015
6121.78600 18.183 0.016
6123.51425 18.197 0.027
6123.55266 18.207 0.023
6123.59977 18.167 0.021
6123.65068 18.249 0.022
6123.69023 18.156 0.018
6123.72797 18.212 0.021
6123.76921 18.248 0.026
6123.80820 18.144 0.022
6124.49816 18.262 0.030
6124.53786 18.170 0.020
6124.59886 18.206 0.021
6124.66884 18.122 0.020
6124.70857 18.247 0.020
6124.74918 18.239 0.022
6124.78947 18.248 0.028
6124.82933 18.194 0.023
6125.55334 18.198 0.021
6125.61512 18.222 0.022
6125.67016 18.205 0.022
6125.71271 18.153 0.020
6125.75799 18.230 0.020
6125.79864 18.286 0.023
6126.49092 18.169 0.024
6126.54229 18.236 0.022
6126.58766 18.197 0.025
6126.64678 18.225 0.023
6126.70548 18.264 0.021
6126.74982 18.275 0.020
6127.49123 18.279 0.027
6127.53316 18.311 0.028
6127.61774 18.269 0.026
6127.72000 18.312 0.023
6127.78819 18.324 0.021
6128.54232 18.299 0.019
6128.58174 18.331 0.022
6128.63066 18.301 0.020
6128.68117 18.260 0.021
6129.66050 18.260 0.018
6130.71633 18.387 0.027
6131.51731 18.481 0.031
6131.56503 18.550 0.029
6131.63117 18.571 0.026
6131.67643 18.508 0.024
6131.74593 18.473 0.028
6132.49787 18.505 0.034
6132.56758 18.423 0.042
6132.65419 18.572 0.035
6132.74059 18.542 0.026
6132.77712 18.555 0.030
6133.55127 18.578 0.033
6133.59972 18.536 0.029
6133.66179 18.590 0.029
6133.70493 18.672 0.034
6133.75358 18.589 0.030
6134.51983 18.532 0.038
6134.56294 18.541 0.045
6134.60641 18.529 0.041
6134.67326 18.474 0.033
6135.50371 18.569 0.036
6135.54542 18.609 0.042
6135.60574 18.548 0.034
6135.67267 18.619 0.038
6135.72523 18.530 0.028
6135.76718 18.496 0.028
6135.80867 18.629 0.039
6136.59524 18.545 0.044
6136.62140 18.344 0.038
6136.65188 18.528 0.041
6136.73010 18.457 0.046
6140.50600 18.323 0.037
6140.55434 18.293 0.035
6140.60735 18.343 0.040
6140.64521 18.258 0.037
6140.68436 18.241 0.034
6140.72752 18.266 0.044
6140.76729 18.336 0.086
6141.49363 18.322 0.030
6141.53130 18.295 0.028
6141.57957 18.246 0.032
6141.62913 18.346 0.032
6141.66679 18.342 0.029
6141.70771 18.250 0.030
6141.74625 18.345 0.032
6141.78272 18.365 0.038
6142.53487 18.318 0.036
6142.57738 18.365 0.044
6142.68403 18.293 0.044
6143.71781 18.280 0.038
6147.50472 18.418 0.033
6147.56518 18.387 0.028
6147.60739 18.410 0.033
6147.64868 18.387 0.032
6147.70253 18.367 0.035
6148.49671 18.424 0.021
6148.53490 18.389 0.020
6148.59490 18.456 0.025
6148.63871 18.429 0.020
6148.68062 18.377 0.021
6149.55993 18.425 0.027
6149.60523 18.455 0.030
6150.48298 18.533 0.041
6150.53595 18.437 0.029
6150.58830 18.404 0.032
6150.63848 18.378 0.025
6150.67839 18.350 0.026
6151.53980 18.363 0.037
6151.58090 18.439 0.031
6151.62131 18.354 0.029
6151.66081 18.396 0.028
6151.70221 18.377 0.035
6151.74030 18.446 0.029
6152.51151 18.392 0.027
6152.54985 18.445 0.027
6152.60450 18.474 0.026
6152.65448 18.448 0.024
6153.69330 18.437 0.033
6154.50008 18.496 0.029
6154.54008 18.420 0.027
6154.60938 18.419 0.030
6154.69280 18.362 0.028
6157.64766 18.426 0.033
6157.69099 18.390 0.033
6158.48786 18.419 0.023
6158.53829 18.432 0.023
6158.58877 18.389 0.026
6158.63061 18.480 0.028
6158.67004 18.512 0.033
6158.70949 18.430 0.026
6159.49534 18.573 0.039
6159.55035 18.534 0.032
6159.59126 18.562 0.032
6159.66231 18.474 0.033
6159.71853 18.480 0.035
6160.51911 18.523 0.025
6160.59091 18.455 0.023
6160.63246 18.520 0.027
6160.67257 18.597 0.030
6160.72541 18.565 0.030
6161.51495 18.551 0.040
6161.55642 18.622 0.037
6161.60709 18.464 0.030
6161.67958 18.551 0.038
6164.49238 18.460 0.026
6164.55538 18.465 0.039
6164.59410 18.581 0.040
6164.65118 18.523 0.038
6164.70463 18.429 0.055
6167.53673 18.639 0.057
6167.58686 18.425 0.050
6167.63933 18.483 0.050
6167.68178 18.489 0.056
6168.53884 18.462 0.025
6168.60346 18.544 0.029
6168.65981 18.633 0.031
6168.69722 18.584 0.032
6168.70440 18.469 0.030
6169.53094 18.548 0.034
6169.58134 18.514 0.028
6169.62179 18.522 0.031
6169.66164 18.535 0.031
6169.69941 18.633 0.047
6171.53515 18.590 0.031
6171.58418 18.564 0.032
6171.62583 18.645 0.038
6171.67292 18.620 0.040
6172.49410 18.515 0.018
6172.54541 18.563 0.026
6172.59445 18.515 0.025
6172.63435 18.495 0.024
6172.67636 18.523 0.037
6174.60012 18.606 0.049
6174.63398 18.524 0.047
6175.49723 18.549 0.026
6175.54558 18.471 0.026
6175.58386 18.600 0.033
6175.62220 18.464 0.032
6175.66870 18.459 0.035
6179.50000 18.479 0.040
6179.55892 18.516 0.036
6179.60067 18.577 0.042
6179.64149 18.563 0.041
6180.48740 18.646 0.061
6180.54684 18.498 0.035
6180.58469 18.538 0.041
6180.62584 18.470 0.035
6180.66122 18.516 0.041
6181.49182 18.624 0.036
6181.54584 18.612 0.029
6181.58754 18.618 0.029
6181.62661 18.534 0.029
6182.49220 18.524 0.031
6182.54709 18.542 0.030
6182.59529 18.506 0.026
6182.64041 18.557 0.037
6183.48933 18.544 0.039
6183.59232 18.571 0.026
6183.63141 18.495 0.025
6184.52719 18.557 0.025
6184.58566 18.589 0.024
6184.63147 18.493 0.025
6185.49404 18.569 0.025
6185.55289 18.577 0.024
6185.59221 18.537 0.023
6185.64254 18.478 0.029
6186.50685 18.516 0.037
6186.56390 18.518 0.032
6186.60959 18.559 0.030
6190.50386 18.641 0.038
6190.56077 18.562 0.027
6190.60125 18.542 0.027
6191.50079 18.530 0.039
6191.55657 18.646 0.035
6191.59929 18.568 0.032
6191.64253 18.507 0.028
6195.51789 18.477 0.029
6195.55853 18.503 0.032
6195.59721 18.495 0.029
6195.63505 18.592 0.036
6196.51698 18.587 0.039
6196.55555 18.607 0.040
6196.59631 18.600 0.039
6196.63212 18.526 0.039
6197.51866 18.548 0.037
6197.55730 18.521 0.039
6197.59805 18.589 0.045
6198.56370 18.485 0.039
6199.52771 18.669 0.052
6200.59710 18.546 0.053
6200.62024 18.424 0.042
6201.54457 18.632 0.051
6203.51642 18.489 0.038
6203.56720 18.527 0.041
6203.60787 18.560 0.061
6204.52068 18.599 0.035
6204.55931 18.517 0.034
6204.59713 18.484 0.033
6205.50061 18.469 0.033
6205.54355 18.576 0.028
6205.58162 18.596 0.030
6208.51319 18.629 0.039
6209.57699 18.524 0.043
6210.51454 18.604 0.034
6210.55271 18.579 0.035
6210.59184 18.589 0.038
6211.51611 18.513 0.028
6211.55831 18.537 0.028
6211.59674 18.497 0.035
6212.51550 18.535 0.031
6212.55430 18.501 0.029
6213.49052 18.493 0.043
6213.53067 18.502 0.029
6213.56917 18.420 0.035
6214.52352 18.555 0.040
6214.55914 18.421 0.034
6215.53499 18.564 0.050
6216.52626 18.478 0.031
6216.56512 18.538 0.031
6217.52084 18.501 0.026
6217.55892 18.520 0.027
6218.49579 18.448 0.031
6218.53426 18.536 0.046
6218.57244 18.686 0.045
6219.52861 18.649 0.033
6219.56727 18.565 0.041
6223.50915 18.557 0.047
6223.56015 18.688 0.052
6226.49933 18.562 0.048
6227.51558 18.629 0.045
6231.51852 18.721 0.056
6233.49943 18.532 0.065
6233.54899 18.650 0.041
6234.53673 18.631 0.050
6238.53404 18.536 0.043
6242.51164 18.541 0.062
6326.88207 18.742 0.078
6329.88112 18.473 0.048
6334.87640 18.580 0.030
6335.85670 18.633 0.044
6337.86779 18.607 0.041
6338.84630 18.601 0.037
6338.88989 18.661 0.040
6339.87262 18.507 0.025
6340.85244 18.516 0.028
6340.88276 18.548 0.027
6341.89118 18.496 0.037
6343.85548 18.684 0.041
6343.89102 18.470 0.033
6344.85473 18.518 0.024
6344.89828 18.530 0.051
6345.86349 18.480 0.027
6347.82677 18.463 0.034
6347.86673 18.586 0.029
6348.81880 18.513 0.034
6348.86031 18.539 0.028
6349.83020 18.674 0.045
6349.86576 18.518 0.036
6350.81937 18.512 0.036
6350.86585 18.531 0.036
6351.81797 18.594 0.043
6351.86628 18.561 0.036
6352.81573 18.529 0.035
6352.86215 18.525 0.026
6353.79693 18.517 0.033
6353.83753 18.497 0.030
6353.89357 18.567 0.028
6354.87025 18.566 0.029
6355.85539 18.470 0.039
6358.82579 18.683 0.030
6358.87022 18.517 0.027
6360.79223 18.470 0.023
6360.82962 18.510 0.021
6360.87722 18.590 0.027
6361.81525 18.634 0.029
6361.85258 18.634 0.029
6361.89571 18.570 0.032
6362.80064 18.522 0.035
6362.83803 18.525 0.025
6362.88936 18.605 0.029
6363.80698 18.549 0.032
6363.86195 18.610 0.027
6367.81721 18.555 0.024
6367.86557 18.540 0.021
6367.90400 18.609 0.023
6368.80228 18.512 0.026
6368.85539 18.476 0.022
6368.89544 18.555 0.025
6369.78294 18.431 0.028
6369.82254 18.572 0.026
6369.87745 18.548 0.023
6370.76782 18.574 0.029
6370.81260 18.631 0.026
6370.85592 18.642 0.028
6370.89520 18.564 0.024
6371.77725 18.614 0.028
6371.82625 18.539 0.024
6371.86502 18.571 0.023
6371.90845 18.587 0.027
6372.76999 18.662 0.031
6372.81871 18.560 0.024
6372.85856 18.527 0.023
6372.90118 18.564 0.026
6373.77009 18.639 0.045
6373.82428 18.544 0.027
6373.86373 18.585 0.030
6373.90333 18.645 0.033
6374.76914 18.617 0.038
6374.81867 18.548 0.025
6374.85905 18.584 0.027
6374.89992 18.574 0.026
6375.76680 18.536 0.028
6375.81565 18.548 0.024
6375.83392 18.568 0.027
6375.87396 18.506 0.023
6375.91464 18.545 0.025
6376.77759 18.533 0.031
6376.82996 18.493 0.022
6376.86912 18.587 0.027
6376.91171 18.556 0.023
6377.79213 18.559 0.024
6377.84187 18.524 0.021
6377.88269 18.523 0.020
6378.74929 18.658 0.040
6378.78843 18.547 0.027
6378.83714 18.553 0.024
6378.87848 18.459 0.020
6378.91825 18.547 0.028
6379.77306 18.546 0.030
6379.82224 18.558 0.028
6379.86176 18.498 0.027
6379.90757 18.534 0.022
6380.76272 18.591 0.027
6380.80116 18.607 0.026
6380.82475 18.472 0.024
6380.86547 18.513 0.024
6380.91148 18.578 0.023
6381.77038 18.525 0.029
6381.81949 18.564 0.023
6381.85826 18.562 0.021
6381.89816 18.526 0.024
6382.76480 18.609 0.042
6382.80319 18.648 0.034
6382.84239 18.540 0.032
6382.88307 18.553 0.035
6386.75791 18.595 0.035
6386.80891 18.670 0.031
6386.85521 18.527 0.028
6386.90640 18.722 0.044
6387.72871 18.508 0.035
6387.77084 18.651 0.026
6387.81517 18.578 0.028
6387.85414 18.598 0.026
6387.89589 18.513 0.031
6388.73076 18.609 0.034
6388.79325 18.509 0.026
6388.83240 18.561 0.025
6388.90639 18.650 0.028
6389.72908 18.586 0.037
6389.77008 18.637 0.030
6389.81131 18.651 0.027
6389.84978 18.596 0.030
6389.88931 18.616 0.029
6390.71406 18.510 0.032
6390.75416 18.622 0.029
6390.79600 18.482 0.025
6390.84045 18.618 0.026
6390.88534 18.666 0.028
6390.92589 18.483 0.046
6391.73049 18.779 0.049
6391.78150 18.665 0.046
6391.82141 18.501 0.034
6391.87432 18.518 0.036
6393.71878 18.491 0.032
6393.76464 18.501 0.031
6393.80390 18.507 0.029
6393.85627 18.597 0.029
6393.89957 18.502 0.033
6394.71910 18.676 0.045
6394.77173 18.498 0.033
6394.81919 18.419 0.031
6394.85827 18.514 0.027
6394.92292 18.575 0.031
6395.72280 18.524 0.029
6395.77141 18.482 0.024
6395.82107 18.623 0.024
6395.86009 18.599 0.022
6395.90412 18.589 0.024
6396.70828 18.576 0.028
6396.75516 18.602 0.022
6396.80495 18.584 0.022
6396.84765 18.563 0.020
6396.88864 18.553 0.024
6396.92821 18.536 0.037
6397.72131 18.582 0.025
6397.77213 18.510 0.021
6397.82103 18.575 0.022
6397.85890 18.528 0.022
6397.89762 18.571 0.024
6398.68980 18.517 0.030
6398.72874 18.600 0.024
6398.79055 18.549 0.023
6398.82856 18.480 0.023
6398.86890 18.541 0.027
6398.90955 18.567 0.026
6399.69562 18.555 0.032
6399.73443 18.586 0.032
6399.78328 18.552 0.025
6399.83111 18.731 0.030
6399.86968 18.594 0.029
6400.68184 18.636 0.040
6400.73050 18.574 0.028
6400.79509 18.477 0.025
6400.85095 18.621 0.028
6400.89889 18.611 0.028
6401.69969 18.477 0.033
6401.74381 18.529 0.024
6401.78542 18.531 0.023
6401.83271 18.512 0.023
6401.87441 18.547 0.023
6401.91276 18.558 0.024
6402.70603 18.658 0.037
6402.74389 18.507 0.034
6402.79106 18.615 0.034
6402.83977 18.491 0.032
6402.87981 18.517 0.030
6402.92149 18.606 0.051
6403.70943 18.637 0.025
6403.74701 18.545 0.024
6403.78631 18.589 0.021
6403.83326 18.624 0.024
6403.87317 18.585 0.026
6403.92988 18.564 0.035
6404.72910 18.585 0.026
6404.76853 18.541 0.027
6404.81776 18.700 0.029
6404.85691 18.499 0.023
6404.90575 18.552 0.030
6405.81317 18.544 0.038
6405.86074 18.544 0.023
6405.90282 18.611 0.023
6406.76030 18.542 0.037
6406.82118 18.491 0.044
6406.87644 18.562 0.043
6406.92263 18.568 0.025
6407.70035 18.622 0.046
6407.73817 18.598 0.038
6407.77637 18.488 0.027
6407.81584 18.612 0.034
6407.86574 18.656 0.036
6407.91392 18.543 0.034
6408.72815 18.402 0.077
6408.76902 18.612 0.047
6408.80888 18.476 0.036
6409.78406 18.654 0.050
6409.82785 18.542 0.042
6409.88364 18.610 0.043
6409.92178 18.516 0.033
6415.70707 18.597 0.046
6415.76210 18.505 0.029
6415.80274 18.624 0.042
6415.84614 18.361 0.039
6415.90405 18.655 0.029
6416.64436 18.587 0.037
6416.68910 18.611 0.039
6416.75239 18.553 0.023
6416.79055 18.531 0.023
6416.84089 18.600 0.026
6416.90604 18.553 0.024
6417.67732 18.527 0.041
6417.71480 18.528 0.031
6417.75300 18.524 0.030
6417.79988 18.521 0.029
6417.84067 18.612 0.032
6417.88865 18.492 0.028
6417.92805 18.577 0.029
6418.66050 18.543 0.031
6418.69806 18.427 0.027
6418.73556 18.613 0.029
6418.77315 18.563 0.026
6418.82178 18.496 0.024
6418.86219 18.485 0.023
6418.90953 18.505 0.025
6419.65866 18.544 0.040
6419.70938 18.571 0.026
6419.74743 18.552 0.025
6419.78632 18.525 0.028
6419.83752 18.568 0.030
6419.88514 18.478 0.025
6419.92316 18.516 0.025
6420.65157 18.698 0.030
6420.68917 18.522 0.021
6420.72702 18.547 0.021
6420.76290 18.577 0.021
6420.82250 18.559 0.021
6420.86136 18.577 0.022
6420.91034 18.521 0.021
6421.79077 18.637 0.028
6421.83148 18.619 0.026
6421.89005 18.542 0.034
6422.68292 18.632 0.029
6422.73514 18.571 0.025
6422.77299 18.506 0.022
6422.88457 18.495 0.044
6423.64514 18.503 0.033
6423.69284 18.514 0.030
6423.75005 18.507 0.031
6423.81413 18.505 0.024
6423.85265 18.526 0.029
6423.89133 18.531 0.029
6423.92935 18.464 0.032
6424.65287 18.605 0.031
6424.69334 18.503 0.026
6424.75268 18.515 0.024
6424.80294 18.545 0.020
6424.84701 18.601 0.027
6424.88849 18.551 0.026
6424.94135 18.478 0.038
6426.64089 18.672 0.032
6426.68156 18.625 0.028
6426.77678 18.569 0.026
6426.84008 18.659 0.027
6426.88119 18.552 0.030
6426.92195 18.496 0.024
6427.72391 18.540 0.027
6427.88465 18.559 0.033
6428.64315 18.488 0.042
6428.69260 18.450 0.033
6428.73410 18.509 0.031
6428.78466 18.545 0.028
6428.83861 18.593 0.032
6428.92153 18.508 0.037
6429.94546 18.517 0.044
6431.63499 18.587 0.059
6431.68169 18.433 0.037
6431.73222 18.537 0.027
6431.78379 18.596 0.028
6431.82599 18.571 0.027
6431.86629 18.547 0.029
6431.90700 18.585 0.040
6432.64118 18.611 0.033
6432.66336 18.430 0.032
6432.70631 18.469 0.026
6432.76565 18.579 0.029
6432.80754 18.573 0.028
6432.84758 18.542 0.027
6432.88831 18.556 0.040
6432.92881 18.536 0.031
6433.61183 18.657 0.052
6433.65229 18.583 0.038
6433.69293 18.503 0.033
6433.74281 18.626 0.036
6433.79439 18.514 0.042
6433.84695 18.554 0.025
6434.60344 18.678 0.058
6434.64222 18.524 0.045
6434.68427 18.703 0.041
6434.73371 18.535 0.031
6434.78459 18.534 0.026
6434.82682 18.500 0.032
6434.86703 18.565 0.028
6434.94068 18.518 0.050
6435.63077 18.513 0.036
6435.67283 18.533 0.030
6435.71504 18.491 0.026
6435.77487 18.584 0.025
6435.81729 18.529 0.029
6435.86073 18.571 0.030
6435.90399 18.557 0.027
6435.94410 18.475 0.041
6436.61682 18.582 0.038
6436.65971 18.489 0.033
6436.70175 18.528 0.028
6436.75401 18.543 0.031
6436.80782 18.567 0.035
6436.84921 18.528 0.031
6436.89101 18.453 0.029
6436.93295 18.598 0.039
6437.72341 18.598 0.059
6437.74871 18.571 0.045
6437.82760 18.605 0.056
6437.86339 18.505 0.045
6437.90533 18.541 0.052
6437.94582 18.662 0.094
6441.64061 18.489 0.061
6441.72437 18.591 0.041
6441.77636 18.579 0.044
6441.82925 18.642 0.046
6441.87270 18.434 0.042
6441.91424 18.553 0.060
6442.57247 18.567 0.031
6442.60931 18.559 0.029
6442.64934 18.589 0.028
6442.68941 18.580 0.027
6442.75093 18.580 0.023
6442.79323 18.495 0.023
6442.83361 18.543 0.025
6442.87344 18.473 0.024
6442.91325 18.579 0.032
6443.59150 18.516 0.045
6443.67045 18.570 0.035
6443.75269 18.526 0.035
6443.82147 18.751 0.061
6444.68970 18.543 0.050
6444.75933 18.525 0.029
6444.81249 18.499 0.028
6444.85336 18.563 0.028
6444.89516 18.459 0.029
6444.94556 18.720 0.062
6445.61391 18.576 0.034
6445.65852 18.650 0.029
6445.71558 18.545 0.029
6445.76293 18.538 0.027
6445.81993 18.474 0.026
6445.86520 18.437 0.039
6445.91278 18.563 0.039
6446.56078 18.561 0.028
6446.60359 18.556 0.025
6446.64598 18.607 0.026
6446.69562 18.538 0.023
6446.75097 18.582 0.025
6446.79362 18.566 0.022
6446.83574 18.529 0.021
6446.90182 18.461 0.026
6446.94235 18.529 0.032
6447.58088 18.547 0.031
6447.62014 18.540 0.027
6447.65989 18.500 0.025
6447.71014 18.560 0.026
6447.76533 18.528 0.025
6447.80715 18.599 0.026
6447.84722 18.582 0.028
6447.88774 18.432 0.022
6447.92838 18.597 0.027
6448.56812 18.543 0.042
6448.60992 18.561 0.031
6448.65027 18.446 0.028
6448.69141 18.665 0.035
6448.75164 18.530 0.021
6448.79430 18.587 0.025
6448.83618 18.587 0.028
6448.87682 18.633 0.039
6448.91909 18.500 0.040
6449.56660 18.485 0.033
6449.60995 18.546 0.030
6449.65320 18.656 0.036
6449.69348 18.541 0.026
6449.74537 18.683 0.035
6449.79559 18.595 0.031
6449.83690 18.495 0.026
6449.87740 18.508 0.031
6449.92034 18.584 0.047
6450.56046 18.496 0.036
6450.60317 18.548 0.031
6450.64580 18.527 0.024
6450.69556 18.534 0.023
6450.74589 18.562 0.022
6450.78695 18.482 0.024
6450.82800 18.570 0.026
6450.87365 18.572 0.027
6450.91747 18.498 0.029
6451.56320 18.497 0.035
6451.60865 18.572 0.033
6451.64909 18.570 0.030
6451.69159 18.519 0.026
6451.75301 18.444 0.027
6451.79379 18.610 0.029
6451.83453 18.538 0.028
6451.87524 18.531 0.029
6451.91763 18.664 0.040
6452.57032 18.440 0.028
6452.61302 18.546 0.021
6452.65378 18.541 0.022
6452.70886 18.563 0.022
6452.80565 18.550 0.020
6452.84820 18.544 0.021
6452.88948 18.595 0.028
6454.54950 18.731 0.045
6454.58022 18.553 0.030
6454.62278 18.563 0.029
6454.66326 18.539 0.028
6454.71402 18.507 0.022
6454.76648 18.615 0.028
6454.80762 18.543 0.030
6454.84809 18.533 0.030
6454.88915 18.530 0.028
6455.54391 18.530 0.031
6455.57997 18.496 0.029
6455.68619 18.524 0.032
6455.78516 18.534 0.033
6456.54796 18.585 0.027
6456.58889 18.509 0.018
6456.63002 18.584 0.021
6456.68122 18.584 0.019
6456.73370 18.558 0.021
6456.77519 18.567 0.025
6456.81584 18.604 0.028
6456.89175 18.646 0.026
6457.69922 18.575 0.024
6457.76208 18.628 0.024
6457.80321 18.614 0.025
6457.84461 18.523 0.026
6457.88510 18.491 0.028
6458.54649 18.552 0.040
6458.58657 18.508 0.037
6458.62827 18.616 0.042
6458.66888 18.555 0.028
6458.72030 18.557 0.034
6458.77159 18.512 0.025
6458.81266 18.448 0.022
6458.85346 18.463 0.029
6458.89803 18.578 0.034
6459.54051 18.650 0.044
6459.57992 18.679 0.034
6459.62283 18.683 0.032
6459.66489 18.565 0.025
6459.72977 18.612 0.023
6459.77165 18.443 0.022
6459.81263 18.521 0.025
6459.85374 18.476 0.024
6459.89442 18.442 0.029
6460.59263 18.497 0.031
6460.64342 18.628 0.031
6460.71777 18.577 0.027
6460.79238 18.544 0.032
6460.88889 18.523 0.029
6461.56870 18.556 0.029
6461.61041 18.484 0.029
6461.65197 18.528 0.031
6461.70086 18.592 0.036
6461.76933 18.522 0.026
6461.82220 18.517 0.029
6461.87346 18.506 0.027
6462.60849 18.623 0.052
6462.65056 18.622 0.032
6462.70235 18.562 0.035
6462.82958 18.544 0.031
6462.87053 18.681 0.040
6463.52297 18.630 0.060
6463.56446 18.507 0.035
6463.60360 18.563 0.038
6463.64482 18.628 0.034
6463.69935 18.478 0.028
6463.75360 18.529 0.030
6463.79494 18.553 0.032
6463.83612 18.482 0.029
6463.88033 18.559 0.034
6464.57287 18.601 0.051
6464.61238 18.483 0.038
6464.65280 18.461 0.035
6464.69964 18.582 0.029
6464.75263 18.524 0.034
6464.80349 18.491 0.036
6464.84515 18.508 0.037
6464.88759 18.505 0.035
6468.55921 18.584 0.040
6468.60020 18.523 0.036
6468.64116 18.555 0.039
6468.71034 18.511 0.041
6468.75430 18.622 0.042
6468.81409 18.573 0.041
6469.54198 18.632 0.039
6469.58241 18.599 0.037
6469.62251 18.580 0.030
6469.68595 18.528 0.032
6469.72956 18.638 0.033
6469.76988 18.484 0.028
6469.84276 18.530 0.054
6471.60645 18.572 0.039
6471.64800 18.487 0.035
6471.85129 18.384 0.056
6472.60489 18.511 0.038
6472.64391 18.440 0.033
6472.69650 18.587 0.031
6472.74830 18.567 0.030
6472.78889 18.547 0.032
6472.82952 18.539 0.045
6473.54923 18.629 0.037
6473.59150 18.626 0.029
6473.63185 18.525 0.022
6473.68373 18.549 0.028
6473.73477 18.415 0.023
6473.77581 18.616 0.031
6473.81622 18.487 0.029
6473.85684 18.482 0.036
6474.49382 18.696 0.054
6474.53834 18.565 0.044
6474.57853 18.529 0.031
6474.62386 18.546 0.037
6474.66457 18.621 0.031
6474.71941 18.489 0.029
6474.76921 18.595 0.032
6474.80954 18.461 0.034
6474.84976 18.592 0.037
6475.48550 18.516 0.039
6475.52736 18.564 0.033
6475.57042 18.662 0.042
6475.63161 18.537 0.026
6475.68267 18.653 0.031
6475.73185 18.547 0.029
6475.77216 18.607 0.031
6475.81424 18.549 0.032
6475.85711 18.609 0.042
6476.49836 18.433 0.039
6476.53908 18.491 0.031
6476.57990 18.460 0.030
6476.62131 18.494 0.026
6476.68677 18.509 0.029
6476.72761 18.497 0.030
6476.76839 18.481 0.027
6476.80891 18.516 0.026
6477.53242 18.519 0.030
6477.57357 18.505 0.028
6477.61427 18.624 0.035
6477.68011 18.520 0.032
6477.72086 18.511 0.028
6477.76139 18.494 0.035
6477.80251 18.614 0.042
6478.52994 18.557 0.034
6478.57022 18.560 0.034
6478.61042 18.537 0.027
6478.66601 18.543 0.036
6479.56472 18.652 0.037
6479.60564 18.531 0.027
6479.64733 18.593 0.027
6479.70179 18.490 0.034
6479.75968 18.549 0.034
6479.82435 18.701 0.047
6479.85174 18.534 0.045
6480.56177 18.616 0.034
6480.60237 18.519 0.035
6480.65329 18.534 0.026
6480.70523 18.510 0.033
6480.74566 18.560 0.032
6480.78613 18.655 0.033
6480.82787 18.572 0.043
6481.49918 18.583 0.040
6481.54049 18.529 0.029
6481.58407 18.524 0.031
6481.64191 18.455 0.032
6481.74259 18.604 0.036
6481.78513 18.513 0.034
6481.82755 18.616 0.045
6482.80207 18.565 0.053
6483.61136 18.613 0.026
6483.81376 18.432 0.035
6484.49352 18.433 0.031
6484.53400 18.513 0.037
6485.46698 18.602 0.048
6485.51270 18.596 0.035
6485.55947 18.460 0.029
6485.63814 18.513 0.022
6485.70127 18.530 0.025
6485.74408 18.522 0.024
6485.79015 18.471 0.027
6486.47058 18.540 0.039
6486.51306 18.657 0.033
6486.55939 18.621 0.031
6486.60469 18.579 0.030
6486.67052 18.547 0.026
6486.72339 18.467 0.029
6486.76777 18.557 0.026
6486.81050 18.577 0.028
6487.46879 18.563 0.033
6487.51292 18.591 0.030
6487.55905 18.531 0.023
6487.60021 18.558 0.021
6487.67296 18.601 0.023
6487.71377 18.592 0.022
6487.75746 18.542 0.022
6487.80275 18.601 0.024
6489.50912 18.440 0.032
6489.55105 18.529 0.031
6489.59399 18.522 0.027
6489.65349 18.503 0.029
6489.70540 18.452 0.031
6489.74768 18.598 0.033
6489.80885 18.501 0.038
6490.48218 18.421 0.032
6490.52312 18.525 0.029
6490.56377 18.566 0.030
6490.62178 18.571 0.028
6490.66904 18.480 0.026
6490.70974 18.581 0.026
6490.75047 18.597 0.027
6491.46999 18.604 0.046
6491.51303 18.574 0.038
6491.55800 18.563 0.034
6491.61827 18.552 0.036
6491.68996 18.455 0.027
6491.73189 18.609 0.029
6491.77419 18.495 0.028
6491.81807 18.535 0.038
6492.50201 18.644 0.044
6492.54850 18.671 0.039
6492.59880 18.540 0.032
6492.70252 18.504 0.035
6492.73560 18.456 0.034
6492.77937 18.519 0.042
6496.48724 18.584 0.051
6496.52771 18.582 0.047
6496.56769 18.497 0.044
6496.62828 18.531 0.049
6497.58222 18.661 0.049
6497.63467 18.653 0.044
6497.68523 18.430 0.039
6497.72637 18.526 0.041
6497.76711 18.657 0.046
6498.46793 18.542 0.030
6498.51151 18.559 0.025
6498.55642 18.586 0.023
6498.60055 18.541 0.024
6498.64805 18.652 0.037
6498.69095 18.554 0.034
6498.73428 18.521 0.028
6498.77983 18.460 0.034
6499.48215 18.481 0.031
6499.52584 18.584 0.027
6499.56870 18.566 0.026
6500.53798 18.614 0.046
6500.60190 18.508 0.045
6500.67941 18.599 0.041
6500.73045 18.492 0.037
6501.55802 18.609 0.038
6501.61865 18.606 0.028
6501.66409 18.657 0.030
6501.70649 18.442 0.025
6501.74943 18.565 0.036
6501.78787 18.563 0.045
6504.63930 18.638 0.036
6504.68156 18.629 0.029
6504.72403 18.567 0.031
6505.47555 18.611 0.044
6505.53534 18.537 0.031
6505.57990 18.512 0.035
6505.65128 18.614 0.033
6505.69221 18.531 0.031
6505.73510 18.540 0.035
6505.77746 18.508 0.044
6506.56870 18.473 0.035
6506.64910 18.559 0.039
6506.70995 18.575 0.041
6506.75183 18.588 0.040
6507.63999 18.604 0.038
6507.70897 18.657 0.054
6507.75997 18.473 0.049
6508.51837 18.524 0.029
6508.56972 18.530 0.033
6508.61785 18.524 0.025
6508.65996 18.537 0.026
6508.70158 18.688 0.031
6508.76148 18.550 0.026
6509.52297 18.554 0.024
6509.58369 18.547 0.021
6509.62543 18.549 0.021
6509.66711 18.539 0.023
6509.70843 18.516 0.023
6509.75104 18.489 0.029
6510.48945 18.603 0.026
6510.55221 18.550 0.025
6510.59914 18.585 0.022
6510.64172 18.546 0.022
6510.71162 18.521 0.028
6510.75559 18.538 0.042
6511.52176 18.675 0.036
6511.60024 18.488 0.027
6511.65495 18.612 0.027
6511.70469 18.644 0.029
6511.75747 18.579 0.031
6512.75046 18.598 0.046
6514.52050 18.727 0.043
6514.59319 18.654 0.028
6514.65869 18.571 0.026
6514.71386 18.592 0.027
6515.47734 18.547 0.026
6515.54518 18.635 0.027
6515.61086 18.556 0.024
6515.67472 18.553 0.024
6515.75390 18.507 0.026
6516.52039 18.490 0.036
6516.60272 18.542 0.026
6516.65458 18.509 0.027
6518.49018 18.525 0.028
6518.56212 18.594 0.024
6518.61541 18.489 0.024
6518.66233 18.498 0.023
6518.71050 18.567 0.025
6519.49592 18.540 0.027
6519.56828 18.560 0.027
6519.61676 18.535 0.026
6519.66827 18.515 0.024
6519.71567 18.507 0.028
6523.50405 18.508 0.032
6523.54237 18.636 0.034
6523.57837 18.576 0.031
6523.61745 18.559 0.035
6523.65809 18.513 0.035
6523.69948 18.496 0.043
6524.52092 18.434 0.027
6524.56962 18.537 0.029
6524.61776 18.470 0.029
6524.66636 18.552 0.033
6525.52370 18.490 0.037
6525.57162 18.583 0.042
6525.62375 18.495 0.044
6525.67396 18.591 0.052
6526.66539 18.556 0.035
6526.69613 18.574 0.036
6527.62682 18.585 0.055
6529.55415 18.543 0.042
6529.59729 18.557 0.037
6529.63987 18.564 0.036
6530.67729 18.599 0.050
6531.50681 18.630 0.034
6531.58275 18.598 0.030
6531.63030 18.593 0.034
6531.67834 18.542 0.030
6532.50839 18.561 0.031
6532.61240 18.493 0.026
6532.67377 18.599 0.037
6533.52390 18.639 0.038
6533.59443 18.548 0.028
6533.65553 18.575 0.028
6534.54755 18.561 0.028
6534.59840 18.474 0.026
6534.63865 18.490 0.029
6535.53282 18.414 0.038
6536.47775 18.526 0.039
6536.56959 18.587 0.022
6536.62008 18.555 0.027
6538.51603 18.609 0.027
6538.56870 18.600 0.029
6538.61111 18.504 0.028
6539.51816 18.483 0.026
6539.56403 18.502 0.031
6539.62190 18.591 0.029
6541.51399 18.580 0.031
6541.57379 18.611 0.027
6541.61945 18.550 0.021
6543.53160 18.501 0.029
6543.58308 18.542 0.030
6543.62742 18.552 0.031
6544.51894 18.715 0.034
6544.56954 18.474 0.030
6545.48143 18.599 0.031
6545.52696 18.602 0.024
6545.57205 18.531 0.027
6545.61795 18.546 0.024
6546.48938 18.461 0.039
6546.55711 18.516 0.045
6546.60931 18.541 0.035
6547.56858 18.475 0.042
6547.61571 18.542 0.052
6551.56283 18.511 0.048
6552.55464 18.552 0.046
6553.58757 18.730 0.078
6555.58594 18.561 0.037
6556.64852 18.502 0.043
6558.52624 18.524 0.024
6558.56680 18.522 0.026
6558.61974 18.590 0.036
6559.51210 18.457 0.035
6559.56589 18.566 0.029
6559.61897 18.591 0.036
6560.52653 18.564 0.030
6560.57019 18.490 0.029
6560.62601 18.457 0.035
6561.53060 18.619 0.036
6561.57099 18.546 0.034
6562.52944 18.539 0.031
6562.57655 18.453 0.027
6562.62003 18.548 0.028
6563.54525 18.473 0.041
6563.59122 18.468 0.032
6563.62875 18.481 0.037
6564.52416 18.657 0.038
6564.56570 18.531 0.032
6565.53691 18.586 0.038
6565.59091 18.541 0.030
6568.52987 18.482 0.047
6568.57067 18.475 0.034
6569.52109 18.473 0.024
6569.56206 18.446 0.025
6569.60319 18.502 0.031
6570.53961 18.514 0.032
6571.48624 18.507 0.047
6571.54694 18.527 0.036
6571.59613 18.528 0.035
6572.51944 18.572 0.039
6572.57809 18.448 0.032
6573.50000 18.559 0.033
6573.54070 18.497 0.029
6573.58738 18.604 0.033
6577.52390 18.573 0.064
6577.56770 18.447 0.050
6578.50645 18.609 0.042
6578.56144 18.655 0.041
6579.48619 18.448 0.056
6579.54544 18.532 0.041
6580.50343 18.569 0.051
6581.50492 18.583 0.034
6581.56179 18.514 0.036
6582.51659 18.615 0.040
6582.56899 18.491 0.034
6583.52747 18.559 0.051
6583.56480 18.582 0.062
6584.52150 18.633 0.053
6584.56663 18.560 0.057
6585.52352 18.441 0.042
6590.52246 18.492 0.047
6590.54360 18.604 0.041
6593.49825 18.598 0.048
6593.51114 18.631 0.042
6595.52027 18.546 0.043
6600.50156 18.610 0.061
